Date,Time,Open,High,Low,Close,Volume
2002/05/06,08:46:00,6105,6105,6091,6091,139
2002/05/06,08:47:00,6090,6098,6090,6093,95
2002/05/06,08:48:00,6093,6099,6093,6099,56
2002/05/06,08:49:00,6098,6099,6097,6097,81
2002/05/06,08:50:00,6098,6101,6098,6101,66
2002/05/06,08:51:00,6102,6103,6100,6102,54
2002/05/06,08:52:00,6102,6103,6102,6103,41
2002/05/06,08:53:00,6103,6103,6099,6099,36
2002/05/06,08:54:00,6101,6102,6097,6097,76
2002/05/06,08:55:00,6096,6096,6093,6093,63
2002/05/06,08:56:00,6094,6094,6091,6091,61
2002/05/06,08:57:00,6090,6092,6085,6086,46
2002/05/06,08:58:00,6084,6086,6084,6086,48
2002/05/06,08:59:00,6084,6088,6084,6085,49
2002/05/06,09:00:00,6081,6085,6081,6083,56
2002/05/06,09:01:00,6080,6080,6078,6078,91
2002/05/06,09:02:00,6075,6079,6072,6079,52
2002/05/06,09:03:00,6079,6092,6076,6079,40
2002/05/06,09:04:00,6080,6083,6080,6082,26
2002/05/06,09:05:00,6086,6086,6081,6081,28
2002/05/06,09:06:00,6081,6083,6081,6083,33
2002/05/06,09:07:00,6082,6083,6069,6069,97
2002/05/06,09:08:00,6064,6069,6058,6060,131
2002/05/06,09:09:00,6063,6065,6063,6064,52
2002/05/06,09:10:00,6073,6073,6065,6072,67
2002/05/06,09:11:00,6071,6074,6071,6073,61
2002/05/06,09:12:00,6073,6073,6070,6071,27
2002/05/06,09:13:00,6070,6075,6070,6072,34
2002/05/06,09:14:00,6070,6070,6060,6060,100
2002/05/06,09:15:00,6058,6058,6058,6058,100
2002/05/06,09:16:00,6058,6064,6058,6063,74
2002/05/06,09:17:00,6060,6068,6059,6068,31
2002/05/06,09:18:00,6067,6068,6062,6062,22
2002/05/06,09:19:00,6060,6067,6060,6060,57
2002/05/06,09:20:00,6058,6058,6053,6053,154
2002/05/06,09:21:00,6053,6053,6043,6043,185
2002/05/06,09:22:00,6043,6043,6038,6038,159
2002/05/06,09:23:00,6038,6038,6033,6033,126
2002/05/06,09:24:00,6033,6039,6033,6039,143
2002/05/06,09:25:00,6038,6046,6038,6041,55
2002/05/06,09:26:00,6046,6046,6034,6034,69
2002/05/06,09:27:00,6038,6038,6028,6028,100
2002/05/06,09:28:00,6030,6030,6028,6028,121
2002/05/06,09:29:00,6023,6028,6023,6023,97
2002/05/06,09:30:00,6023,6023,6013,6013,186
2002/05/06,09:31:00,6014,6023,6014,6023,69
2002/05/06,09:32:00,6023,6028,6023,6028,65
2002/05/06,09:33:00,6026,6037,6026,6037,53
2002/05/06,09:34:00,6037,6038,6037,6038,34
2002/05/06,09:35:00,6038,6041,6038,6040,53
2002/05/06,09:36:00,6038,6042,6038,6042,34
2002/05/06,09:37:00,6041,6046,6041,6043,50
2002/05/06,09:38:00,6047,6048,6045,6048,46
2002/05/06,09:39:00,6048,6048,6045,6046,45
2002/05/06,09:40:00,6048,6048,6044,6044,42
2002/05/06,09:41:00,6043,6045,6041,6041,35
2002/05/06,09:42:00,6041,6041,6038,6038,39
2002/05/06,09:43:00,6041,6041,6038,6038,11
2002/05/06,09:44:00,6038,6039,6038,6038,17
2002/05/06,09:45:00,6038,6039,6038,6038,19
2002/05/06,09:46:00,6038,6038,6038,6038,53
2002/05/06,09:47:00,6038,6039,6034,6034,37
2002/05/06,09:48:00,6033,6038,6033,6038,35
2002/05/06,09:49:00,6041,6041,6038,6039,10
2002/05/06,09:50:00,6036,6043,6036,6043,15
2002/05/06,09:51:00,6043,6045,6043,6044,19
2002/05/06,09:52:00,6043,6043,6038,6038,64
2002/05/06,09:53:00,6036,6038,6034,6034,26
2002/05/06,09:54:00,6037,6037,6033,6033,68
2002/05/06,09:55:00,6032,6032,6029,6029,29
2002/05/06,09:56:00,6028,6029,6028,6028,72
2002/05/06,09:57:00,6028,6030,6028,6029,24
2002/05/06,09:58:00,6032,6038,6030,6031,23
2002/05/06,09:59:00,6035,6035,6032,6032,23
2002/05/06,10:00:00,6032,6037,6031,6037,36
2002/05/06,10:01:00,6030,6037,6030,6037,19
2002/05/06,10:02:00,6038,6038,6031,6031,14
2002/05/06,10:03:00,6033,6033,6031,6033,9
2002/05/06,10:04:00,6036,6036,6033,6033,17
2002/05/06,10:05:00,6033,6038,6033,6036,12
2002/05/06,10:06:00,6033,6033,6028,6028,86
2002/05/06,10:07:00,6028,6028,6020,6020,74
2002/05/06,10:08:00,6021,6021,6018,6018,85
2002/05/06,10:09:00,6018,6018,6014,6015,63
2002/05/06,10:10:00,6015,6023,6015,6023,52
2002/05/06,10:11:00,6018,6023,6018,6023,27
2002/05/06,10:12:00,6027,6027,6018,6019,22
2002/05/06,10:13:00,6020,6020,6016,6018,46
2002/05/06,10:14:00,6019,6022,6019,6019,20
2002/05/06,10:15:00,6020,6023,6020,6023,15
2002/05/06,10:16:00,6020,6033,6020,6031,41
2002/05/06,10:17:00,6030,6031,6025,6025,10
2002/05/06,10:18:00,6026,6031,6026,6026,16
2002/05/06,10:19:00,6027,6028,6026,6026,21
2002/05/06,10:20:00,6028,6031,6024,6031,14
2002/05/06,10:21:00,6028,6030,6028,6029,14
2002/05/06,10:22:00,6031,6032,6029,6029,38
2002/05/06,10:23:00,6032,6033,6030,6030,20
2002/05/06,10:24:00,6030,6036,6030,6033,20
2002/05/06,10:25:00,6035,6036,6035,6036,14
2002/05/06,10:26:00,6036,6036,6032,6033,18
2002/05/06,10:27:00,6033,6033,6029,6029,24
2002/05/06,10:28:00,6029,6029,6028,6028,27
2002/05/06,10:29:00,6024,6024,6018,6018,32
2002/05/06,10:30:00,6018,6018,6015,6015,48
2002/05/06,10:31:00,6021,6021,6013,6013,36
2002/05/06,10:32:00,6008,6008,5988,5998,95
2002/05/06,10:33:00,5993,5994,5987,5987,67
2002/05/06,10:34:00,5984,5984,5978,5980,193
2002/05/06,10:35:00,5978,5983,5978,5981,50
2002/05/06,10:36:00,5984,5987,5983,5987,49
2002/05/06,10:37:00,5986,5987,5983,5983,34
2002/05/06,10:38:00,5983,5983,5977,5977,81
2002/05/06,10:39:00,5971,5978,5969,5974,56
2002/05/06,10:40:00,5978,5983,5978,5983,39
2002/05/06,10:41:00,5983,5983,5979,5979,32
2002/05/06,10:42:00,5979,5983,5979,5983,26
2002/05/06,10:43:00,5982,5982,5978,5978,43
2002/05/06,10:44:00,5975,5977,5973,5974,43
2002/05/06,10:45:00,5977,5977,5970,5970,42
2002/05/06,10:46:00,5972,5974,5968,5974,45
2002/05/06,10:47:00,5977,5977,5974,5976,27
2002/05/06,10:48:00,5974,5978,5974,5978,35
2002/05/06,10:49:00,5979,5979,5973,5973,37
2002/05/06,10:50:00,5973,5973,5968,5968,46
2002/05/06,10:51:00,5969,5969,5958,5958,75
2002/05/06,10:52:00,5958,5959,5956,5956,39
2002/05/06,10:53:00,5958,5963,5957,5963,65
2002/05/06,10:54:00,5968,5973,5968,5969,47
2002/05/06,10:55:00,5969,5970,5968,5970,20
2002/05/06,10:56:00,5970,5970,5970,5970,20
2002/05/06,10:57:00,5969,5972,5968,5968,29
2002/05/06,10:58:00,5973,5973,5973,5973,19
2002/05/06,10:59:00,5974,5982,5974,5982,48
2002/05/06,11:00:00,5983,5984,5983,5983,32
2002/05/06,11:01:00,5984,5984,5982,5982,24
2002/05/06,11:02:00,5982,5982,5978,5978,37
2002/05/06,11:03:00,5979,5980,5973,5974,50
2002/05/06,11:04:00,5974,5977,5974,5974,38
2002/05/06,11:05:00,5977,5978,5976,5978,19
2002/05/06,11:06:00,5978,5980,5972,5972,22
2002/05/06,11:07:00,5973,5974,5973,5974,15
2002/05/06,11:08:00,5971,5978,5971,5978,15
2002/05/06,11:09:00,5971,5972,5970,5972,8
2002/05/06,11:10:00,5974,5978,5974,5978,17
2002/05/06,11:11:00,5980,5981,5979,5981,26
2002/05/06,11:12:00,5980,5980,5974,5974,13
2002/05/06,11:13:00,5980,5980,5973,5980,17
2002/05/06,11:14:00,5969,5973,5968,5972,31
2002/05/06,11:15:00,5973,5973,5968,5972,26
2002/05/06,11:16:00,5976,5976,5976,5976,3
2002/05/06,11:17:00,5976,5977,5972,5973,23
2002/05/06,11:18:00,5972,5973,5971,5973,17
2002/05/06,11:19:00,5969,5973,5968,5968,22
2002/05/06,11:20:00,5968,5968,5962,5962,40
2002/05/06,11:21:00,5958,5959,5958,5959,18
2002/05/06,11:22:00,5958,5958,5958,5958,27
2002/05/06,11:23:00,5958,5958,5953,5953,31
2002/05/06,11:24:00,5953,5954,5951,5951,33
2002/05/06,11:25:00,5951,5958,5945,5948,66
2002/05/06,11:26:00,5953,5954,5947,5954,38
2002/05/06,11:27:00,5951,5954,5950,5952,22
2002/05/06,11:28:00,5957,5961,5951,5954,26
2002/05/06,11:29:00,5956,5963,5956,5963,25
2002/05/06,11:30:00,5959,5963,5959,5960,12
2002/05/06,11:31:00,5960,5963,5960,5963,25
2002/05/06,11:32:00,5962,5962,5957,5957,16
2002/05/06,11:33:00,5956,5956,5948,5948,54
2002/05/06,11:34:00,5946,5946,5934,5934,120
2002/05/06,11:35:00,5937,5948,5937,5939,49
2002/05/06,11:36:00,5947,5947,5938,5938,38
2002/05/06,11:37:00,5936,5936,5922,5922,131
2002/05/06,11:38:00,5914,5915,5911,5915,85
2002/05/06,11:39:00,5914,5920,5908,5908,80
2002/05/06,11:40:00,5908,5912,5908,5912,68
2002/05/06,11:41:00,5912,5912,5908,5911,87
2002/05/06,11:42:00,5908,5912,5908,5911,93
2002/05/06,11:43:00,5911,5914,5910,5914,44
2002/05/06,11:44:00,5913,5913,5903,5903,114
2002/05/06,11:45:00,5898,5909,5898,5909,50
2002/05/06,11:46:00,5904,5908,5904,5908,21
2002/05/06,11:47:00,5908,5910,5908,5908,56
2002/05/06,11:48:00,5908,5908,5906,5907,20
2002/05/06,11:49:00,5908,5908,5903,5903,47
2002/05/06,11:50:00,5903,5903,5893,5893,54
2002/05/06,11:51:00,5889,5889,5884,5885,156
2002/05/06,11:52:00,5886,5886,5885,5885,80
2002/05/06,11:53:00,5888,5896,5888,5888,49
2002/05/06,11:54:00,5890,5890,5887,5888,15
2002/05/06,11:55:00,5888,5893,5888,5890,36
2002/05/06,11:56:00,5890,5893,5888,5888,46
2002/05/06,11:57:00,5896,5901,5896,5901,32
2002/05/06,11:58:00,5901,5901,5899,5900,40
2002/05/06,11:59:00,5896,5896,5894,5896,26
2002/05/06,12:00:00,5895,5898,5895,5898,15
2002/05/06,12:01:00,5900,5901,5898,5901,27
2002/05/06,12:02:00,5901,5901,5900,5901,35
2002/05/06,12:03:00,5901,5905,5901,5903,21
2002/05/06,12:04:00,5903,5903,5902,5902,26
2002/05/06,12:05:00,5901,5901,5894,5900,29
2002/05/06,12:06:00,5900,5900,5894,5898,16
2002/05/06,12:07:00,5898,5898,5893,5894,16
2002/05/06,12:08:00,5897,5902,5897,5898,33
2002/05/06,12:09:00,5898,5901,5898,5898,34
2002/05/06,12:10:00,5897,5900,5897,5898,25
2002/05/06,12:11:00,5898,5899,5898,5898,13
2002/05/06,12:12:00,5897,5901,5897,5898,17
2002/05/06,12:13:00,5902,5902,5899,5900,18
2002/05/06,12:14:00,5904,5907,5901,5907,29
2002/05/06,12:15:00,5908,5916,5908,5916,60
2002/05/06,12:16:00,5914,5914,5910,5912,25
2002/05/06,12:17:00,5911,5911,5906,5907,29
2002/05/06,12:18:00,5905,5905,5902,5902,17
2002/05/06,12:19:00,5903,5906,5903,5903,22
2002/05/06,12:20:00,5900,5900,5893,5893,51
2002/05/06,12:21:00,5889,5889,5878,5878,148
2002/05/06,12:22:00,5877,5877,5859,5864,130
2002/05/06,12:23:00,5866,5871,5866,5869,36
2002/05/06,12:24:00,5868,5878,5868,5878,66
2002/05/06,12:25:00,5878,5883,5874,5874,34
2002/05/06,12:26:00,5883,5883,5878,5879,27
2002/05/06,12:27:00,5879,5879,5879,5879,17
2002/05/06,12:28:00,5879,5887,5879,5880,31
2002/05/06,12:29:00,5883,5883,5878,5878,31
2002/05/06,12:30:00,5874,5874,5859,5859,101
2002/05/06,12:31:00,5858,5859,5854,5857,64
2002/05/06,12:32:00,5852,5856,5852,5855,59
2002/05/06,12:33:00,5857,5857,5851,5851,76
2002/05/06,12:34:00,5849,5851,5843,5843,130
2002/05/06,12:35:00,5843,5843,5836,5837,132
2002/05/06,12:36:00,5836,5838,5834,5838,101
2002/05/06,12:37:00,5838,5840,5836,5840,56
2002/05/06,12:38:00,5838,5841,5837,5841,90
2002/05/06,12:39:00,5843,5843,5835,5835,54
2002/05/06,12:40:00,5834,5834,5829,5829,77
2002/05/06,12:41:00,5828,5828,5819,5819,98
2002/05/06,12:42:00,5819,5819,5813,5813,103
2002/05/06,12:43:00,5813,5818,5813,5817,70
2002/05/06,12:44:00,5815,5832,5815,5832,67
2002/05/06,12:45:00,5828,5832,5828,5828,46
2002/05/06,12:46:00,5828,5831,5821,5821,39
2002/05/06,12:47:00,5820,5831,5820,5831,22
2002/05/06,12:48:00,5829,5832,5829,5832,36
2002/05/06,12:49:00,5829,5834,5828,5832,34
2002/05/06,12:50:00,5832,5832,5831,5832,26
2002/05/06,12:51:00,5830,5832,5828,5829,43
2002/05/06,12:52:00,5829,5834,5829,5833,22
2002/05/06,12:53:00,5829,5836,5829,5833,24
2002/05/06,12:54:00,5836,5836,5833,5833,23
2002/05/06,12:55:00,5833,5836,5833,5836,49
2002/05/06,12:56:00,5836,5848,5836,5848,80
2002/05/06,12:57:00,5857,5857,5853,5853,64
2002/05/06,12:58:00,5853,5853,5851,5853,30
2002/05/06,12:59:00,5853,5868,5853,5868,38
2002/05/06,13:00:00,5868,5870,5864,5867,51
2002/05/06,13:01:00,5867,5868,5864,5864,58
2002/05/06,13:02:00,5860,5864,5859,5864,58
2002/05/06,13:03:00,5864,5868,5864,5868,49
2002/05/06,13:04:00,5870,5876,5870,5874,52
2002/05/06,13:05:00,5875,5877,5874,5877,63
2002/05/06,13:06:00,5877,5878,5875,5878,99
2002/05/06,13:07:00,5878,5892,5878,5889,43
2002/05/06,13:08:00,5878,5888,5878,5886,45
2002/05/06,13:09:00,5879,5888,5879,5886,39
2002/05/06,13:10:00,5883,5886,5882,5885,28
2002/05/06,13:11:00,5883,5883,5880,5883,17
2002/05/06,13:12:00,5880,5887,5878,5878,34
2002/05/06,13:13:00,5886,5886,5880,5881,38
2002/05/06,13:14:00,5878,5878,5876,5876,54
2002/05/06,13:15:00,5873,5878,5873,5878,44
2002/05/06,13:16:00,5880,5883,5880,5882,29
2002/05/06,13:17:00,5883,5886,5880,5880,35
2002/05/06,13:18:00,5885,5885,5881,5884,28
2002/05/06,13:19:00,5883,5889,5883,5889,73
2002/05/06,13:20:00,5891,5895,5891,5893,47
2002/05/06,13:21:00,5893,5893,5888,5888,36
2002/05/06,13:22:00,5885,5885,5883,5883,36
2002/05/06,13:23:00,5879,5879,5874,5874,57
2002/05/06,13:24:00,5878,5882,5878,5882,26
2002/05/06,13:25:00,5882,5883,5878,5883,56
2002/05/06,13:26:00,5884,5888,5884,5888,43
2002/05/06,13:27:00,5888,5892,5888,5888,39
2002/05/06,13:28:00,5890,5892,5890,5890,54
2002/05/06,13:29:00,5891,5898,5891,5898,75
2002/05/06,13:30:00,5898,5903,5898,5902,72
2002/05/06,13:31:00,5899,5902,5898,5902,80
2002/05/06,13:32:00,5901,5903,5901,5902,49
2002/05/06,13:33:00,5902,5904,5902,5904,45
2002/05/06,13:34:00,5904,5906,5903,5904,61
2002/05/06,13:35:00,5905,5913,5905,5913,87
2002/05/06,13:36:00,5913,5913,5908,5911,47
2002/05/06,13:37:00,5915,5915,5913,5913,59
2002/05/06,13:38:00,5914,5914,5908,5913,53
2002/05/06,13:39:00,5912,5912,5909,5909,56
2002/05/06,13:40:00,5908,5909,5905,5905,86
2002/05/06,13:41:00,5902,5902,5902,5902,22
2002/05/06,13:42:00,5902,5902,5902,5902,0
2002/05/06,13:43:00,5902,5902,5902,5902,0
2002/05/06,13:44:00,5902,5902,5902,5902,0
2002/05/06,13:45:00,5893,5893,5893,5893,254
