Date,Time,Open,High,Low,Close,Volume
2005/12/09,08:46:00,7246,7246,7236,7244,287
2005/12/09,08:47:00,7244,7245,7236,7239,199
2005/12/09,08:48:00,7239,7242,7238,7241,219
2005/12/09,08:49:00,7237,7240,7237,7238,236
2005/12/09,08:50:00,7237,7240,7237,7238,221
2005/12/09,08:51:00,7236,7238,7231,7231,147
2005/12/09,08:52:00,7231,7235,7231,7231,156
2005/12/09,08:53:00,7232,7234,7231,7233,112
2005/12/09,08:54:00,7233,7234,7225,7230,154
2005/12/09,08:55:00,7229,7230,7227,7228,115
2005/12/09,08:56:00,7229,7229,7227,7228,68
2005/12/09,08:57:00,7228,7229,7226,7228,127
2005/12/09,08:58:00,7229,7231,7228,7230,97
2005/12/09,08:59:00,7231,7231,7230,7231,36
2005/12/09,09:00:00,7231,7233,7231,7233,40
2005/12/09,09:01:00,7234,7239,7234,7239,132
2005/12/09,09:02:00,7239,7241,7237,7239,222
2005/12/09,09:03:00,7237,7239,7237,7239,81
2005/12/09,09:04:00,7237,7241,7237,7241,68
2005/12/09,09:05:00,7239,7244,7239,7243,119
2005/12/09,09:06:00,7244,7244,7242,7243,185
2005/12/09,09:07:00,7242,7243,7240,7242,140
2005/12/09,09:08:00,7243,7245,7242,7245,108
2005/12/09,09:09:00,7245,7249,7244,7249,218
2005/12/09,09:10:00,7249,7252,7248,7252,160
2005/12/09,09:11:00,7251,7254,7250,7253,314
2005/12/09,09:12:00,7252,7254,7244,7244,153
2005/12/09,09:13:00,7246,7248,7245,7247,41
2005/12/09,09:14:00,7247,7248,7246,7246,62
2005/12/09,09:15:00,7246,7247,7245,7245,44
2005/12/09,09:16:00,7244,7245,7242,7244,53
2005/12/09,09:17:00,7243,7245,7243,7244,68
2005/12/09,09:18:00,7245,7249,7244,7249,116
2005/12/09,09:19:00,7249,7250,7246,7248,133
2005/12/09,09:20:00,7247,7248,7243,7243,97
2005/12/09,09:21:00,7243,7245,7239,7239,108
2005/12/09,09:22:00,7239,7241,7236,7238,124
2005/12/09,09:23:00,7238,7239,7237,7237,54
2005/12/09,09:24:00,7236,7237,7234,7234,79
2005/12/09,09:25:00,7234,7235,7232,7235,100
2005/12/09,09:26:00,7235,7238,7234,7237,67
2005/12/09,09:27:00,7236,7238,7236,7237,63
2005/12/09,09:28:00,7238,7239,7235,7236,79
2005/12/09,09:29:00,7236,7239,7236,7237,66
2005/12/09,09:30:00,7237,7238,7235,7237,69
2005/12/09,09:31:00,7237,7238,7234,7237,88
2005/12/09,09:32:00,7234,7234,7231,7231,92
2005/12/09,09:33:00,7231,7232,7230,7230,92
2005/12/09,09:34:00,7231,7238,7231,7237,126
2005/12/09,09:35:00,7237,7242,7237,7241,123
2005/12/09,09:36:00,7241,7241,7236,7236,56
2005/12/09,09:37:00,7238,7239,7236,7237,34
2005/12/09,09:38:00,7238,7239,7237,7239,15
2005/12/09,09:39:00,7238,7239,7238,7239,35
2005/12/09,09:40:00,7239,7241,7238,7240,22
2005/12/09,09:41:00,7240,7240,7238,7239,24
2005/12/09,09:42:00,7238,7239,7238,7238,16
2005/12/09,09:43:00,7238,7238,7237,7237,11
2005/12/09,09:44:00,7238,7239,7238,7239,34
2005/12/09,09:45:00,7239,7239,7238,7239,99
2005/12/09,09:46:00,7239,7240,7239,7240,54
2005/12/09,09:47:00,7240,7240,7237,7237,35
2005/12/09,09:48:00,7237,7238,7235,7235,47
2005/12/09,09:49:00,7235,7237,7231,7233,48
2005/12/09,09:50:00,7232,7235,7232,7233,69
2005/12/09,09:51:00,7233,7235,7233,7233,39
2005/12/09,09:52:00,7234,7234,7229,7230,116
2005/12/09,09:53:00,7229,7230,7225,7226,136
2005/12/09,09:54:00,7226,7227,7224,7227,205
2005/12/09,09:55:00,7227,7230,7225,7230,142
2005/12/09,09:56:00,7231,7233,7230,7230,85
2005/12/09,09:57:00,7230,7231,7230,7230,15
2005/12/09,09:58:00,7231,7231,7229,7229,21
2005/12/09,09:59:00,7229,7231,7227,7231,57
2005/12/09,10:00:00,7230,7233,7229,7233,45
2005/12/09,10:01:00,7233,7238,7230,7234,132
2005/12/09,10:02:00,7234,7234,7232,7234,8
2005/12/09,10:03:00,7232,7234,7231,7234,23
2005/12/09,10:04:00,7234,7234,7232,7232,7
2005/12/09,10:05:00,7232,7234,7232,7233,10
2005/12/09,10:06:00,7234,7234,7232,7233,13
2005/12/09,10:07:00,7234,7235,7234,7235,39
2005/12/09,10:08:00,7235,7236,7235,7235,12
2005/12/09,10:09:00,7235,7236,7234,7235,47
2005/12/09,10:10:00,7236,7237,7233,7234,66
2005/12/09,10:11:00,7234,7234,7233,7234,18
2005/12/09,10:12:00,7233,7234,7232,7232,21
2005/12/09,10:13:00,7232,7232,7229,7230,43
2005/12/09,10:14:00,7230,7230,7227,7228,42
2005/12/09,10:15:00,7226,7228,7225,7227,75
2005/12/09,10:16:00,7229,7231,7229,7230,17
2005/12/09,10:17:00,7229,7232,7229,7232,42
2005/12/09,10:18:00,7233,7235,7233,7235,24
2005/12/09,10:19:00,7235,7236,7234,7234,12
2005/12/09,10:20:00,7235,7235,7233,7234,26
2005/12/09,10:21:00,7232,7235,7232,7235,13
2005/12/09,10:22:00,7235,7236,7235,7236,58
2005/12/09,10:23:00,7237,7237,7234,7235,47
2005/12/09,10:24:00,7234,7237,7234,7237,56
2005/12/09,10:25:00,7237,7238,7236,7238,11
2005/12/09,10:26:00,7238,7238,7236,7238,51
2005/12/09,10:27:00,7238,7238,7237,7237,4
2005/12/09,10:28:00,7236,7237,7236,7236,12
2005/12/09,10:29:00,7237,7237,7237,7237,14
2005/12/09,10:30:00,7237,7238,7237,7237,22
2005/12/09,10:31:00,7238,7239,7237,7238,44
2005/12/09,10:32:00,7238,7239,7237,7238,55
2005/12/09,10:33:00,7239,7239,7238,7238,16
2005/12/09,10:34:00,7238,7238,7236,7236,35
2005/12/09,10:35:00,7238,7239,7237,7238,60
2005/12/09,10:36:00,7235,7239,7235,7237,72
2005/12/09,10:37:00,7237,7238,7237,7237,21
2005/12/09,10:38:00,7236,7237,7236,7237,53
2005/12/09,10:39:00,7238,7241,7237,7240,105
2005/12/09,10:40:00,7240,7240,7237,7237,68
2005/12/09,10:41:00,7238,7239,7237,7239,53
2005/12/09,10:42:00,7238,7239,7236,7236,108
2005/12/09,10:43:00,7237,7239,7236,7238,69
2005/12/09,10:44:00,7238,7240,7237,7239,131
2005/12/09,10:45:00,7239,7240,7239,7240,61
2005/12/09,10:46:00,7240,7244,7240,7244,109
2005/12/09,10:47:00,7243,7244,7240,7241,61
2005/12/09,10:48:00,7240,7242,7239,7241,72
2005/12/09,10:49:00,7241,7242,7240,7241,43
2005/12/09,10:50:00,7240,7242,7240,7241,37
2005/12/09,10:51:00,7241,7243,7240,7241,95
2005/12/09,10:52:00,7241,7242,7240,7242,46
2005/12/09,10:53:00,7241,7242,7240,7241,48
2005/12/09,10:54:00,7241,7241,7240,7240,50
2005/12/09,10:55:00,7239,7241,7239,7240,47
2005/12/09,10:56:00,7239,7240,7238,7239,64
2005/12/09,10:57:00,7239,7241,7237,7237,92
2005/12/09,10:58:00,7238,7238,7235,7235,39
2005/12/09,10:59:00,7237,7237,7235,7237,16
2005/12/09,11:00:00,7234,7237,7234,7234,24
2005/12/09,11:01:00,7234,7235,7233,7233,122
2005/12/09,11:02:00,7233,7235,7233,7235,78
2005/12/09,11:03:00,7234,7235,7233,7235,59
2005/12/09,11:04:00,7234,7240,7234,7235,87
2005/12/09,11:05:00,7234,7238,7232,7233,31
2005/12/09,11:06:00,7235,7239,7234,7239,29
2005/12/09,11:07:00,7238,7239,7233,7235,118
2005/12/09,11:08:00,7234,7234,7233,7234,73
2005/12/09,11:09:00,7234,7234,7231,7232,68
2005/12/09,11:10:00,7231,7234,7231,7233,66
2005/12/09,11:11:00,7233,7233,7231,7232,99
2005/12/09,11:12:00,7232,7233,7232,7232,68
2005/12/09,11:13:00,7231,7234,7230,7231,98
2005/12/09,11:14:00,7231,7233,7230,7231,172
2005/12/09,11:15:00,7231,7232,7229,7230,206
2005/12/09,11:16:00,7230,7232,7229,7229,145
2005/12/09,11:17:00,7228,7229,7228,7228,62
2005/12/09,11:18:00,7228,7231,7228,7231,67
2005/12/09,11:19:00,7231,7232,7230,7230,81
2005/12/09,11:20:00,7230,7230,7228,7228,119
2005/12/09,11:21:00,7227,7228,7226,7227,57
2005/12/09,11:22:00,7227,7227,7226,7226,45
2005/12/09,11:23:00,7225,7226,7224,7225,98
2005/12/09,11:24:00,7224,7224,7216,7217,238
2005/12/09,11:25:00,7217,7219,7214,7216,224
2005/12/09,11:26:00,7216,7221,7215,7221,116
2005/12/09,11:27:00,7221,7221,7217,7218,107
2005/12/09,11:28:00,7218,7219,7217,7219,33
2005/12/09,11:29:00,7219,7220,7218,7220,41
2005/12/09,11:30:00,7218,7221,7218,7221,33
2005/12/09,11:31:00,7221,7222,7220,7220,33
2005/12/09,11:32:00,7220,7221,7219,7220,99
2005/12/09,11:33:00,7219,7221,7219,7220,81
2005/12/09,11:34:00,7220,7220,7217,7218,147
2005/12/09,11:35:00,7217,7219,7216,7216,106
2005/12/09,11:36:00,7216,7218,7214,7215,166
2005/12/09,11:37:00,7214,7216,7213,7213,105
2005/12/09,11:38:00,7213,7214,7210,7210,176
2005/12/09,11:39:00,7210,7212,7208,7208,259
2005/12/09,11:40:00,7207,7209,7207,7207,160
2005/12/09,11:41:00,7208,7211,7208,7210,160
2005/12/09,11:42:00,7210,7210,7207,7208,134
2005/12/09,11:43:00,7208,7209,7205,7207,152
2005/12/09,11:44:00,7206,7207,7203,7204,231
2005/12/09,11:45:00,7203,7204,7189,7195,738
2005/12/09,11:46:00,7194,7199,7194,7196,267
2005/12/09,11:47:00,7196,7196,7192,7194,285
2005/12/09,11:48:00,7194,7199,7194,7199,166
2005/12/09,11:49:00,7198,7202,7198,7200,157
2005/12/09,11:50:00,7199,7202,7195,7197,179
2005/12/09,11:51:00,7197,7200,7196,7200,135
2005/12/09,11:52:00,7199,7204,7199,7202,175
2005/12/09,11:53:00,7204,7204,7202,7204,65
2005/12/09,11:54:00,7203,7205,7202,7204,82
2005/12/09,11:55:00,7205,7206,7203,7204,108
2005/12/09,11:56:00,7204,7204,7202,7202,49
2005/12/09,11:57:00,7203,7205,7201,7204,57
2005/12/09,11:58:00,7203,7208,7203,7208,176
2005/12/09,11:59:00,7208,7208,7204,7204,67
2005/12/09,12:00:00,7204,7205,7203,7205,38
2005/12/09,12:01:00,7205,7206,7203,7206,46
2005/12/09,12:02:00,7207,7207,7203,7204,54
2005/12/09,12:03:00,7204,7204,7203,7203,79
2005/12/09,12:04:00,7204,7204,7203,7204,49
2005/12/09,12:05:00,7204,7205,7204,7205,44
2005/12/09,12:06:00,7205,7206,7204,7205,38
2005/12/09,12:07:00,7204,7205,7204,7205,29
2005/12/09,12:08:00,7205,7207,7205,7206,73
2005/12/09,12:09:00,7207,7210,7207,7209,150
2005/12/09,12:10:00,7209,7210,7207,7209,76
2005/12/09,12:11:00,7209,7209,7207,7209,48
2005/12/09,12:12:00,7209,7209,7208,7209,35
2005/12/09,12:13:00,7210,7210,7209,7210,48
2005/12/09,12:14:00,7210,7213,7210,7213,82
2005/12/09,12:15:00,7213,7214,7212,7213,94
2005/12/09,12:16:00,7214,7216,7212,7216,61
2005/12/09,12:17:00,7216,7216,7214,7216,77
2005/12/09,12:18:00,7216,7216,7214,7215,86
2005/12/09,12:19:00,7215,7216,7214,7215,52
2005/12/09,12:20:00,7213,7214,7212,7212,70
2005/12/09,12:21:00,7211,7212,7211,7211,22
2005/12/09,12:22:00,7211,7212,7207,7207,106
2005/12/09,12:23:00,7209,7209,7207,7207,19
2005/12/09,12:24:00,7207,7209,7207,7209,3
2005/12/09,12:25:00,7209,7210,7208,7210,60
2005/12/09,12:26:00,7210,7214,7210,7212,41
2005/12/09,12:27:00,7213,7214,7212,7214,22
2005/12/09,12:28:00,7215,7216,7213,7214,18
2005/12/09,12:29:00,7215,7216,7214,7214,36
2005/12/09,12:30:00,7214,7216,7214,7216,15
2005/12/09,12:31:00,7216,7216,7215,7215,42
2005/12/09,12:32:00,7214,7215,7210,7210,66
2005/12/09,12:33:00,7210,7214,7210,7212,18
2005/12/09,12:34:00,7212,7214,7209,7209,45
2005/12/09,12:35:00,7210,7210,7208,7208,81
2005/12/09,12:36:00,7207,7208,7206,7206,87
2005/12/09,12:37:00,7206,7207,7206,7206,38
2005/12/09,12:38:00,7207,7207,7204,7204,57
2005/12/09,12:39:00,7204,7205,7202,7203,103
2005/12/09,12:40:00,7202,7204,7198,7199,184
2005/12/09,12:41:00,7199,7202,7197,7201,106
2005/12/09,12:42:00,7202,7204,7201,7204,111
2005/12/09,12:43:00,7204,7213,7204,7213,93
2005/12/09,12:44:00,7209,7216,7209,7213,87
2005/12/09,12:45:00,7214,7214,7211,7213,47
2005/12/09,12:46:00,7213,7214,7211,7213,59
2005/12/09,12:47:00,7214,7218,7213,7218,79
2005/12/09,12:48:00,7218,7225,7218,7225,240
2005/12/09,12:49:00,7224,7229,7224,7229,213
2005/12/09,12:50:00,7228,7232,7228,7232,213
2005/12/09,12:51:00,7230,7233,7228,7231,209
2005/12/09,12:52:00,7230,7232,7229,7231,144
2005/12/09,12:53:00,7231,7233,7229,7231,144
2005/12/09,12:54:00,7231,7240,7231,7239,371
2005/12/09,12:55:00,7239,7240,7237,7240,119
2005/12/09,12:56:00,7239,7242,7239,7242,136
2005/12/09,12:57:00,7240,7245,7240,7245,239
2005/12/09,12:58:00,7245,7249,7245,7248,385
2005/12/09,12:59:00,7248,7249,7247,7247,270
2005/12/09,13:00:00,7247,7249,7243,7244,118
2005/12/09,13:01:00,7244,7244,7240,7241,70
2005/12/09,13:02:00,7242,7246,7241,7246,178
2005/12/09,13:03:00,7246,7248,7243,7246,91
2005/12/09,13:04:00,7245,7246,7243,7243,49
2005/12/09,13:05:00,7243,7244,7242,7242,56
2005/12/09,13:06:00,7242,7243,7237,7240,144
2005/12/09,13:07:00,7240,7247,7240,7247,205
2005/12/09,13:08:00,7245,7248,7245,7248,162
2005/12/09,13:09:00,7248,7249,7244,7245,156
2005/12/09,13:10:00,7246,7249,7244,7244,135
2005/12/09,13:11:00,7244,7245,7241,7242,89
2005/12/09,13:12:00,7241,7242,7240,7240,77
2005/12/09,13:13:00,7240,7241,7237,7239,188
2005/12/09,13:14:00,7238,7240,7238,7240,121
2005/12/09,13:15:00,7240,7244,7240,7242,115
2005/12/09,13:16:00,7243,7244,7242,7243,51
2005/12/09,13:17:00,7240,7244,7240,7244,94
2005/12/09,13:18:00,7241,7243,7241,7242,21
2005/12/09,13:19:00,7242,7242,7240,7240,66
2005/12/09,13:20:00,7239,7241,7237,7239,119
2005/12/09,13:21:00,7238,7239,7237,7238,36
2005/12/09,13:22:00,7239,7240,7238,7240,56
2005/12/09,13:23:00,7240,7242,7239,7242,64
2005/12/09,13:24:00,7242,7244,7241,7243,31
2005/12/09,13:25:00,7243,7243,7241,7242,37
2005/12/09,13:26:00,7243,7244,7242,7243,107
2005/12/09,13:27:00,7243,7243,7238,7238,79
2005/12/09,13:28:00,7239,7239,7234,7236,117
2005/12/09,13:29:00,7236,7237,7235,7236,72
2005/12/09,13:30:00,7236,7237,7235,7236,99
2005/12/09,13:31:00,7236,7238,7235,7238,58
2005/12/09,13:32:00,7238,7239,7235,7235,46
2005/12/09,13:33:00,7236,7241,7235,7241,120
2005/12/09,13:34:00,7236,7238,7236,7238,32
2005/12/09,13:35:00,7237,7239,7237,7239,44
2005/12/09,13:36:00,7238,7239,7235,7238,172
2005/12/09,13:37:00,7238,7239,7236,7239,102
2005/12/09,13:38:00,7238,7239,7236,7237,106
2005/12/09,13:39:00,7237,7238,7235,7237,79
2005/12/09,13:40:00,7237,7238,7235,7236,74
2005/12/09,13:41:00,7236,7236,7236,7236,0
2005/12/09,13:42:00,7236,7236,7236,7236,0
2005/12/09,13:43:00,7236,7236,7236,7236,0
2005/12/09,13:44:00,7236,7236,7236,7236,0
2005/12/09,13:45:00,7229,7229,7229,7229,607
