Date,Time,Open,High,Low,Close,Volume
2005/12/12,08:46:00,7254,7261,7250,7254,464
2005/12/12,08:47:00,7254,7257,7251,7257,208
2005/12/12,08:48:00,7256,7259,7255,7259,201
2005/12/12,08:49:00,7259,7267,7259,7264,384
2005/12/12,08:50:00,7263,7265,7259,7261,114
2005/12/12,08:51:00,7259,7267,7259,7267,299
2005/12/12,08:52:00,7266,7267,7265,7267,147
2005/12/12,08:53:00,7266,7274,7266,7273,322
2005/12/12,08:54:00,7272,7274,7270,7271,138
2005/12/12,08:55:00,7270,7271,7267,7268,263
2005/12/12,08:56:00,7268,7269,7262,7266,126
2005/12/12,08:57:00,7265,7267,7263,7267,148
2005/12/12,08:58:00,7266,7268,7265,7265,187
2005/12/12,08:59:00,7266,7266,7264,7266,104
2005/12/12,09:00:00,7266,7268,7265,7266,86
2005/12/12,09:01:00,7266,7268,7258,7259,184
2005/12/12,09:02:00,7258,7259,7254,7256,169
2005/12/12,09:03:00,7256,7258,7253,7253,121
2005/12/12,09:04:00,7253,7254,7235,7243,246
2005/12/12,09:05:00,7241,7244,7237,7237,350
2005/12/12,09:06:00,7236,7239,7221,7229,303
2005/12/12,09:07:00,7229,7234,7224,7228,324
2005/12/12,09:08:00,7228,7234,7228,7231,68
2005/12/12,09:09:00,7231,7235,7231,7234,92
2005/12/12,09:10:00,7234,7236,7231,7234,154
2005/12/12,09:11:00,7232,7233,7230,7232,154
2005/12/12,09:12:00,7232,7232,7229,7230,249
2005/12/12,09:13:00,7229,7230,7225,7228,222
2005/12/12,09:14:00,7227,7232,7227,7232,98
2005/12/12,09:15:00,7233,7235,7232,7235,93
2005/12/12,09:16:00,7235,7236,7232,7232,87
2005/12/12,09:17:00,7232,7232,7227,7227,132
2005/12/12,09:18:00,7227,7229,7224,7226,225
2005/12/12,09:19:00,7225,7225,7209,7211,350
2005/12/12,09:20:00,7213,7214,7205,7206,263
2005/12/12,09:21:00,7205,7206,7193,7196,406
2005/12/12,09:22:00,7194,7196,7171,7186,594
2005/12/12,09:23:00,7184,7195,7184,7195,256
2005/12/12,09:24:00,7195,7196,7191,7194,202
2005/12/12,09:25:00,7194,7194,7179,7182,311
2005/12/12,09:26:00,7179,7184,7174,7184,328
2005/12/12,09:27:00,7182,7191,7182,7191,137
2005/12/12,09:28:00,7191,7193,7188,7189,144
2005/12/12,09:29:00,7189,7189,7186,7188,152
2005/12/12,09:30:00,7188,7189,7185,7189,96
2005/12/12,09:31:00,7189,7190,7188,7189,210
2005/12/12,09:32:00,7189,7191,7187,7190,101
2005/12/12,09:33:00,7190,7193,7190,7192,132
2005/12/12,09:34:00,7191,7193,7190,7193,131
2005/12/12,09:35:00,7192,7194,7191,7194,69
2005/12/12,09:36:00,7194,7198,7194,7196,119
2005/12/12,09:37:00,7196,7196,7191,7192,138
2005/12/12,09:38:00,7192,7193,7190,7191,69
2005/12/12,09:39:00,7190,7192,7189,7190,73
2005/12/12,09:40:00,7189,7191,7188,7189,156
2005/12/12,09:41:00,7188,7191,7188,7191,55
2005/12/12,09:42:00,7190,7195,7190,7195,92
2005/12/12,09:43:00,7195,7197,7195,7197,51
2005/12/12,09:44:00,7197,7203,7196,7203,121
2005/12/12,09:45:00,7203,7206,7196,7196,96
2005/12/12,09:46:00,7196,7197,7195,7197,41
2005/12/12,09:47:00,7197,7201,7197,7199,14
2005/12/12,09:48:00,7199,7201,7199,7201,60
2005/12/12,09:49:00,7199,7200,7197,7197,42
2005/12/12,09:50:00,7197,7199,7196,7197,29
2005/12/12,09:51:00,7197,7199,7196,7198,29
2005/12/12,09:52:00,7198,7199,7196,7197,31
2005/12/12,09:53:00,7197,7197,7195,7195,37
2005/12/12,09:54:00,7196,7196,7194,7195,34
2005/12/12,09:55:00,7194,7195,7194,7194,47
2005/12/12,09:56:00,7194,7195,7193,7194,21
2005/12/12,09:57:00,7194,7195,7193,7194,27
2005/12/12,09:58:00,7194,7196,7194,7196,50
2005/12/12,09:59:00,7196,7197,7195,7197,27
2005/12/12,10:00:00,7197,7198,7197,7198,20
2005/12/12,10:01:00,7198,7199,7198,7199,33
2005/12/12,10:02:00,7199,7200,7198,7200,39
2005/12/12,10:03:00,7201,7201,7197,7198,23
2005/12/12,10:04:00,7198,7198,7194,7194,83
2005/12/12,10:05:00,7194,7197,7192,7193,51
2005/12/12,10:06:00,7193,7198,7193,7198,22
2005/12/12,10:07:00,7196,7198,7194,7195,32
2005/12/12,10:08:00,7195,7197,7194,7196,26
2005/12/12,10:09:00,7196,7197,7194,7197,43
2005/12/12,10:10:00,7196,7197,7195,7197,5
2005/12/12,10:11:00,7197,7201,7195,7201,88
2005/12/12,10:12:00,7201,7214,7201,7210,407
2005/12/12,10:13:00,7211,7213,7209,7209,101
2005/12/12,10:14:00,7209,7212,7209,7210,31
2005/12/12,10:15:00,7210,7213,7209,7213,73
2005/12/12,10:16:00,7213,7229,7213,7227,572
2005/12/12,10:17:00,7227,7227,7222,7223,203
2005/12/12,10:18:00,7222,7223,7219,7221,140
2005/12/12,10:19:00,7219,7220,7214,7220,89
2005/12/12,10:20:00,7219,7221,7219,7221,63
2005/12/12,10:21:00,7221,7222,7220,7221,41
2005/12/12,10:22:00,7222,7229,7220,7228,254
2005/12/12,10:23:00,7229,7229,7225,7226,148
2005/12/12,10:24:00,7225,7226,7220,7220,104
2005/12/12,10:25:00,7220,7222,7220,7221,64
2005/12/12,10:26:00,7223,7228,7222,7224,67
2005/12/12,10:27:00,7225,7226,7223,7225,23
2005/12/12,10:28:00,7225,7225,7219,7219,43
2005/12/12,10:29:00,7219,7222,7219,7219,58
2005/12/12,10:30:00,7219,7223,7217,7218,128
2005/12/12,10:31:00,7217,7224,7217,7222,72
2005/12/12,10:32:00,7223,7224,7222,7222,23
2005/12/12,10:33:00,7223,7223,7219,7219,35
2005/12/12,10:34:00,7219,7221,7218,7218,49
2005/12/12,10:35:00,7218,7219,7215,7215,53
2005/12/12,10:36:00,7215,7216,7212,7214,68
2005/12/12,10:37:00,7212,7214,7212,7212,76
2005/12/12,10:38:00,7212,7213,7211,7213,41
2005/12/12,10:39:00,7212,7214,7212,7214,52
2005/12/12,10:40:00,7214,7218,7213,7218,54
2005/12/12,10:41:00,7218,7227,7215,7216,125
2005/12/12,10:42:00,7216,7219,7214,7218,21
2005/12/12,10:43:00,7215,7216,7213,7214,61
2005/12/12,10:44:00,7214,7216,7214,7216,6
2005/12/12,10:45:00,7216,7217,7215,7215,16
2005/12/12,10:46:00,7215,7217,7215,7215,38
2005/12/12,10:47:00,7215,7216,7214,7215,13
2005/12/12,10:48:00,7215,7217,7215,7217,28
2005/12/12,10:49:00,7216,7219,7216,7219,32
2005/12/12,10:50:00,7219,7221,7219,7219,24
2005/12/12,10:51:00,7221,7221,7218,7219,13
2005/12/12,10:52:00,7219,7219,7218,7218,10
2005/12/12,10:53:00,7218,7219,7217,7217,23
2005/12/12,10:54:00,7217,7218,7215,7215,22
2005/12/12,10:55:00,7215,7223,7212,7223,159
2005/12/12,10:56:00,7222,7222,7212,7214,78
2005/12/12,10:57:00,7215,7215,7214,7214,26
2005/12/12,10:58:00,7213,7214,7213,7213,27
2005/12/12,10:59:00,7213,7213,7209,7210,80
2005/12/12,11:00:00,7209,7209,7206,7209,156
2005/12/12,11:01:00,7207,7213,7207,7210,76
2005/12/12,11:02:00,7210,7211,7210,7210,21
2005/12/12,11:03:00,7210,7210,7208,7208,33
2005/12/12,11:04:00,7209,7209,7208,7209,86
2005/12/12,11:05:00,7209,7211,7209,7210,53
2005/12/12,11:06:00,7211,7212,7210,7211,66
2005/12/12,11:07:00,7211,7212,7211,7212,10
2005/12/12,11:08:00,7213,7215,7212,7215,60
2005/12/12,11:09:00,7216,7216,7214,7216,28
2005/12/12,11:10:00,7216,7217,7214,7216,19
2005/12/12,11:11:00,7216,7217,7215,7217,14
2005/12/12,11:12:00,7216,7217,7215,7216,19
2005/12/12,11:13:00,7215,7217,7215,7217,16
2005/12/12,11:14:00,7216,7217,7215,7217,20
2005/12/12,11:15:00,7217,7222,7217,7222,67
2005/12/12,11:16:00,7223,7228,7222,7227,279
2005/12/12,11:17:00,7228,7229,7226,7229,213
2005/12/12,11:18:00,7230,7231,7226,7229,104
2005/12/12,11:19:00,7227,7229,7227,7229,42
2005/12/12,11:20:00,7227,7228,7226,7226,26
2005/12/12,11:21:00,7225,7227,7222,7222,44
2005/12/12,11:22:00,7221,7225,7217,7221,55
2005/12/12,11:23:00,7221,7222,7218,7221,22
2005/12/12,11:24:00,7220,7220,7219,7219,65
2005/12/12,11:25:00,7220,7221,7219,7221,43
2005/12/12,11:26:00,7222,7224,7221,7222,12
2005/12/12,11:27:00,7222,7223,7221,7222,13
2005/12/12,11:28:00,7223,7224,7222,7224,15
2005/12/12,11:29:00,7224,7226,7224,7226,40
2005/12/12,11:30:00,7226,7227,7225,7226,32
2005/12/12,11:31:00,7227,7227,7225,7226,23
2005/12/12,11:32:00,7226,7226,7224,7225,14
2005/12/12,11:33:00,7225,7226,7224,7225,22
2005/12/12,11:34:00,7226,7226,7224,7224,21
2005/12/12,11:35:00,7224,7225,7224,7225,7
2005/12/12,11:36:00,7225,7225,7224,7224,10
2005/12/12,11:37:00,7224,7225,7222,7223,24
2005/12/12,11:38:00,7223,7223,7221,7221,31
2005/12/12,11:39:00,7220,7223,7219,7223,51
2005/12/12,11:40:00,7219,7223,7219,7220,12
2005/12/12,11:41:00,7219,7221,7219,7221,9
2005/12/12,11:42:00,7221,7222,7214,7216,146
2005/12/12,11:43:00,7216,7223,7215,7219,26
2005/12/12,11:44:00,7219,7219,7217,7217,19
2005/12/12,11:45:00,7217,7223,7217,7219,27
2005/12/12,11:46:00,7220,7222,7220,7222,21
2005/12/12,11:47:00,7220,7223,7219,7223,21
2005/12/12,11:48:00,7221,7222,7221,7221,5
2005/12/12,11:49:00,7222,7223,7221,7223,16
2005/12/12,11:50:00,7223,7223,7222,7222,7
2005/12/12,11:51:00,7223,7223,7222,7222,5
2005/12/12,11:52:00,7223,7223,7222,7222,9
2005/12/12,11:53:00,7223,7223,7222,7223,33
2005/12/12,11:54:00,7223,7224,7223,7224,42
2005/12/12,11:55:00,7224,7226,7224,7226,25
2005/12/12,11:56:00,7226,7228,7225,7227,79
2005/12/12,11:57:00,7228,7232,7228,7232,138
2005/12/12,11:58:00,7232,7237,7230,7234,175
2005/12/12,11:59:00,7236,7239,7234,7239,147
2005/12/12,12:00:00,7239,7239,7236,7237,132
2005/12/12,12:01:00,7237,7237,7234,7234,90
2005/12/12,12:02:00,7231,7234,7231,7234,33
2005/12/12,12:03:00,7234,7234,7232,7232,46
2005/12/12,12:04:00,7232,7233,7231,7232,72
2005/12/12,12:05:00,7229,7233,7229,7232,39
2005/12/12,12:06:00,7231,7232,7231,7232,31
2005/12/12,12:07:00,7231,7234,7231,7233,28
2005/12/12,12:08:00,7233,7234,7232,7234,14
2005/12/12,12:09:00,7234,7236,7233,7236,83
2005/12/12,12:10:00,7237,7238,7234,7236,33
2005/12/12,12:11:00,7236,7237,7233,7234,61
2005/12/12,12:12:00,7234,7234,7232,7232,43
2005/12/12,12:13:00,7232,7232,7231,7231,8
2005/12/12,12:14:00,7231,7236,7231,7236,59
2005/12/12,12:15:00,7236,7236,7232,7232,16
2005/12/12,12:16:00,7233,7236,7232,7233,38
2005/12/12,12:17:00,7234,7234,7232,7233,8
2005/12/12,12:18:00,7233,7233,7232,7233,15
2005/12/12,12:19:00,7231,7232,7231,7232,11
2005/12/12,12:20:00,7232,7234,7231,7234,38
2005/12/12,12:21:00,7234,7234,7230,7231,24
2005/12/12,12:22:00,7231,7231,7231,7231,21
2005/12/12,12:23:00,7231,7231,7230,7230,68
2005/12/12,12:24:00,7230,7230,7225,7226,123
2005/12/12,12:25:00,7226,7228,7226,7227,51
2005/12/12,12:26:00,7227,7227,7226,7227,16
2005/12/12,12:27:00,7227,7228,7226,7227,30
2005/12/12,12:28:00,7227,7227,7226,7226,12
2005/12/12,12:29:00,7226,7227,7218,7218,142
2005/12/12,12:30:00,7219,7222,7218,7222,139
2005/12/12,12:31:00,7220,7224,7220,7223,188
2005/12/12,12:32:00,7220,7224,7218,7219,84
2005/12/12,12:33:00,7222,7223,7221,7223,37
2005/12/12,12:34:00,7223,7226,7222,7224,67
2005/12/12,12:35:00,7224,7226,7221,7223,19
2005/12/12,12:36:00,7224,7226,7223,7226,19
2005/12/12,12:37:00,7225,7228,7223,7227,68
2005/12/12,12:38:00,7228,7228,7225,7225,6
2005/12/12,12:39:00,7226,7226,7223,7224,53
2005/12/12,12:40:00,7224,7228,7224,7228,15
2005/12/12,12:41:00,7228,7229,7225,7229,46
2005/12/12,12:42:00,7229,7229,7228,7228,10
2005/12/12,12:43:00,7229,7230,7228,7228,40
2005/12/12,12:44:00,7229,7231,7229,7230,20
2005/12/12,12:45:00,7231,7233,7230,7233,26
2005/12/12,12:46:00,7234,7236,7230,7233,85
2005/12/12,12:47:00,7233,7238,7232,7238,123
2005/12/12,12:48:00,7237,7242,7237,7242,270
2005/12/12,12:49:00,7242,7243,7240,7243,113
2005/12/12,12:50:00,7241,7244,7241,7243,147
2005/12/12,12:51:00,7242,7244,7241,7244,96
2005/12/12,12:52:00,7244,7244,7239,7239,130
2005/12/12,12:53:00,7239,7239,7237,7239,59
2005/12/12,12:54:00,7237,7242,7237,7242,58
2005/12/12,12:55:00,7240,7244,7240,7244,54
2005/12/12,12:56:00,7244,7245,7243,7245,73
2005/12/12,12:57:00,7244,7247,7243,7247,80
2005/12/12,12:58:00,7244,7247,7244,7245,52
2005/12/12,12:59:00,7246,7249,7245,7249,231
2005/12/12,13:00:00,7249,7251,7248,7249,116
2005/12/12,13:01:00,7249,7255,7249,7250,213
2005/12/12,13:02:00,7251,7251,7247,7247,114
2005/12/12,13:03:00,7245,7248,7245,7248,53
2005/12/12,13:04:00,7248,7250,7248,7250,53
2005/12/12,13:05:00,7249,7251,7249,7250,45
2005/12/12,13:06:00,7249,7250,7246,7246,56
2005/12/12,13:07:00,7246,7247,7243,7243,68
2005/12/12,13:08:00,7243,7246,7243,7244,45
2005/12/12,13:09:00,7243,7245,7242,7245,41
2005/12/12,13:10:00,7245,7249,7244,7248,59
2005/12/12,13:11:00,7247,7247,7244,7244,33
2005/12/12,13:12:00,7244,7245,7243,7243,51
2005/12/12,13:13:00,7243,7245,7242,7242,39
2005/12/12,13:14:00,7242,7243,7241,7241,56
2005/12/12,13:15:00,7242,7242,7241,7242,42
2005/12/12,13:16:00,7241,7248,7241,7248,156
2005/12/12,13:17:00,7249,7251,7249,7251,188
2005/12/12,13:18:00,7250,7253,7250,7251,175
2005/12/12,13:19:00,7252,7261,7250,7260,295
2005/12/12,13:20:00,7259,7265,7259,7261,244
2005/12/12,13:21:00,7264,7265,7261,7263,230
2005/12/12,13:22:00,7261,7264,7257,7259,117
2005/12/12,13:23:00,7260,7260,7257,7258,38
2005/12/12,13:24:00,7259,7261,7258,7259,48
2005/12/12,13:25:00,7258,7259,7258,7259,43
2005/12/12,13:26:00,7258,7259,7257,7258,37
2005/12/12,13:27:00,7258,7260,7257,7259,210
2005/12/12,13:28:00,7259,7259,7257,7258,121
2005/12/12,13:29:00,7258,7258,7256,7258,88
2005/12/12,13:30:00,7256,7256,7253,7255,66
2005/12/12,13:31:00,7254,7258,7250,7251,262
2005/12/12,13:32:00,7253,7257,7253,7256,55
2005/12/12,13:33:00,7256,7258,7256,7258,66
2005/12/12,13:34:00,7258,7260,7258,7260,90
2005/12/12,13:35:00,7259,7261,7258,7259,116
2005/12/12,13:36:00,7259,7261,7258,7261,76
2005/12/12,13:37:00,7260,7261,7259,7260,106
2005/12/12,13:38:00,7261,7262,7260,7262,134
2005/12/12,13:39:00,7262,7263,7261,7261,113
2005/12/12,13:40:00,7261,7263,7260,7262,186
2005/12/12,13:41:00,7262,7262,7262,7262,0
2005/12/12,13:42:00,7262,7262,7262,7262,0
2005/12/12,13:43:00,7262,7262,7262,7262,0
2005/12/12,13:44:00,7262,7262,7262,7262,0
2005/12/12,13:45:00,7262,7262,7262,7262,651
