Date,Time,Open,High,Low,Close,Volume
2020/07/01,08:46:00,19832,19834,19824,19828,1316
2020/07/01,08:47:00,19830,19830,19824,19826,455
2020/07/01,08:48:00,19826,19831,19822,19831,376
2020/07/01,08:49:00,19831,19833,19827,19832,467
2020/07/01,08:50:00,19833,19839,19831,19839,488
2020/07/01,08:51:00,19839,19840,19836,19840,501
2020/07/01,08:52:00,19841,19843,19840,19842,433
2020/07/01,08:53:00,19843,19844,19841,19842,225
2020/07/01,08:54:00,19842,19846,19841,19845,281
2020/07/01,08:55:00,19845,19846,19841,19841,350
2020/07/01,08:56:00,19840,19844,19839,19842,308
2020/07/01,08:57:00,19841,19841,19838,19841,279
2020/07/01,08:58:00,19841,19843,19839,19839,172
2020/07/01,08:59:00,19839,19845,19839,19845,199
2020/07/01,09:00:00,19844,19849,19844,19848,459
2020/07/01,09:01:00,19847,19862,19847,19862,1825
2020/07/01,09:02:00,19861,19865,19854,19860,1027
2020/07/01,09:03:00,19859,19870,19856,19869,1209
2020/07/01,09:04:00,19869,19871,19865,19870,1007
2020/07/01,09:05:00,19870,19871,19860,19869,615
2020/07/01,09:06:00,19869,19879,19869,19875,1338
2020/07/01,09:07:00,19874,19876,19870,19871,527
2020/07/01,09:08:00,19871,19871,19865,19871,527
2020/07/01,09:09:00,19871,19885,19870,19884,1411
2020/07/01,09:10:00,19883,19892,19883,19888,1390
2020/07/01,09:11:00,19890,19899,19889,19897,1509
2020/07/01,09:12:00,19898,19901,19892,19896,1008
2020/07/01,09:13:00,19896,19905,19896,19902,1252
2020/07/01,09:14:00,19902,19910,19902,19909,1167
2020/07/01,09:15:00,19909,19913,19904,19911,1039
2020/07/01,09:16:00,19910,19918,19910,19916,1682
2020/07/01,09:17:00,19916,19918,19907,19908,760
2020/07/01,09:18:00,19909,19911,19900,19906,760
2020/07/01,09:19:00,19907,19909,19900,19902,513
2020/07/01,09:20:00,19902,19905,19896,19898,607
2020/07/01,09:21:00,19898,19904,19897,19903,448
2020/07/01,09:22:00,19904,19909,19892,19897,964
2020/07/01,09:23:00,19896,19902,19896,19901,355
2020/07/01,09:24:00,19900,19904,19898,19898,245
2020/07/01,09:25:00,19898,19904,19897,19900,318
2020/07/01,09:26:00,19900,19908,19899,19903,560
2020/07/01,09:27:00,19902,19915,19902,19909,973
2020/07/01,09:28:00,19910,19924,19909,19919,2210
2020/07/01,09:29:00,19919,19929,19919,19928,1102
2020/07/01,09:30:00,19927,19932,19926,19930,1052
2020/07/01,09:31:00,19930,19931,19913,19918,1070
2020/07/01,09:32:00,19920,19922,19918,19921,355
2020/07/01,09:33:00,19921,19926,19918,19919,460
2020/07/01,09:34:00,19920,19924,19920,19922,329
2020/07/01,09:35:00,19921,19926,19921,19922,357
2020/07/01,09:36:00,19924,19934,19924,19927,1198
2020/07/01,09:37:00,19927,19932,19927,19929,319
2020/07/01,09:38:00,19929,19932,19924,19924,316
2020/07/01,09:39:00,19925,19926,19923,19925,295
2020/07/01,09:40:00,19925,19929,19923,19924,181
2020/07/01,09:41:00,19924,19925,19921,19923,215
2020/07/01,09:42:00,19923,19936,19923,19931,970
2020/07/01,09:43:00,19932,19933,19926,19930,326
2020/07/01,09:44:00,19929,19930,19926,19928,120
2020/07/01,09:45:00,19929,19935,19928,19933,454
2020/07/01,09:46:00,19933,19940,19933,19937,1390
2020/07/01,09:47:00,19937,19938,19928,19929,467
2020/07/01,09:48:00,19929,19930,19921,19922,426
2020/07/01,09:49:00,19922,19925,19922,19924,325
2020/07/01,09:50:00,19923,19925,19920,19922,244
2020/07/01,09:51:00,19922,19927,19922,19927,323
2020/07/01,09:52:00,19927,19930,19926,19928,213
2020/07/01,09:53:00,19927,19929,19920,19921,246
2020/07/01,09:54:00,19920,19923,19917,19923,375
2020/07/01,09:55:00,19924,19924,19917,19917,243
2020/07/01,09:56:00,19917,19922,19916,19920,266
2020/07/01,09:57:00,19920,19925,19919,19925,146
2020/07/01,09:58:00,19925,19925,19923,19924,67
2020/07/01,09:59:00,19924,19927,19923,19926,144
2020/07/01,10:00:00,19926,19928,19925,19927,118
2020/07/01,10:01:00,19927,19934,19927,19930,403
2020/07/01,10:02:00,19931,19933,19930,19931,192
2020/07/01,10:03:00,19931,19935,19931,19933,182
2020/07/01,10:04:00,19933,19937,19933,19934,376
2020/07/01,10:05:00,19934,19936,19934,19936,94
2020/07/01,10:06:00,19936,19939,19934,19936,322
2020/07/01,10:07:00,19937,19943,19937,19940,517
2020/07/01,10:08:00,19940,19941,19937,19937,198
2020/07/01,10:09:00,19937,19939,19935,19936,163
2020/07/01,10:10:00,19937,19938,19932,19932,254
2020/07/01,10:11:00,19933,19935,19933,19934,150
2020/07/01,10:12:00,19933,19936,19933,19934,127
2020/07/01,10:13:00,19934,19935,19933,19934,85
2020/07/01,10:14:00,19934,19938,19928,19928,298
2020/07/01,10:15:00,19928,19929,19926,19927,278
2020/07/01,10:16:00,19927,19929,19926,19928,170
2020/07/01,10:17:00,19928,19929,19926,19927,102
2020/07/01,10:18:00,19927,19927,19925,19926,91
2020/07/01,10:19:00,19926,19927,19924,19924,190
2020/07/01,10:20:00,19924,19928,19923,19926,122
2020/07/01,10:21:00,19925,19927,19924,19924,188
2020/07/01,10:22:00,19924,19927,19922,19927,143
2020/07/01,10:23:00,19927,19928,19924,19924,70
2020/07/01,10:24:00,19924,19926,19924,19925,41
2020/07/01,10:25:00,19925,19925,19923,19924,92
2020/07/01,10:26:00,19925,19931,19924,19931,217
2020/07/01,10:27:00,19931,19934,19931,19933,295
2020/07/01,10:28:00,19933,19934,19932,19933,98
2020/07/01,10:29:00,19932,19933,19930,19930,92
2020/07/01,10:30:00,19930,19931,19926,19929,138
2020/07/01,10:31:00,19928,19934,19928,19934,140
2020/07/01,10:32:00,19933,19934,19923,19925,206
2020/07/01,10:33:00,19925,19925,19920,19923,389
2020/07/01,10:34:00,19923,19928,19922,19924,259
2020/07/01,10:35:00,19925,19928,19924,19928,128
2020/07/01,10:36:00,19928,19928,19926,19926,80
2020/07/01,10:37:00,19926,19930,19924,19929,151
2020/07/01,10:38:00,19929,19933,19929,19931,153
2020/07/01,10:39:00,19930,19934,19930,19931,125
2020/07/01,10:40:00,19930,19930,19928,19930,92
2020/07/01,10:41:00,19930,19931,19928,19931,83
2020/07/01,10:42:00,19930,19932,19929,19932,69
2020/07/01,10:43:00,19931,19932,19927,19928,65
2020/07/01,10:44:00,19927,19931,19926,19930,91
2020/07/01,10:45:00,19931,19932,19930,19932,87
2020/07/01,10:46:00,19932,19935,19931,19934,231
2020/07/01,10:47:00,19934,19934,19932,19932,57
2020/07/01,10:48:00,19933,19933,19930,19931,79
2020/07/01,10:49:00,19932,19932,19929,19930,78
2020/07/01,10:50:00,19930,19933,19930,19933,65
2020/07/01,10:51:00,19933,19934,19931,19933,65
2020/07/01,10:52:00,19933,19934,19932,19934,80
2020/07/01,10:53:00,19934,19937,19934,19936,218
2020/07/01,10:54:00,19935,19937,19934,19936,91
2020/07/01,10:55:00,19936,19937,19936,19937,72
2020/07/01,10:56:00,19937,19939,19933,19934,270
2020/07/01,10:57:00,19934,19934,19932,19933,67
2020/07/01,10:58:00,19932,19933,19930,19932,90
2020/07/01,10:59:00,19931,19941,19931,19940,908
2020/07/01,11:00:00,19940,19950,19939,19947,1208
2020/07/01,11:01:00,19948,19948,19943,19944,408
2020/07/01,11:02:00,19943,19947,19943,19946,178
2020/07/01,11:03:00,19946,19948,19946,19947,170
2020/07/01,11:04:00,19946,19953,19946,19949,629
2020/07/01,11:05:00,19948,19953,19948,19953,287
2020/07/01,11:06:00,19953,19954,19952,19952,284
2020/07/01,11:07:00,19953,19956,19951,19956,368
2020/07/01,11:08:00,19956,19958,19954,19954,270
2020/07/01,11:09:00,19955,19955,19952,19952,112
2020/07/01,11:10:00,19953,19954,19952,19952,96
2020/07/01,11:11:00,19953,19955,19953,19955,158
2020/07/01,11:12:00,19956,19960,19955,19960,322
2020/07/01,11:13:00,19960,19962,19956,19961,475
2020/07/01,11:14:00,19962,19965,19960,19964,350
2020/07/01,11:15:00,19964,19965,19961,19962,224
2020/07/01,11:16:00,19963,19964,19962,19964,137
2020/07/01,11:17:00,19964,19966,19963,19965,286
2020/07/01,11:18:00,19965,19968,19965,19967,270
2020/07/01,11:19:00,19967,19970,19964,19964,452
2020/07/01,11:20:00,19965,19966,19962,19962,196
2020/07/01,11:21:00,19962,19963,19960,19961,268
2020/07/01,11:22:00,19960,19962,19959,19959,122
2020/07/01,11:23:00,19960,19961,19959,19961,96
2020/07/01,11:24:00,19962,19964,19961,19962,90
2020/07/01,11:25:00,19961,19961,19957,19958,241
2020/07/01,11:26:00,19957,19959,19957,19959,93
2020/07/01,11:27:00,19959,19962,19958,19962,110
2020/07/01,11:28:00,19961,19964,19960,19960,144
2020/07/01,11:29:00,19960,19963,19960,19962,57
2020/07/01,11:30:00,19962,19964,19961,19963,80
2020/07/01,11:31:00,19962,19963,19958,19959,141
2020/07/01,11:32:00,19959,19960,19956,19956,103
2020/07/01,11:33:00,19956,19960,19956,19960,122
2020/07/01,11:34:00,19960,19962,19959,19962,75
2020/07/01,11:35:00,19962,19962,19960,19961,48
2020/07/01,11:36:00,19961,19964,19961,19961,109
2020/07/01,11:37:00,19962,19962,19960,19962,61
2020/07/01,11:38:00,19962,19963,19961,19962,39
2020/07/01,11:39:00,19963,19965,19961,19962,72
2020/07/01,11:40:00,19962,19962,19960,19960,47
2020/07/01,11:41:00,19960,19963,19960,19962,47
2020/07/01,11:42:00,19961,19962,19961,19961,67
2020/07/01,11:43:00,19961,19962,19961,19961,19
2020/07/01,11:44:00,19961,19963,19961,19963,86
2020/07/01,11:45:00,19962,19963,19962,19963,53
2020/07/01,11:46:00,19963,19964,19962,19963,161
2020/07/01,11:47:00,19964,19964,19963,19963,38
2020/07/01,11:48:00,19963,19964,19963,19963,46
2020/07/01,11:49:00,19963,19964,19963,19964,43
2020/07/01,11:50:00,19964,19966,19964,19966,120
2020/07/01,11:51:00,19966,19971,19966,19970,486
2020/07/01,11:52:00,19970,19971,19967,19970,350
2020/07/01,11:53:00,19970,19970,19966,19966,112
2020/07/01,11:54:00,19966,19967,19963,19963,194
2020/07/01,11:55:00,19963,19964,19961,19962,126
2020/07/01,11:56:00,19962,19963,19961,19961,96
2020/07/01,11:57:00,19960,19965,19960,19962,154
2020/07/01,11:58:00,19962,19962,19960,19962,73
2020/07/01,11:59:00,19962,19963,19960,19960,69
2020/07/01,12:00:00,19960,19961,19957,19959,175
2020/07/01,12:01:00,19959,19962,19959,19959,88
2020/07/01,12:02:00,19959,19961,19957,19959,134
2020/07/01,12:03:00,19959,19959,19956,19956,149
2020/07/01,12:04:00,19956,19960,19954,19959,201
2020/07/01,12:05:00,19959,19962,19959,19961,90
2020/07/01,12:06:00,19960,19961,19958,19960,132
2020/07/01,12:07:00,19959,19960,19957,19957,101
2020/07/01,12:08:00,19957,19958,19957,19958,54
2020/07/01,12:09:00,19958,19960,19956,19958,78
2020/07/01,12:10:00,19957,19960,19957,19959,52
2020/07/01,12:11:00,19959,19960,19957,19958,118
2020/07/01,12:12:00,19958,19959,19957,19959,119
2020/07/01,12:13:00,19959,19962,19958,19961,114
2020/07/01,12:14:00,19961,19963,19961,19962,71
2020/07/01,12:15:00,19962,19966,19962,19964,127
2020/07/01,12:16:00,19965,19968,19964,19966,125
2020/07/01,12:17:00,19966,19967,19965,19966,58
2020/07/01,12:18:00,19967,19969,19966,19967,180
2020/07/01,12:19:00,19967,19968,19967,19968,80
2020/07/01,12:20:00,19968,19968,19967,19967,87
2020/07/01,12:21:00,19967,19970,19967,19969,144
2020/07/01,12:22:00,19968,19971,19968,19971,176
2020/07/01,12:23:00,19971,19972,19970,19971,179
2020/07/01,12:24:00,19972,19973,19970,19972,267
2020/07/01,12:25:00,19972,19972,19966,19966,216
2020/07/01,12:26:00,19966,19967,19964,19966,140
2020/07/01,12:27:00,19965,19966,19964,19965,57
2020/07/01,12:28:00,19965,19966,19964,19964,57
2020/07/01,12:29:00,19964,19966,19963,19963,54
2020/07/01,12:30:00,19963,19965,19963,19964,56
2020/07/01,12:31:00,19965,19965,19961,19962,118
2020/07/01,12:32:00,19964,19964,19962,19964,78
2020/07/01,12:33:00,19964,19964,19962,19963,54
2020/07/01,12:34:00,19963,19963,19961,19962,45
2020/07/01,12:35:00,19962,19965,19959,19964,210
2020/07/01,12:36:00,19964,19964,19960,19963,154
2020/07/01,12:37:00,19963,19965,19963,19965,62
2020/07/01,12:38:00,19964,19965,19963,19963,56
2020/07/01,12:39:00,19963,19963,19959,19960,138
2020/07/01,12:40:00,19959,19960,19956,19959,286
2020/07/01,12:41:00,19959,19959,19954,19955,390
2020/07/01,12:42:00,19956,19956,19951,19951,536
2020/07/01,12:43:00,19952,19953,19951,19953,283
2020/07/01,12:44:00,19954,19954,19952,19953,81
2020/07/01,12:45:00,19954,19956,19954,19955,197
2020/07/01,12:46:00,19955,19957,19954,19956,91
2020/07/01,12:47:00,19956,19957,19952,19953,158
2020/07/01,12:48:00,19952,19953,19949,19950,346
2020/07/01,12:49:00,19949,19953,19945,19951,386
2020/07/01,12:50:00,19951,19954,19951,19953,209
2020/07/01,12:51:00,19953,19955,19950,19952,193
2020/07/01,12:52:00,19951,19951,19948,19948,198
2020/07/01,12:53:00,19948,19951,19941,19946,624
2020/07/01,12:54:00,19946,19949,19945,19946,120
2020/07/01,12:55:00,19946,19946,19940,19940,240
2020/07/01,12:56:00,19940,19942,19935,19941,739
2020/07/01,12:57:00,19941,19944,19940,19941,138
2020/07/01,12:58:00,19941,19943,19937,19943,260
2020/07/01,12:59:00,19943,19944,19940,19941,124
2020/07/01,13:00:00,19941,19942,19938,19939,293
2020/07/01,13:01:00,19939,19941,19936,19939,396
2020/07/01,13:02:00,19938,19938,19929,19930,786
2020/07/01,13:03:00,19931,19939,19930,19934,331
2020/07/01,13:04:00,19934,19935,19931,19932,211
2020/07/01,13:05:00,19931,19935,19931,19934,232
2020/07/01,13:06:00,19935,19935,19930,19932,252
2020/07/01,13:07:00,19932,19935,19931,19934,171
2020/07/01,13:08:00,19934,19934,19926,19930,456
2020/07/01,13:09:00,19928,19930,19926,19929,340
2020/07/01,13:10:00,19929,19930,19927,19929,145
2020/07/01,13:11:00,19929,19929,19923,19923,501
2020/07/01,13:12:00,19923,19929,19922,19927,232
2020/07/01,13:13:00,19927,19928,19925,19925,338
2020/07/01,13:14:00,19924,19925,19921,19925,348
2020/07/01,13:15:00,19924,19926,19923,19924,195
2020/07/01,13:16:00,19925,19928,19923,19927,386
2020/07/01,13:17:00,19926,19927,19923,19923,234
2020/07/01,13:18:00,19923,19923,19918,19920,1000
2020/07/01,13:19:00,19919,19919,19909,19910,1019
2020/07/01,13:20:00,19910,19911,19900,19902,1666
2020/07/01,13:21:00,19901,19907,19900,19906,693
2020/07/01,13:22:00,19906,19912,19904,19908,629
2020/07/01,13:23:00,19908,19910,19906,19910,263
2020/07/01,13:24:00,19909,19915,19907,19914,338
2020/07/01,13:25:00,19913,19916,19911,19913,332
2020/07/01,13:26:00,19913,19919,19911,19917,516
2020/07/01,13:27:00,19918,19919,19914,19914,290
2020/07/01,13:28:00,19915,19917,19909,19914,502
2020/07/01,13:29:00,19914,19915,19908,19908,310
2020/07/01,13:30:00,19908,19912,19907,19911,463
2020/07/01,13:31:00,19912,19915,19908,19910,713
2020/07/01,13:32:00,19911,19911,19906,19908,420
2020/07/01,13:33:00,19909,19909,19901,19901,550
2020/07/01,13:34:00,19902,19902,19893,19902,1055
2020/07/01,13:35:00,19902,19907,19901,19903,339
2020/07/01,13:36:00,19905,19905,19897,19900,590
2020/07/01,13:37:00,19900,19900,19897,19897,277
2020/07/01,13:38:00,19897,19901,19894,19898,552
2020/07/01,13:39:00,19899,19902,19897,19897,500
2020/07/01,13:40:00,19897,19897,19888,19891,1159
2020/07/01,13:41:00,19892,19895,19890,19895,366
2020/07/01,13:42:00,19895,19898,19894,19898,400
2020/07/01,13:43:00,19897,19898,19894,19895,452
2020/07/01,13:44:00,19895,19896,19894,19895,420
2020/07/01,13:45:00,19895,19897,19892,19896,1402
