Date,Time,Open,High,Low,Close,Volume
2004/04/05,08:46:00,7083,7102,7083,7093,669
2004/04/05,08:47:00,7093,7102,7091,7096,399
2004/04/05,08:48:00,7095,7101,7094,7097,300
2004/04/05,08:49:00,7094,7098,7092,7093,251
2004/04/05,08:50:00,7093,7097,7093,7093,216
2004/04/05,08:51:00,7093,7099,7093,7099,297
2004/04/05,08:52:00,7098,7108,7098,7108,430
2004/04/05,08:53:00,7104,7107,7103,7105,288
2004/04/05,08:54:00,7105,7106,7101,7102,444
2004/04/05,08:55:00,7102,7103,7100,7102,227
2004/04/05,08:56:00,7101,7103,7099,7103,221
2004/04/05,08:57:00,7103,7103,7098,7100,158
2004/04/05,08:58:00,7099,7102,7098,7102,149
2004/04/05,08:59:00,7100,7103,7099,7103,118
2004/04/05,09:00:00,7102,7104,7099,7103,217
2004/04/05,09:01:00,7102,7107,7101,7106,153
2004/04/05,09:02:00,7104,7107,7102,7103,185
2004/04/05,09:03:00,7102,7103,7091,7098,458
2004/04/05,09:04:00,7095,7098,7091,7095,218
2004/04/05,09:05:00,7095,7096,7089,7091,291
2004/04/05,09:06:00,7091,7094,7090,7094,328
2004/04/05,09:07:00,7094,7097,7089,7092,256
2004/04/05,09:08:00,7089,7093,7088,7089,149
2004/04/05,09:09:00,7089,7092,7089,7090,185
2004/04/05,09:10:00,7090,7093,7090,7091,169
2004/04/05,09:11:00,7091,7093,7084,7084,202
2004/04/05,09:12:00,7088,7088,7084,7084,234
2004/04/05,09:13:00,7083,7085,7074,7079,357
2004/04/05,09:14:00,7079,7086,7078,7086,179
2004/04/05,09:15:00,7086,7088,7083,7086,126
2004/04/05,09:16:00,7086,7088,7085,7088,86
2004/04/05,09:17:00,7086,7092,7086,7091,148
2004/04/05,09:18:00,7091,7093,7090,7092,108
2004/04/05,09:19:00,7091,7094,7089,7092,298
2004/04/05,09:20:00,7091,7093,7086,7086,247
2004/04/05,09:21:00,7087,7089,7085,7086,124
2004/04/05,09:22:00,7087,7087,7083,7085,189
2004/04/05,09:23:00,7085,7086,7081,7083,197
2004/04/05,09:24:00,7084,7086,7082,7086,149
2004/04/05,09:25:00,7086,7086,7082,7083,71
2004/04/05,09:26:00,7082,7084,7081,7082,78
2004/04/05,09:27:00,7081,7081,7074,7077,153
2004/04/05,09:28:00,7074,7078,7069,7072,267
2004/04/05,09:29:00,7070,7073,7065,7073,329
2004/04/05,09:30:00,7069,7075,7069,7075,199
2004/04/05,09:31:00,7074,7077,7071,7073,148
2004/04/05,09:32:00,7071,7074,7069,7071,166
2004/04/05,09:33:00,7070,7071,7060,7060,402
2004/04/05,09:34:00,7060,7062,7056,7061,337
2004/04/05,09:35:00,7062,7067,7061,7065,284
2004/04/05,09:36:00,7065,7070,7064,7070,170
2004/04/05,09:37:00,7066,7070,7066,7070,161
2004/04/05,09:38:00,7070,7071,7065,7068,160
2004/04/05,09:39:00,7067,7068,7063,7067,156
2004/04/05,09:40:00,7063,7067,7063,7066,83
2004/04/05,09:41:00,7066,7072,7065,7072,102
2004/04/05,09:42:00,7071,7077,7071,7076,175
2004/04/05,09:43:00,7075,7078,7074,7075,102
2004/04/05,09:44:00,7074,7077,7074,7075,73
2004/04/05,09:45:00,7076,7077,7075,7076,67
2004/04/05,09:46:00,7076,7077,7073,7076,111
2004/04/05,09:47:00,7074,7075,7073,7073,46
2004/04/05,09:48:00,7073,7076,7073,7075,65
2004/04/05,09:49:00,7074,7076,7073,7075,76
2004/04/05,09:50:00,7074,7076,7073,7075,77
2004/04/05,09:51:00,7074,7076,7074,7076,44
2004/04/05,09:52:00,7076,7078,7076,7078,77
2004/04/05,09:53:00,7077,7078,7076,7078,45
2004/04/05,09:54:00,7078,7080,7076,7080,91
2004/04/05,09:55:00,7078,7080,7075,7077,125
2004/04/05,09:56:00,7075,7077,7075,7076,35
2004/04/05,09:57:00,7077,7077,7073,7074,75
2004/04/05,09:58:00,7074,7075,7072,7073,137
2004/04/05,09:59:00,7073,7073,7070,7072,75
2004/04/05,10:00:00,7072,7073,7069,7071,68
2004/04/05,10:01:00,7071,7075,7071,7073,55
2004/04/05,10:02:00,7075,7075,7073,7074,27
2004/04/05,10:03:00,7073,7075,7073,7074,58
2004/04/05,10:04:00,7074,7076,7074,7076,47
2004/04/05,10:05:00,7076,7077,7075,7076,26
2004/04/05,10:06:00,7076,7076,7075,7076,42
2004/04/05,10:07:00,7075,7077,7073,7073,91
2004/04/05,10:08:00,7074,7074,7072,7074,55
2004/04/05,10:09:00,7074,7077,7073,7075,113
2004/04/05,10:10:00,7077,7078,7072,7077,127
2004/04/05,10:11:00,7078,7080,7076,7080,44
2004/04/05,10:12:00,7080,7081,7079,7081,64
2004/04/05,10:13:00,7079,7087,7079,7087,147
2004/04/05,10:14:00,7086,7087,7082,7082,180
2004/04/05,10:15:00,7082,7085,7082,7083,85
2004/04/05,10:16:00,7080,7082,7078,7079,120
2004/04/05,10:17:00,7081,7081,7079,7081,32
2004/04/05,10:18:00,7080,7082,7080,7082,50
2004/04/05,10:19:00,7080,7082,7071,7071,164
2004/04/05,10:20:00,7072,7073,7071,7072,43
2004/04/05,10:21:00,7072,7074,7072,7074,89
2004/04/05,10:22:00,7074,7078,7074,7076,33
2004/04/05,10:23:00,7076,7082,7076,7081,38
2004/04/05,10:24:00,7081,7081,7078,7078,51
2004/04/05,10:25:00,7076,7080,7076,7078,22
2004/04/05,10:26:00,7079,7079,7076,7078,55
2004/04/05,10:27:00,7077,7077,7075,7075,71
2004/04/05,10:28:00,7075,7079,7075,7078,70
2004/04/05,10:29:00,7079,7081,7078,7079,58
2004/04/05,10:30:00,7079,7081,7079,7080,63
2004/04/05,10:31:00,7081,7083,7080,7081,106
2004/04/05,10:32:00,7081,7086,7081,7084,136
2004/04/05,10:33:00,7085,7086,7083,7086,69
2004/04/05,10:34:00,7083,7088,7083,7087,104
2004/04/05,10:35:00,7087,7090,7086,7087,183
2004/04/05,10:36:00,7088,7096,7086,7091,329
2004/04/05,10:37:00,7091,7098,7090,7093,291
2004/04/05,10:38:00,7093,7096,7091,7094,166
2004/04/05,10:39:00,7093,7094,7090,7091,120
2004/04/05,10:40:00,7091,7096,7090,7096,118
2004/04/05,10:41:00,7095,7097,7091,7095,95
2004/04/05,10:42:00,7093,7096,7093,7093,65
2004/04/05,10:43:00,7093,7094,7092,7092,134
2004/04/05,10:44:00,7093,7095,7091,7093,83
2004/04/05,10:45:00,7093,7096,7092,7095,109
2004/04/05,10:46:00,7095,7100,7093,7100,242
2004/04/05,10:47:00,7100,7102,7098,7102,200
2004/04/05,10:48:00,7100,7102,7097,7099,141
2004/04/05,10:49:00,7099,7103,7098,7103,161
2004/04/05,10:50:00,7101,7121,7101,7121,795
2004/04/05,10:51:00,7118,7122,7114,7119,689
2004/04/05,10:52:00,7119,7122,7115,7119,525
2004/04/05,10:53:00,7118,7119,7115,7118,275
2004/04/05,10:54:00,7118,7121,7116,7119,391
2004/04/05,10:55:00,7121,7121,7117,7117,291
2004/04/05,10:56:00,7117,7118,7109,7112,233
2004/04/05,10:57:00,7109,7112,7108,7110,135
2004/04/05,10:58:00,7111,7113,7109,7113,166
2004/04/05,10:59:00,7111,7113,7109,7112,207
2004/04/05,11:00:00,7112,7117,7112,7116,129
2004/04/05,11:01:00,7113,7115,7113,7115,67
2004/04/05,11:02:00,7115,7117,7113,7113,152
2004/04/05,11:03:00,7113,7115,7111,7112,130
2004/04/05,11:04:00,7111,7113,7111,7113,76
2004/04/05,11:05:00,7112,7113,7111,7112,47
2004/04/05,11:06:00,7112,7116,7111,7116,152
2004/04/05,11:07:00,7116,7118,7113,7115,91
2004/04/05,11:08:00,7114,7117,7113,7115,111
2004/04/05,11:09:00,7113,7115,7110,7110,179
2004/04/05,11:10:00,7110,7112,7108,7110,73
2004/04/05,11:11:00,7108,7112,7108,7110,48
2004/04/05,11:12:00,7110,7113,7109,7111,53
2004/04/05,11:13:00,7110,7112,7110,7112,28
2004/04/05,11:14:00,7112,7114,7111,7114,102
2004/04/05,11:15:00,7111,7117,7111,7116,120
2004/04/05,11:16:00,7115,7118,7115,7116,83
2004/04/05,11:17:00,7115,7117,7114,7115,75
2004/04/05,11:18:00,7115,7118,7114,7118,88
2004/04/05,11:19:00,7116,7123,7116,7123,253
2004/04/05,11:20:00,7121,7141,7121,7138,837
2004/04/05,11:21:00,7132,7143,7132,7133,417
2004/04/05,11:22:00,7133,7136,7129,7134,164
2004/04/05,11:23:00,7130,7137,7130,7134,161
2004/04/05,11:24:00,7134,7138,7133,7137,179
2004/04/05,11:25:00,7135,7138,7133,7135,208
2004/04/05,11:26:00,7134,7136,7133,7133,113
2004/04/05,11:27:00,7134,7139,7134,7138,155
2004/04/05,11:28:00,7139,7152,7138,7151,396
2004/04/05,11:29:00,7147,7153,7147,7151,391
2004/04/05,11:30:00,7149,7155,7148,7151,268
2004/04/05,11:31:00,7150,7158,7150,7158,258
2004/04/05,11:32:00,7156,7161,7155,7159,213
2004/04/05,11:33:00,7158,7161,7156,7161,184
2004/04/05,11:34:00,7159,7163,7159,7163,198
2004/04/05,11:35:00,7163,7169,7161,7168,264
2004/04/05,11:36:00,7164,7168,7164,7165,270
2004/04/05,11:37:00,7164,7166,7163,7164,217
2004/04/05,11:38:00,7163,7164,7160,7161,331
2004/04/05,11:39:00,7161,7162,7160,7161,171
2004/04/05,11:40:00,7161,7162,7159,7160,144
2004/04/05,11:41:00,7160,7161,7158,7159,109
2004/04/05,11:42:00,7159,7167,7159,7167,332
2004/04/05,11:43:00,7166,7168,7165,7167,213
2004/04/05,11:44:00,7165,7167,7162,7165,215
2004/04/05,11:45:00,7163,7163,7160,7162,110
2004/04/05,11:46:00,7161,7163,7160,7162,82
2004/04/05,11:47:00,7162,7164,7161,7163,61
2004/04/05,11:48:00,7163,7168,7163,7168,143
2004/04/05,11:49:00,7167,7181,7167,7181,505
2004/04/05,11:50:00,7175,7180,7173,7178,172
2004/04/05,11:51:00,7177,7178,7174,7174,292
2004/04/05,11:52:00,7175,7176,7173,7173,237
2004/04/05,11:53:00,7173,7174,7172,7172,142
2004/04/05,11:54:00,7172,7173,7171,7171,139
2004/04/05,11:55:00,7171,7172,7169,7169,185
2004/04/05,11:56:00,7170,7172,7169,7171,126
2004/04/05,11:57:00,7172,7175,7172,7175,167
2004/04/05,11:58:00,7176,7177,7173,7174,161
2004/04/05,11:59:00,7174,7178,7174,7178,143
2004/04/05,12:00:00,7178,7188,7177,7188,349
2004/04/05,12:01:00,7178,7188,7178,7183,212
2004/04/05,12:02:00,7183,7187,7181,7187,274
2004/04/05,12:03:00,7187,7188,7185,7186,165
2004/04/05,12:04:00,7185,7187,7185,7185,183
2004/04/05,12:05:00,7185,7186,7183,7183,213
2004/04/05,12:06:00,7183,7183,7179,7181,250
2004/04/05,12:07:00,7180,7181,7177,7179,188
2004/04/05,12:08:00,7178,7181,7178,7180,71
2004/04/05,12:09:00,7180,7181,7178,7179,125
2004/04/05,12:10:00,7178,7181,7176,7179,69
2004/04/05,12:11:00,7179,7181,7177,7177,64
2004/04/05,12:12:00,7178,7181,7176,7177,69
2004/04/05,12:13:00,7177,7177,7175,7176,49
2004/04/05,12:14:00,7176,7177,7175,7176,80
2004/04/05,12:15:00,7175,7176,7173,7175,90
2004/04/05,12:16:00,7173,7175,7171,7173,148
2004/04/05,12:17:00,7171,7172,7169,7170,59
2004/04/05,12:18:00,7169,7171,7169,7170,101
2004/04/05,12:19:00,7169,7175,7169,7173,176
2004/04/05,12:20:00,7174,7176,7172,7173,85
2004/04/05,12:21:00,7172,7173,7171,7172,61
2004/04/05,12:22:00,7171,7173,7170,7171,56
2004/04/05,12:23:00,7172,7173,7170,7173,68
2004/04/05,12:24:00,7174,7177,7173,7177,46
2004/04/05,12:25:00,7174,7177,7174,7175,57
2004/04/05,12:26:00,7175,7178,7175,7177,74
2004/04/05,12:27:00,7177,7179,7177,7179,33
2004/04/05,12:28:00,7179,7180,7177,7179,65
2004/04/05,12:29:00,7179,7181,7178,7180,106
2004/04/05,12:30:00,7181,7183,7179,7182,117
2004/04/05,12:31:00,7180,7182,7177,7177,153
2004/04/05,12:32:00,7178,7181,7177,7181,70
2004/04/05,12:33:00,7181,7182,7179,7180,99
2004/04/05,12:34:00,7182,7183,7180,7182,36
2004/04/05,12:35:00,7182,7182,7180,7180,86
2004/04/05,12:36:00,7181,7181,7179,7180,103
2004/04/05,12:37:00,7181,7183,7181,7183,88
2004/04/05,12:38:00,7183,7185,7183,7185,96
2004/04/05,12:39:00,7185,7193,7184,7193,289
2004/04/05,12:40:00,7191,7197,7191,7195,243
2004/04/05,12:41:00,7195,7201,7195,7200,233
2004/04/05,12:42:00,7200,7201,7198,7201,211
2004/04/05,12:43:00,7201,7209,7200,7207,394
2004/04/05,12:44:00,7206,7207,7203,7204,324
2004/04/05,12:45:00,7204,7205,7200,7201,175
2004/04/05,12:46:00,7201,7203,7200,7201,101
2004/04/05,12:47:00,7201,7203,7200,7202,112
2004/04/05,12:48:00,7203,7204,7202,7204,118
2004/04/05,12:49:00,7204,7209,7204,7209,153
2004/04/05,12:50:00,7208,7211,7206,7211,215
2004/04/05,12:51:00,7210,7219,7207,7212,251
2004/04/05,12:52:00,7213,7215,7209,7213,214
2004/04/05,12:53:00,7214,7214,7209,7211,235
2004/04/05,12:54:00,7211,7213,7211,7212,86
2004/04/05,12:55:00,7212,7214,7210,7212,110
2004/04/05,12:56:00,7212,7212,7210,7210,66
2004/04/05,12:57:00,7210,7211,7206,7207,155
2004/04/05,12:58:00,7207,7208,7204,7206,121
2004/04/05,12:59:00,7205,7206,7204,7204,131
2004/04/05,13:00:00,7204,7205,7203,7204,141
2004/04/05,13:01:00,7204,7204,7202,7203,71
2004/04/05,13:02:00,7202,7203,7199,7200,106
2004/04/05,13:03:00,7200,7200,7197,7199,139
2004/04/05,13:04:00,7199,7201,7196,7199,96
2004/04/05,13:05:00,7199,7201,7198,7199,84
2004/04/05,13:06:00,7200,7203,7199,7203,80
2004/04/05,13:07:00,7203,7207,7201,7207,149
2004/04/05,13:08:00,7204,7206,7203,7204,145
2004/04/05,13:09:00,7205,7206,7201,7205,97
2004/04/05,13:10:00,7205,7205,7201,7201,50
2004/04/05,13:11:00,7201,7203,7200,7201,102
2004/04/05,13:12:00,7201,7202,7200,7200,45
2004/04/05,13:13:00,7201,7201,7198,7198,54
2004/04/05,13:14:00,7198,7199,7197,7198,77
2004/04/05,13:15:00,7198,7201,7198,7201,55
2004/04/05,13:16:00,7200,7203,7199,7203,67
2004/04/05,13:17:00,7203,7204,7201,7204,100
2004/04/05,13:18:00,7204,7207,7204,7207,109
2004/04/05,13:19:00,7206,7215,7206,7214,225
2004/04/05,13:20:00,7213,7219,7213,7218,168
2004/04/05,13:21:00,7218,7220,7215,7216,208
2004/04/05,13:22:00,7215,7217,7213,7213,204
2004/04/05,13:23:00,7212,7214,7211,7212,99
2004/04/05,13:24:00,7213,7218,7211,7216,179
2004/04/05,13:25:00,7218,7220,7216,7218,155
2004/04/05,13:26:00,7218,7220,7215,7219,188
2004/04/05,13:27:00,7219,7219,7215,7218,101
2004/04/05,13:28:00,7217,7219,7215,7216,115
2004/04/05,13:29:00,7215,7217,7214,7216,108
2004/04/05,13:30:00,7216,7219,7216,7219,93
2004/04/05,13:31:00,7219,7221,7218,7220,168
2004/04/05,13:32:00,7219,7220,7218,7219,178
2004/04/05,13:33:00,7219,7222,7219,7222,219
2004/04/05,13:34:00,7222,7225,7221,7225,318
2004/04/05,13:35:00,7223,7226,7223,7225,232
2004/04/05,13:36:00,7223,7225,7221,7223,384
2004/04/05,13:37:00,7221,7223,7220,7221,166
2004/04/05,13:38:00,7220,7222,7220,7221,142
2004/04/05,13:39:00,7220,7222,7218,7222,329
2004/04/05,13:40:00,7221,7221,7217,7220,195
2004/04/05,13:41:00,7220,7220,7218,7218,4
2004/04/05,13:42:00,7218,7218,7218,7218,0
2004/04/05,13:43:00,7218,7218,7218,7218,0
2004/04/05,13:44:00,7218,7218,7218,7218,0
2004/04/05,13:45:00,7215,7215,7215,7215,813
