Date,Time,Open,High,Low,Close,Volume
2004/04/22,08:46:00,7383,7398,7379,7398,351
2004/04/22,08:47:00,7394,7411,7393,7402,425
2004/04/22,08:48:00,7396,7402,7395,7399,244
2004/04/22,08:49:00,7398,7401,7395,7395,191
2004/04/22,08:50:00,7395,7397,7389,7393,213
2004/04/22,08:51:00,7390,7395,7390,7395,184
2004/04/22,08:52:00,7394,7397,7393,7395,194
2004/04/22,08:53:00,7396,7398,7395,7397,113
2004/04/22,08:54:00,7395,7396,7392,7394,162
2004/04/22,08:55:00,7394,7394,7391,7392,110
2004/04/22,08:56:00,7392,7393,7391,7392,168
2004/04/22,08:57:00,7391,7392,7387,7390,127
2004/04/22,08:58:00,7389,7390,7387,7389,128
2004/04/22,08:59:00,7389,7393,7388,7393,90
2004/04/22,09:00:00,7392,7393,7390,7392,96
2004/04/22,09:01:00,7391,7392,7388,7389,133
2004/04/22,09:02:00,7388,7391,7386,7389,149
2004/04/22,09:03:00,7389,7389,7384,7386,221
2004/04/22,09:04:00,7385,7385,7374,7376,307
2004/04/22,09:05:00,7376,7377,7369,7373,505
2004/04/22,09:06:00,7370,7379,7370,7379,215
2004/04/22,09:07:00,7378,7379,7374,7375,340
2004/04/22,09:08:00,7374,7377,7374,7376,156
2004/04/22,09:09:00,7375,7379,7375,7378,227
2004/04/22,09:10:00,7377,7382,7376,7379,160
2004/04/22,09:11:00,7379,7386,7379,7386,310
2004/04/22,09:12:00,7384,7388,7382,7384,272
2004/04/22,09:13:00,7383,7386,7378,7382,284
2004/04/22,09:14:00,7383,7383,7378,7381,333
2004/04/22,09:15:00,7380,7381,7376,7379,268
2004/04/22,09:16:00,7376,7379,7375,7377,262
2004/04/22,09:17:00,7379,7379,7375,7378,134
2004/04/22,09:18:00,7377,7385,7377,7385,180
2004/04/22,09:19:00,7385,7396,7383,7395,523
2004/04/22,09:20:00,7395,7400,7393,7399,379
2004/04/22,09:21:00,7398,7417,7398,7416,1232
2004/04/22,09:22:00,7417,7436,7413,7435,1270
2004/04/22,09:23:00,7432,7438,7428,7433,849
2004/04/22,09:24:00,7428,7433,7423,7428,540
2004/04/22,09:25:00,7423,7428,7408,7421,354
2004/04/22,09:26:00,7419,7423,7418,7423,266
2004/04/22,09:27:00,7421,7428,7420,7423,368
2004/04/22,09:28:00,7423,7426,7420,7421,265
2004/04/22,09:29:00,7422,7423,7418,7418,221
2004/04/22,09:30:00,7419,7420,7415,7417,170
2004/04/22,09:31:00,7419,7419,7414,7418,193
2004/04/22,09:32:00,7417,7419,7416,7416,160
2004/04/22,09:33:00,7416,7417,7414,7416,165
2004/04/22,09:34:00,7415,7417,7414,7416,162
2004/04/22,09:35:00,7415,7421,7415,7421,230
2004/04/22,09:36:00,7418,7421,7418,7420,129
2004/04/22,09:37:00,7419,7423,7418,7422,318
2004/04/22,09:38:00,7423,7428,7422,7428,272
2004/04/22,09:39:00,7428,7433,7427,7431,329
2004/04/22,09:40:00,7430,7433,7428,7433,215
2004/04/22,09:41:00,7432,7433,7431,7431,325
2004/04/22,09:42:00,7430,7434,7429,7429,270
2004/04/22,09:43:00,7431,7432,7426,7429,172
2004/04/22,09:44:00,7426,7428,7419,7425,232
2004/04/22,09:45:00,7423,7427,7421,7426,177
2004/04/22,09:46:00,7425,7429,7421,7422,270
2004/04/22,09:47:00,7423,7425,7418,7420,205
2004/04/22,09:48:00,7420,7421,7415,7415,141
2004/04/22,09:49:00,7415,7418,7415,7418,78
2004/04/22,09:50:00,7416,7418,7415,7415,159
2004/04/22,09:51:00,7417,7418,7414,7415,117
2004/04/22,09:52:00,7413,7415,7403,7407,312
2004/04/22,09:53:00,7406,7412,7406,7412,85
2004/04/22,09:54:00,7411,7415,7411,7412,76
2004/04/22,09:55:00,7413,7414,7411,7412,72
2004/04/22,09:56:00,7411,7413,7406,7406,195
2004/04/22,09:57:00,7406,7417,7406,7413,109
2004/04/22,09:58:00,7414,7422,7413,7418,129
2004/04/22,09:59:00,7419,7422,7416,7418,78
2004/04/22,10:00:00,7418,7421,7413,7420,58
2004/04/22,10:01:00,7413,7420,7413,7417,38
2004/04/22,10:02:00,7418,7419,7416,7416,45
2004/04/22,10:03:00,7417,7418,7413,7418,61
2004/04/22,10:04:00,7417,7420,7417,7418,42
2004/04/22,10:05:00,7418,7421,7418,7420,131
2004/04/22,10:06:00,7421,7423,7420,7423,90
2004/04/22,10:07:00,7420,7425,7420,7423,142
2004/04/22,10:08:00,7425,7425,7422,7422,79
2004/04/22,10:09:00,7421,7423,7420,7420,51
2004/04/22,10:10:00,7419,7421,7414,7415,58
2004/04/22,10:11:00,7414,7414,7409,7413,146
2004/04/22,10:12:00,7413,7416,7411,7413,74
2004/04/22,10:13:00,7414,7418,7412,7414,51
2004/04/22,10:14:00,7414,7416,7413,7413,27
2004/04/22,10:15:00,7413,7414,7411,7412,34
2004/04/22,10:16:00,7412,7413,7409,7411,93
2004/04/22,10:17:00,7408,7411,7408,7411,81
2004/04/22,10:18:00,7411,7412,7411,7412,39
2004/04/22,10:19:00,7410,7413,7410,7411,57
2004/04/22,10:20:00,7413,7413,7410,7411,89
2004/04/22,10:21:00,7411,7416,7410,7414,27
2004/04/22,10:22:00,7414,7415,7410,7413,84
2004/04/22,10:23:00,7410,7412,7410,7410,59
2004/04/22,10:24:00,7409,7411,7407,7408,109
2004/04/22,10:25:00,7408,7411,7408,7409,66
2004/04/22,10:26:00,7410,7411,7409,7411,51
2004/04/22,10:27:00,7411,7413,7410,7413,100
2004/04/22,10:28:00,7412,7417,7411,7417,131
2004/04/22,10:29:00,7417,7418,7416,7417,66
2004/04/22,10:30:00,7417,7419,7416,7418,26
2004/04/22,10:31:00,7418,7420,7417,7417,56
2004/04/22,10:32:00,7417,7418,7416,7417,43
2004/04/22,10:33:00,7417,7419,7417,7419,74
2004/04/22,10:34:00,7419,7420,7415,7418,51
2004/04/22,10:35:00,7418,7421,7418,7418,59
2004/04/22,10:36:00,7418,7420,7418,7420,41
2004/04/22,10:37:00,7421,7421,7418,7418,130
2004/04/22,10:38:00,7419,7419,7418,7418,31
2004/04/22,10:39:00,7417,7421,7417,7418,43
2004/04/22,10:40:00,7417,7417,7415,7415,35
2004/04/22,10:41:00,7415,7416,7414,7415,48
2004/04/22,10:42:00,7415,7420,7415,7420,106
2004/04/22,10:43:00,7421,7422,7419,7422,58
2004/04/22,10:44:00,7422,7423,7421,7423,129
2004/04/22,10:45:00,7422,7428,7422,7428,381
2004/04/22,10:46:00,7428,7428,7426,7427,105
2004/04/22,10:47:00,7427,7428,7425,7426,61
2004/04/22,10:48:00,7425,7427,7424,7424,78
2004/04/22,10:49:00,7425,7428,7424,7428,82
2004/04/22,10:50:00,7428,7432,7426,7428,163
2004/04/22,10:51:00,7431,7432,7428,7432,86
2004/04/22,10:52:00,7431,7432,7430,7431,91
2004/04/22,10:53:00,7429,7433,7429,7432,89
2004/04/22,10:54:00,7431,7437,7429,7436,342
2004/04/22,10:55:00,7437,7437,7429,7433,163
2004/04/22,10:56:00,7430,7433,7426,7426,103
2004/04/22,10:57:00,7426,7430,7424,7430,84
2004/04/22,10:58:00,7427,7433,7427,7433,166
2004/04/22,10:59:00,7429,7437,7429,7435,129
2004/04/22,11:00:00,7435,7436,7431,7431,136
2004/04/22,11:01:00,7433,7435,7430,7435,157
2004/04/22,11:02:00,7433,7441,7433,7441,442
2004/04/22,11:03:00,7437,7443,7437,7443,392
2004/04/22,11:04:00,7441,7442,7437,7437,210
2004/04/22,11:05:00,7438,7440,7435,7435,191
2004/04/22,11:06:00,7436,7437,7434,7435,104
2004/04/22,11:07:00,7435,7436,7430,7431,294
2004/04/22,11:08:00,7432,7434,7428,7432,123
2004/04/22,11:09:00,7432,7437,7430,7433,168
2004/04/22,11:10:00,7432,7435,7430,7431,62
2004/04/22,11:11:00,7431,7432,7428,7428,75
2004/04/22,11:12:00,7427,7429,7425,7427,121
2004/04/22,11:13:00,7426,7433,7426,7428,76
2004/04/22,11:14:00,7428,7431,7428,7430,47
2004/04/22,11:15:00,7430,7432,7429,7431,37
2004/04/22,11:16:00,7430,7431,7427,7427,78
2004/04/22,11:17:00,7427,7430,7423,7426,207
2004/04/22,11:18:00,7423,7426,7420,7421,73
2004/04/22,11:19:00,7422,7424,7421,7422,50
2004/04/22,11:20:00,7421,7423,7418,7418,60
2004/04/22,11:21:00,7418,7421,7416,7418,124
2004/04/22,11:22:00,7420,7423,7418,7421,93
2004/04/22,11:23:00,7421,7423,7420,7422,38
2004/04/22,11:24:00,7422,7422,7419,7419,34
2004/04/22,11:25:00,7419,7420,7418,7420,73
2004/04/22,11:26:00,7420,7420,7415,7415,160
2004/04/22,11:27:00,7415,7417,7410,7412,350
2004/04/22,11:28:00,7410,7413,7405,7407,247
2004/04/22,11:29:00,7405,7410,7405,7410,165
2004/04/22,11:30:00,7409,7411,7406,7406,266
2004/04/22,11:31:00,7406,7410,7384,7388,1123
2004/04/22,11:32:00,7387,7398,7386,7396,334
2004/04/22,11:33:00,7396,7399,7394,7399,167
2004/04/22,11:34:00,7398,7401,7398,7400,242
2004/04/22,11:35:00,7400,7401,7398,7400,223
2004/04/22,11:36:00,7400,7400,7396,7398,217
2004/04/22,11:37:00,7395,7398,7393,7395,350
2004/04/22,11:38:00,7395,7397,7393,7397,211
2004/04/22,11:39:00,7396,7403,7396,7402,202
2004/04/22,11:40:00,7400,7404,7400,7403,88
2004/04/22,11:41:00,7402,7403,7400,7401,91
2004/04/22,11:42:00,7400,7401,7398,7398,205
2004/04/22,11:43:00,7398,7399,7394,7398,185
2004/04/22,11:44:00,7394,7397,7394,7395,158
2004/04/22,11:45:00,7395,7400,7395,7400,87
2004/04/22,11:46:00,7398,7400,7394,7396,179
2004/04/22,11:47:00,7397,7399,7395,7397,102
2004/04/22,11:48:00,7397,7398,7394,7396,180
2004/04/22,11:49:00,7394,7396,7388,7392,323
2004/04/22,11:50:00,7389,7393,7388,7390,178
2004/04/22,11:51:00,7392,7393,7390,7392,150
2004/04/22,11:52:00,7392,7399,7391,7399,171
2004/04/22,11:53:00,7398,7403,7397,7402,179
2004/04/22,11:54:00,7402,7404,7399,7404,147
2004/04/22,11:55:00,7404,7406,7402,7406,70
2004/04/22,11:56:00,7403,7406,7403,7405,80
2004/04/22,11:57:00,7403,7405,7399,7399,124
2004/04/22,11:58:00,7399,7401,7395,7397,159
2004/04/22,11:59:00,7396,7401,7395,7401,74
2004/04/22,12:00:00,7401,7401,7398,7399,54
2004/04/22,12:01:00,7399,7401,7398,7400,45
2004/04/22,12:02:00,7401,7401,7396,7397,163
2004/04/22,12:03:00,7396,7398,7390,7390,337
2004/04/22,12:04:00,7390,7393,7388,7390,200
2004/04/22,12:05:00,7390,7391,7386,7391,291
2004/04/22,12:06:00,7391,7392,7388,7390,118
2004/04/22,12:07:00,7390,7392,7388,7390,86
2004/04/22,12:08:00,7391,7394,7390,7393,95
2004/04/22,12:09:00,7393,7397,7391,7391,60
2004/04/22,12:10:00,7391,7393,7385,7388,193
2004/04/22,12:11:00,7388,7388,7378,7378,615
2004/04/22,12:12:00,7378,7383,7378,7383,417
2004/04/22,12:13:00,7379,7383,7377,7377,320
2004/04/22,12:14:00,7377,7379,7374,7375,397
2004/04/22,12:15:00,7375,7377,7363,7365,813
2004/04/22,12:16:00,7363,7371,7358,7364,699
2004/04/22,12:17:00,7361,7372,7361,7371,464
2004/04/22,12:18:00,7369,7372,7368,7372,280
2004/04/22,12:19:00,7371,7375,7371,7373,229
2004/04/22,12:20:00,7375,7377,7373,7376,181
2004/04/22,12:21:00,7377,7377,7374,7374,168
2004/04/22,12:22:00,7374,7376,7373,7376,173
2004/04/22,12:23:00,7375,7378,7374,7378,160
2004/04/22,12:24:00,7378,7379,7374,7378,134
2004/04/22,12:25:00,7378,7378,7374,7375,161
2004/04/22,12:26:00,7377,7378,7374,7377,118
2004/04/22,12:27:00,7375,7379,7375,7378,57
2004/04/22,12:28:00,7378,7380,7376,7380,48
2004/04/22,12:29:00,7378,7378,7374,7376,93
2004/04/22,12:30:00,7374,7376,7369,7372,326
2004/04/22,12:31:00,7370,7372,7367,7367,237
2004/04/22,12:32:00,7367,7368,7364,7367,154
2004/04/22,12:33:00,7366,7368,7364,7368,131
2004/04/22,12:34:00,7366,7369,7363,7365,172
2004/04/22,12:35:00,7363,7367,7360,7361,201
2004/04/22,12:36:00,7358,7363,7353,7353,375
2004/04/22,12:37:00,7353,7358,7353,7357,284
2004/04/22,12:38:00,7358,7365,7358,7361,176
2004/04/22,12:39:00,7362,7363,7354,7358,216
2004/04/22,12:40:00,7353,7358,7324,7335,678
2004/04/22,12:41:00,7338,7342,7184,7323,678
2004/04/22,12:42:00,7303,7323,7289,7303,295
2004/04/22,12:43:00,7308,7313,7288,7303,214
2004/04/22,12:44:00,7303,7313,7278,7295,254
2004/04/22,12:45:00,7301,7303,7278,7293,274
2004/04/22,12:46:00,7290,7298,7274,7284,296
2004/04/22,12:47:00,7274,7293,7273,7291,319
2004/04/22,12:48:00,7273,7292,7263,7272,368
2004/04/22,12:49:00,7268,7283,7266,7281,402
2004/04/22,12:50:00,7273,7280,7268,7273,276
2004/04/22,12:51:00,7273,7280,7273,7277,367
2004/04/22,12:52:00,7273,7281,7269,7278,399
2004/04/22,12:53:00,7278,7281,7274,7277,299
2004/04/22,12:54:00,7277,7283,7275,7283,265
2004/04/22,12:55:00,7281,7288,7280,7288,417
2004/04/22,12:56:00,7285,7289,7281,7286,375
2004/04/22,12:57:00,7285,7287,7283,7283,172
2004/04/22,12:58:00,7283,7287,7283,7285,163
2004/04/22,12:59:00,7283,7286,7281,7283,297
2004/04/22,13:00:00,7281,7282,7275,7276,335
2004/04/22,13:01:00,7276,7279,7274,7278,252
2004/04/22,13:02:00,7273,7278,7263,7267,794
2004/04/22,13:03:00,7263,7267,7255,7259,448
2004/04/22,13:04:00,7259,7262,7253,7254,441
2004/04/22,13:05:00,7253,7254,7233,7238,499
2004/04/22,13:06:00,7236,7243,7224,7233,413
2004/04/22,13:07:00,7233,7233,7223,7228,525
2004/04/22,13:08:00,7226,7232,7223,7228,292
2004/04/22,13:09:00,7223,7228,7206,7223,534
2004/04/22,13:10:00,7206,7223,7203,7221,286
2004/04/22,13:11:00,7214,7219,7204,7213,301
2004/04/22,13:12:00,7207,7216,7204,7213,260
2004/04/22,13:13:00,7212,7216,7205,7212,240
2004/04/22,13:14:00,7212,7213,7204,7208,352
2004/04/22,13:15:00,7204,7213,7203,7213,435
2004/04/22,13:16:00,7208,7215,7203,7215,654
2004/04/22,13:17:00,7209,7219,7209,7219,336
2004/04/22,13:18:00,7218,7228,7216,7228,517
2004/04/22,13:19:00,7228,7242,7223,7237,304
2004/04/22,13:20:00,7231,7241,7229,7238,313
2004/04/22,13:21:00,7238,7240,7235,7239,251
2004/04/22,13:22:00,7236,7243,7235,7240,260
2004/04/22,13:23:00,7241,7248,7239,7244,250
2004/04/22,13:24:00,7241,7243,7231,7235,422
2004/04/22,13:25:00,7231,7238,7226,7233,514
2004/04/22,13:26:00,7233,7237,7232,7234,316
2004/04/22,13:27:00,7234,7237,7233,7236,168
2004/04/22,13:28:00,7235,7239,7233,7239,225
2004/04/22,13:29:00,7236,7240,7234,7235,173
2004/04/22,13:30:00,7235,7236,7233,7236,199
2004/04/22,13:31:00,7234,7249,7233,7248,258
2004/04/22,13:32:00,7246,7252,7246,7251,156
2004/04/22,13:33:00,7251,7258,7250,7258,322
2004/04/22,13:34:00,7258,7263,7255,7262,364
2004/04/22,13:35:00,7262,7263,7254,7258,234
2004/04/22,13:36:00,7256,7258,7250,7253,174
2004/04/22,13:37:00,7252,7257,7251,7254,221
2004/04/22,13:38:00,7254,7257,7253,7256,221
2004/04/22,13:39:00,7255,7256,7253,7253,248
2004/04/22,13:40:00,7252,7254,7251,7253,199
2004/04/22,13:41:00,7251,7253,7251,7251,27
2004/04/22,13:42:00,7251,7251,7251,7251,0
2004/04/22,13:43:00,7251,7251,7251,7251,0
2004/04/22,13:44:00,7251,7251,7251,7251,0
2004/04/22,13:45:00,7241,7241,7241,7241,671
