Date,Time,Open,High,Low,Close,Volume
2019/12/16,08:46:00,11932,11935,11925,11929,1473
2019/12/16,08:47:00,11928,11932,11926,11930,563
2019/12/16,08:48:00,11930,11942,11929,11937,807
2019/12/16,08:49:00,11937,11940,11936,11939,314
2019/12/16,08:50:00,11940,11942,11938,11938,388
2019/12/16,08:51:00,11940,11942,11935,11937,535
2019/12/16,08:52:00,11938,11938,11933,11935,511
2019/12/16,08:53:00,11936,11937,11931,11934,334
2019/12/16,08:54:00,11934,11936,11933,11935,143
2019/12/16,08:55:00,11935,11938,11934,11938,123
2019/12/16,08:56:00,11937,11939,11933,11936,239
2019/12/16,08:57:00,11937,11940,11936,11940,206
2019/12/16,08:58:00,11939,11944,11939,11941,346
2019/12/16,08:59:00,11941,11943,11938,11941,255
2019/12/16,09:00:00,11941,11942,11934,11939,454
2019/12/16,09:01:00,11939,11941,11928,11936,1173
2019/12/16,09:02:00,11936,11940,11933,11936,390
2019/12/16,09:03:00,11935,11936,11928,11929,554
2019/12/16,09:04:00,11928,11929,11922,11929,1034
2019/12/16,09:05:00,11929,11935,11927,11934,396
2019/12/16,09:06:00,11934,11941,11932,11939,502
2019/12/16,09:07:00,11939,11940,11930,11933,394
2019/12/16,09:08:00,11933,11934,11928,11931,349
2019/12/16,09:09:00,11932,11932,11928,11929,270
2019/12/16,09:10:00,11929,11934,11927,11934,280
2019/12/16,09:11:00,11935,11938,11933,11937,323
2019/12/16,09:12:00,11938,11941,11935,11938,537
2019/12/16,09:13:00,11938,11940,11934,11939,286
2019/12/16,09:14:00,11940,11946,11938,11946,837
2019/12/16,09:15:00,11945,11949,11942,11943,616
2019/12/16,09:16:00,11943,11947,11941,11943,420
2019/12/16,09:17:00,11942,11943,11938,11941,409
2019/12/16,09:18:00,11942,11943,11941,11943,144
2019/12/16,09:19:00,11943,11944,11941,11944,167
2019/12/16,09:20:00,11944,11948,11943,11948,182
2019/12/16,09:21:00,11948,11948,11943,11944,201
2019/12/16,09:22:00,11945,11947,11942,11943,230
2019/12/16,09:23:00,11942,11947,11941,11947,229
2019/12/16,09:24:00,11947,11948,11945,11946,206
2019/12/16,09:25:00,11946,11948,11945,11946,107
2019/12/16,09:26:00,11945,11946,11942,11944,222
2019/12/16,09:27:00,11944,11949,11942,11949,313
2019/12/16,09:28:00,11949,11955,11949,11954,766
2019/12/16,09:29:00,11955,11955,11949,11951,371
2019/12/16,09:30:00,11951,11954,11949,11953,356
2019/12/16,09:31:00,11953,11956,11952,11953,408
2019/12/16,09:32:00,11953,11955,11949,11952,404
2019/12/16,09:33:00,11951,11954,11950,11954,211
2019/12/16,09:34:00,11954,11956,11949,11953,379
2019/12/16,09:35:00,11953,11958,11950,11951,497
2019/12/16,09:36:00,11950,11951,11945,11946,475
2019/12/16,09:37:00,11946,11950,11945,11949,545
2019/12/16,09:38:00,11950,11950,11946,11946,168
2019/12/16,09:39:00,11947,11954,11946,11953,374
2019/12/16,09:40:00,11952,11958,11952,11956,434
2019/12/16,09:41:00,11958,11960,11956,11958,499
2019/12/16,09:42:00,11958,11964,11958,11964,735
2019/12/16,09:43:00,11964,11965,11960,11961,571
2019/12/16,09:44:00,11960,11968,11959,11966,932
2019/12/16,09:45:00,11965,11970,11965,11969,647
2019/12/16,09:46:00,11969,11972,11969,11971,842
2019/12/16,09:47:00,11971,11974,11966,11967,715
2019/12/16,09:48:00,11968,11972,11968,11969,356
2019/12/16,09:49:00,11970,11971,11969,11969,181
2019/12/16,09:50:00,11970,11972,11967,11972,361
2019/12/16,09:51:00,11971,11972,11965,11965,344
2019/12/16,09:52:00,11965,11966,11963,11964,289
2019/12/16,09:53:00,11964,11966,11964,11964,124
2019/12/16,09:54:00,11965,11968,11964,11966,171
2019/12/16,09:55:00,11967,11970,11963,11965,190
2019/12/16,09:56:00,11965,11967,11963,11964,200
2019/12/16,09:57:00,11964,11964,11959,11959,403
2019/12/16,09:58:00,11959,11963,11959,11959,329
2019/12/16,09:59:00,11959,11960,11956,11956,303
2019/12/16,10:00:00,11956,11956,11952,11954,507
2019/12/16,10:01:00,11954,11961,11954,11959,510
2019/12/16,10:02:00,11958,11964,11958,11964,298
2019/12/16,10:03:00,11964,11966,11961,11962,193
2019/12/16,10:04:00,11962,11965,11961,11961,190
2019/12/16,10:05:00,11961,11965,11960,11962,163
2019/12/16,10:06:00,11962,11964,11961,11962,161
2019/12/16,10:07:00,11963,11969,11963,11968,359
2019/12/16,10:08:00,11968,11970,11963,11965,257
2019/12/16,10:09:00,11964,11966,11962,11965,131
2019/12/16,10:10:00,11964,11965,11961,11964,264
2019/12/16,10:11:00,11964,11965,11962,11962,168
2019/12/16,10:12:00,11962,11965,11962,11964,100
2019/12/16,10:13:00,11964,11966,11963,11964,167
2019/12/16,10:14:00,11965,11968,11965,11965,144
2019/12/16,10:15:00,11965,11967,11965,11966,102
2019/12/16,10:16:00,11966,11968,11965,11967,131
2019/12/16,10:17:00,11967,11968,11966,11966,139
2019/12/16,10:18:00,11965,11968,11965,11966,144
2019/12/16,10:19:00,11966,11967,11964,11967,151
2019/12/16,10:20:00,11967,11970,11962,11962,307
2019/12/16,10:21:00,11962,11963,11957,11962,419
2019/12/16,10:22:00,11962,11967,11962,11966,180
2019/12/16,10:23:00,11966,11969,11965,11969,130
2019/12/16,10:24:00,11969,11976,11967,11974,880
2019/12/16,10:25:00,11974,11974,11971,11972,187
2019/12/16,10:26:00,11971,11972,11970,11971,213
2019/12/16,10:27:00,11971,11972,11969,11971,189
2019/12/16,10:28:00,11971,11972,11970,11971,75
2019/12/16,10:29:00,11970,11973,11967,11972,266
2019/12/16,10:30:00,11973,11974,11972,11972,103
2019/12/16,10:31:00,11972,11974,11969,11969,169
2019/12/16,10:32:00,11969,11970,11968,11969,113
2019/12/16,10:33:00,11969,11972,11968,11968,165
2019/12/16,10:34:00,11968,11968,11964,11966,332
2019/12/16,10:35:00,11966,11967,11965,11966,121
2019/12/16,10:36:00,11966,11967,11963,11963,186
2019/12/16,10:37:00,11963,11964,11956,11956,589
2019/12/16,10:38:00,11955,11957,11947,11947,1115
2019/12/16,10:39:00,11948,11948,11941,11943,900
2019/12/16,10:40:00,11943,11946,11941,11943,683
2019/12/16,10:41:00,11943,11947,11943,11947,302
2019/12/16,10:42:00,11947,11950,11947,11948,326
2019/12/16,10:43:00,11949,11949,11944,11944,282
2019/12/16,10:44:00,11944,11945,11939,11942,592
2019/12/16,10:45:00,11942,11942,11937,11939,391
2019/12/16,10:46:00,11939,11942,11938,11939,255
2019/12/16,10:47:00,11939,11942,11935,11940,548
2019/12/16,10:48:00,11940,11942,11938,11939,202
2019/12/16,10:49:00,11939,11943,11939,11943,259
2019/12/16,10:50:00,11942,11943,11939,11940,171
2019/12/16,10:51:00,11940,11949,11940,11948,314
2019/12/16,10:52:00,11948,11948,11943,11947,191
2019/12/16,10:53:00,11947,11947,11944,11944,96
2019/12/16,10:54:00,11945,11951,11944,11951,261
2019/12/16,10:55:00,11951,11951,11947,11948,179
2019/12/16,10:56:00,11948,11949,11945,11945,205
2019/12/16,10:57:00,11945,11946,11943,11945,152
2019/12/16,10:58:00,11945,11947,11944,11945,109
2019/12/16,10:59:00,11946,11950,11946,11948,132
2019/12/16,11:00:00,11947,11951,11947,11950,147
2019/12/16,11:01:00,11950,11951,11948,11948,84
2019/12/16,11:02:00,11948,11953,11948,11952,321
2019/12/16,11:03:00,11951,11955,11951,11954,262
2019/12/16,11:04:00,11955,11957,11954,11956,351
2019/12/16,11:05:00,11956,11957,11955,11956,76
2019/12/16,11:06:00,11956,11959,11956,11959,180
2019/12/16,11:07:00,11959,11963,11958,11961,241
2019/12/16,11:08:00,11961,11963,11961,11961,183
2019/12/16,11:09:00,11962,11963,11960,11963,164
2019/12/16,11:10:00,11963,11965,11962,11962,303
2019/12/16,11:11:00,11963,11964,11961,11961,123
2019/12/16,11:12:00,11961,11963,11961,11961,261
2019/12/16,11:13:00,11961,11962,11960,11960,113
2019/12/16,11:14:00,11961,11964,11960,11964,280
2019/12/16,11:15:00,11964,11968,11963,11966,374
2019/12/16,11:16:00,11966,11966,11962,11963,126
2019/12/16,11:17:00,11964,11966,11963,11964,84
2019/12/16,11:18:00,11964,11964,11962,11963,94
2019/12/16,11:19:00,11963,11964,11961,11964,100
2019/12/16,11:20:00,11964,11966,11963,11963,103
2019/12/16,11:21:00,11965,11965,11964,11964,38
2019/12/16,11:22:00,11964,11965,11964,11965,57
2019/12/16,11:23:00,11964,11966,11964,11965,66
2019/12/16,11:24:00,11966,11967,11965,11966,142
2019/12/16,11:25:00,11965,11967,11965,11966,69
2019/12/16,11:26:00,11966,11968,11965,11967,86
2019/12/16,11:27:00,11967,11967,11965,11966,40
2019/12/16,11:28:00,11966,11966,11964,11965,135
2019/12/16,11:29:00,11965,11967,11963,11963,156
2019/12/16,11:30:00,11964,11965,11963,11963,55
2019/12/16,11:31:00,11963,11964,11963,11964,43
2019/12/16,11:32:00,11964,11966,11964,11965,114
2019/12/16,11:33:00,11966,11968,11965,11968,168
2019/12/16,11:34:00,11967,11968,11966,11966,110
2019/12/16,11:35:00,11966,11968,11965,11967,56
2019/12/16,11:36:00,11967,11967,11965,11966,25
2019/12/16,11:37:00,11966,11966,11961,11961,182
2019/12/16,11:38:00,11961,11962,11960,11960,83
2019/12/16,11:39:00,11960,11963,11960,11960,113
2019/12/16,11:40:00,11961,11963,11961,11963,51
2019/12/16,11:41:00,11962,11962,11959,11959,140
2019/12/16,11:42:00,11959,11960,11957,11959,151
2019/12/16,11:43:00,11959,11960,11959,11960,18
2019/12/16,11:44:00,11960,11960,11959,11959,25
2019/12/16,11:45:00,11960,11961,11959,11960,65
2019/12/16,11:46:00,11960,11963,11960,11962,105
2019/12/16,11:47:00,11963,11963,11962,11962,29
2019/12/16,11:48:00,11961,11962,11961,11962,35
2019/12/16,11:49:00,11962,11963,11962,11962,8
2019/12/16,11:50:00,11963,11965,11963,11964,74
2019/12/16,11:51:00,11965,11965,11964,11964,138
2019/12/16,11:52:00,11963,11964,11962,11963,49
2019/12/16,11:53:00,11964,11965,11963,11965,35
2019/12/16,11:54:00,11964,11965,11964,11964,23
2019/12/16,11:55:00,11965,11965,11964,11965,16
2019/12/16,11:56:00,11964,11964,11963,11964,44
2019/12/16,11:57:00,11963,11964,11963,11964,78
2019/12/16,11:58:00,11964,11964,11963,11963,28
2019/12/16,11:59:00,11963,11964,11963,11963,40
2019/12/16,12:00:00,11962,11963,11962,11962,30
2019/12/16,12:01:00,11962,11963,11962,11963,31
2019/12/16,12:02:00,11963,11963,11960,11960,113
2019/12/16,12:03:00,11960,11965,11960,11963,113
2019/12/16,12:04:00,11964,11965,11963,11963,46
2019/12/16,12:05:00,11964,11965,11964,11964,48
2019/12/16,12:06:00,11964,11964,11963,11964,13
2019/12/16,12:07:00,11963,11964,11963,11964,30
2019/12/16,12:08:00,11964,11964,11963,11963,73
2019/12/16,12:09:00,11963,11964,11963,11964,18
2019/12/16,12:10:00,11963,11963,11962,11963,14
2019/12/16,12:11:00,11962,11963,11962,11962,18
2019/12/16,12:12:00,11962,11963,11961,11961,76
2019/12/16,12:13:00,11961,11964,11957,11960,438
2019/12/16,12:14:00,11962,11962,11961,11961,20
2019/12/16,12:15:00,11961,11961,11960,11960,48
2019/12/16,12:16:00,11960,11961,11959,11961,83
2019/12/16,12:17:00,11962,11962,11960,11961,29
2019/12/16,12:18:00,11961,11961,11960,11961,46
2019/12/16,12:19:00,11962,11962,11961,11961,22
2019/12/16,12:20:00,11961,11962,11961,11962,27
2019/12/16,12:21:00,11963,11966,11963,11965,192
2019/12/16,12:22:00,11965,11966,11965,11965,28
2019/12/16,12:23:00,11966,11967,11965,11966,68
2019/12/16,12:24:00,11966,11968,11966,11967,191
2019/12/16,12:25:00,11967,11970,11967,11970,238
2019/12/16,12:26:00,11970,11970,11969,11969,64
2019/12/16,12:27:00,11970,11970,11967,11968,115
2019/12/16,12:28:00,11968,11968,11966,11967,65
2019/12/16,12:29:00,11968,11970,11967,11969,82
2019/12/16,12:30:00,11969,11974,11969,11973,359
2019/12/16,12:31:00,11973,11974,11972,11973,111
2019/12/16,12:32:00,11973,11973,11972,11972,55
2019/12/16,12:33:00,11972,11973,11971,11973,88
2019/12/16,12:34:00,11972,11973,11971,11971,38
2019/12/16,12:35:00,11971,11972,11970,11971,95
2019/12/16,12:36:00,11971,11972,11971,11971,20
2019/12/16,12:37:00,11971,11971,11970,11970,47
2019/12/16,12:38:00,11971,11974,11971,11973,163
2019/12/16,12:39:00,11973,11973,11969,11971,125
2019/12/16,12:40:00,11971,11972,11971,11972,37
2019/12/16,12:41:00,11971,11972,11971,11972,5
2019/12/16,12:42:00,11972,11974,11972,11973,68
2019/12/16,12:43:00,11973,11973,11971,11971,62
2019/12/16,12:44:00,11970,11971,11970,11970,14
2019/12/16,12:45:00,11970,11971,11970,11970,92
2019/12/16,12:46:00,11969,11971,11967,11967,193
2019/12/16,12:47:00,11967,11969,11966,11968,143
2019/12/16,12:48:00,11968,11969,11968,11969,25
2019/12/16,12:49:00,11969,11969,11968,11969,31
2019/12/16,12:50:00,11968,11973,11968,11971,111
2019/12/16,12:51:00,11973,11973,11971,11973,78
2019/12/16,12:52:00,11973,11973,11970,11971,39
2019/12/16,12:53:00,11970,11971,11970,11970,39
2019/12/16,12:54:00,11971,11971,11970,11971,13
2019/12/16,12:55:00,11970,11970,11968,11968,80
2019/12/16,12:56:00,11969,11970,11968,11968,43
2019/12/16,12:57:00,11968,11969,11968,11969,20
2019/12/16,12:58:00,11969,11969,11967,11969,83
2019/12/16,12:59:00,11968,11969,11967,11967,42
2019/12/16,13:00:00,11968,11968,11967,11967,46
2019/12/16,13:01:00,11967,11968,11967,11967,50
2019/12/16,13:02:00,11967,11967,11965,11965,183
2019/12/16,13:03:00,11965,11969,11965,11969,149
2019/12/16,13:04:00,11969,11970,11967,11968,43
2019/12/16,13:05:00,11967,11967,11963,11964,139
2019/12/16,13:06:00,11964,11965,11963,11964,110
2019/12/16,13:07:00,11964,11964,11962,11963,94
2019/12/16,13:08:00,11963,11965,11962,11962,127
2019/12/16,13:09:00,11961,11962,11958,11958,331
2019/12/16,13:10:00,11957,11959,11954,11956,349
2019/12/16,13:11:00,11955,11959,11955,11959,145
2019/12/16,13:12:00,11959,11960,11958,11958,83
2019/12/16,13:13:00,11959,11960,11958,11960,40
2019/12/16,13:14:00,11959,11962,11959,11962,117
2019/12/16,13:15:00,11962,11963,11961,11961,128
2019/12/16,13:16:00,11961,11963,11960,11963,100
2019/12/16,13:17:00,11963,11964,11962,11962,111
2019/12/16,13:18:00,11962,11964,11961,11963,68
2019/12/16,13:19:00,11963,11965,11962,11965,51
2019/12/16,13:20:00,11965,11967,11964,11965,143
2019/12/16,13:21:00,11965,11965,11963,11963,69
2019/12/16,13:22:00,11963,11963,11958,11959,173
2019/12/16,13:23:00,11959,11961,11959,11959,74
2019/12/16,13:24:00,11959,11961,11958,11960,72
2019/12/16,13:25:00,11959,11962,11958,11959,209
2019/12/16,13:26:00,11960,11960,11952,11952,583
2019/12/16,13:27:00,11952,11955,11949,11954,501
2019/12/16,13:28:00,11954,11955,11951,11954,280
2019/12/16,13:29:00,11954,11955,11953,11953,131
2019/12/16,13:30:00,11953,11955,11949,11950,348
2019/12/16,13:31:00,11949,11953,11947,11950,692
2019/12/16,13:32:00,11950,11951,11946,11946,263
2019/12/16,13:33:00,11946,11948,11945,11947,273
2019/12/16,13:34:00,11946,11948,11945,11946,298
2019/12/16,13:35:00,11947,11947,11944,11944,203
2019/12/16,13:36:00,11945,11946,11942,11946,393
2019/12/16,13:37:00,11945,11946,11944,11945,110
2019/12/16,13:38:00,11946,11946,11945,11945,51
2019/12/16,13:39:00,11945,11946,11943,11943,184
2019/12/16,13:40:00,11944,11945,11943,11944,170
2019/12/16,13:41:00,11945,11949,11944,11949,287
2019/12/16,13:42:00,11949,11951,11948,11951,297
2019/12/16,13:43:00,11951,11953,11951,11952,313
2019/12/16,13:44:00,11952,11957,11951,11956,393
2019/12/16,13:45:00,11956,11962,11955,11961,1591
