Date,Time,Open,High,Low,Close,Volume
2001/03/16,08:46:00,5742,5742,5742,5742,45
2001/03/16,08:47:00,5742,5746,5742,5746,15
2001/03/16,08:48:00,5742,5744,5742,5742,29
2001/03/16,08:49:00,5741,5741,5732,5740,23
2001/03/16,08:50:00,5733,5737,5732,5734,11
2001/03/16,08:51:00,5737,5739,5734,5737,16
2001/03/16,08:52:00,5734,5737,5734,5737,13
2001/03/16,08:53:00,5737,5742,5737,5737,22
2001/03/16,08:54:00,5741,5742,5741,5742,16
2001/03/16,08:55:00,5747,5747,5742,5746,23
2001/03/16,08:56:00,5747,5747,5742,5746,9
2001/03/16,08:57:00,5747,5747,5746,5747,12
2001/03/16,08:58:00,5747,5748,5747,5748,9
2001/03/16,08:59:00,5748,5748,5747,5748,8
2001/03/16,09:00:00,5748,5748,5747,5747,9
2001/03/16,09:01:00,5748,5751,5748,5748,17
2001/03/16,09:02:00,5749,5751,5747,5747,17
2001/03/16,09:03:00,5747,5749,5744,5749,17
2001/03/16,09:04:00,5744,5750,5743,5745,35
2001/03/16,09:05:00,5748,5750,5745,5745,36
2001/03/16,09:06:00,5747,5748,5747,5748,31
2001/03/16,09:07:00,5744,5745,5736,5742,61
2001/03/16,09:08:00,5736,5742,5736,5741,23
2001/03/16,09:09:00,5738,5744,5738,5744,29
2001/03/16,09:10:00,5742,5742,5740,5740,20
2001/03/16,09:11:00,5742,5742,5740,5741,22
2001/03/16,09:12:00,5741,5747,5741,5742,38
2001/03/16,09:13:00,5747,5747,5742,5742,28
2001/03/16,09:14:00,5742,5744,5742,5744,19
2001/03/16,09:15:00,5744,5751,5744,5751,27
2001/03/16,09:16:00,5752,5761,5752,5761,30
2001/03/16,09:17:00,5767,5768,5765,5765,22
2001/03/16,09:18:00,5766,5767,5758,5767,23
2001/03/16,09:19:00,5767,5768,5767,5767,31
2001/03/16,09:20:00,5767,5771,5767,5771,28
2001/03/16,09:21:00,5768,5772,5768,5772,47
2001/03/16,09:22:00,5772,5774,5771,5772,37
2001/03/16,09:23:00,5781,5781,5769,5777,51
2001/03/16,09:24:00,5777,5777,5772,5772,19
2001/03/16,09:25:00,5775,5775,5772,5772,17
2001/03/16,09:26:00,5772,5772,5770,5770,29
2001/03/16,09:27:00,5769,5770,5768,5770,20
2001/03/16,09:28:00,5772,5774,5770,5774,33
2001/03/16,09:29:00,5780,5787,5775,5786,56
2001/03/16,09:30:00,5786,5787,5784,5784,32
2001/03/16,09:31:00,5788,5788,5783,5783,56
2001/03/16,09:32:00,5790,5790,5782,5785,33
2001/03/16,09:33:00,5785,5785,5782,5784,17
2001/03/16,09:34:00,5784,5786,5784,5784,25
2001/03/16,09:35:00,5783,5785,5783,5783,27
2001/03/16,09:36:00,5783,5783,5782,5782,40
2001/03/16,09:37:00,5782,5782,5772,5772,32
2001/03/16,09:38:00,5772,5772,5769,5769,26
2001/03/16,09:39:00,5767,5767,5757,5765,23
2001/03/16,09:40:00,5757,5760,5757,5758,20
2001/03/16,09:41:00,5758,5758,5755,5758,37
2001/03/16,09:42:00,5755,5762,5755,5762,25
2001/03/16,09:43:00,5766,5766,5762,5762,5
2001/03/16,09:44:00,5762,5762,5759,5760,16
2001/03/16,09:45:00,5762,5762,5757,5761,15
2001/03/16,09:46:00,5762,5764,5762,5764,16
2001/03/16,09:47:00,5767,5769,5767,5767,17
2001/03/16,09:48:00,5767,5767,5764,5767,13
2001/03/16,09:49:00,5762,5765,5762,5765,5
2001/03/16,09:50:00,5763,5767,5762,5763,15
2001/03/16,09:51:00,5766,5766,5766,5766,3
2001/03/16,09:52:00,5764,5767,5764,5767,7
2001/03/16,09:53:00,5764,5767,5764,5766,21
2001/03/16,09:54:00,5766,5767,5764,5767,8
2001/03/16,09:55:00,5768,5769,5767,5767,16
2001/03/16,09:56:00,5767,5767,5763,5763,16
2001/03/16,09:57:00,5763,5763,5762,5763,12
2001/03/16,09:58:00,5763,5763,5763,5763,7
2001/03/16,09:59:00,5763,5763,5763,5763,7
2001/03/16,10:00:00,5763,5763,5762,5762,6
2001/03/16,10:01:00,5762,5762,5762,5762,10
2001/03/16,10:02:00,5762,5762,5754,5754,14
2001/03/16,10:03:00,5754,5754,5747,5747,28
2001/03/16,10:04:00,5748,5752,5747,5749,18
2001/03/16,10:05:00,5747,5747,5745,5747,18
2001/03/16,10:06:00,5752,5752,5747,5747,25
2001/03/16,10:07:00,5745,5748,5744,5744,27
2001/03/16,10:08:00,5742,5747,5742,5742,52
2001/03/16,10:09:00,5742,5743,5742,5743,22
2001/03/16,10:10:00,5743,5747,5743,5747,11
2001/03/16,10:11:00,5744,5751,5744,5744,17
2001/03/16,10:12:00,5747,5747,5745,5747,9
2001/03/16,10:13:00,5745,5745,5742,5743,35
2001/03/16,10:14:00,5744,5746,5744,5746,9
2001/03/16,10:15:00,5747,5751,5746,5751,35
2001/03/16,10:16:00,5748,5750,5748,5748,5
2001/03/16,10:17:00,5748,5752,5748,5752,15
2001/03/16,10:18:00,5757,5757,5752,5757,13
2001/03/16,10:19:00,5756,5757,5755,5757,5
2001/03/16,10:20:00,5756,5757,5756,5757,6
2001/03/16,10:21:00,5756,5757,5756,5757,2
2001/03/16,10:22:00,5756,5759,5756,5759,12
2001/03/16,10:23:00,5756,5761,5752,5752,25
2001/03/16,10:24:00,5761,5761,5752,5757,15
2001/03/16,10:25:00,5760,5762,5758,5758,21
2001/03/16,10:26:00,5757,5758,5757,5757,8
2001/03/16,10:27:00,5758,5762,5758,5762,11
2001/03/16,10:28:00,5757,5760,5757,5760,3
2001/03/16,10:29:00,5760,5760,5754,5754,6
2001/03/16,10:30:00,5754,5754,5754,5754,1
2001/03/16,10:31:00,5759,5759,5759,5759,2
2001/03/16,10:32:00,5755,5755,5755,5755,6
2001/03/16,10:33:00,5755,5755,5754,5754,3
2001/03/16,10:34:00,5753,5753,5752,5752,22
2001/03/16,10:35:00,5752,5752,5752,5752,4
2001/03/16,10:36:00,5752,5752,5751,5752,11
2001/03/16,10:37:00,5752,5754,5752,5754,4
2001/03/16,10:38:00,5757,5759,5755,5757,12
2001/03/16,10:39:00,5757,5759,5757,5757,6
2001/03/16,10:40:00,5757,5757,5757,5757,4
2001/03/16,10:41:00,5760,5760,5752,5752,14
2001/03/16,10:42:00,5751,5751,5749,5749,9
2001/03/16,10:43:00,5748,5748,5744,5744,67
2001/03/16,10:44:00,5743,5745,5742,5742,69
2001/03/16,10:45:00,5743,5743,5737,5741,28
2001/03/16,10:46:00,5737,5741,5737,5738,31
2001/03/16,10:47:00,5738,5740,5738,5740,8
2001/03/16,10:48:00,5740,5747,5740,5742,10
2001/03/16,10:49:00,5742,5743,5742,5743,4
2001/03/16,10:50:00,5742,5742,5739,5739,25
2001/03/16,10:51:00,5739,5742,5738,5738,19
2001/03/16,10:52:00,5742,5742,5738,5738,7
2001/03/16,10:53:00,5739,5739,5738,5738,7
2001/03/16,10:54:00,5738,5739,5738,5739,12
2001/03/16,10:55:00,5739,5741,5739,5739,16
2001/03/16,10:56:00,5739,5742,5738,5742,20
2001/03/16,10:57:00,5742,5742,5740,5740,6
2001/03/16,10:58:00,5742,5747,5742,5747,17
2001/03/16,10:59:00,5747,5748,5747,5748,10
2001/03/16,11:00:00,5749,5750,5745,5750,6
2001/03/16,11:01:00,5751,5751,5745,5746,12
2001/03/16,11:02:00,5747,5747,5745,5745,7
2001/03/16,11:03:00,5745,5745,5744,5744,11
2001/03/16,11:04:00,5747,5747,5745,5745,5
2001/03/16,11:05:00,5744,5745,5742,5742,9
2001/03/16,11:06:00,5745,5745,5743,5743,4
2001/03/16,11:07:00,5747,5747,5742,5742,10
2001/03/16,11:08:00,5742,5742,5742,5742,0
2001/03/16,11:09:00,5742,5742,5742,5742,8
2001/03/16,11:10:00,5742,5742,5742,5742,2
2001/03/16,11:11:00,5742,5751,5742,5751,29
2001/03/16,11:12:00,5750,5757,5750,5757,32
2001/03/16,11:13:00,5757,5757,5755,5757,22
2001/03/16,11:14:00,5757,5757,5752,5756,9
2001/03/16,11:15:00,5756,5756,5753,5753,3
2001/03/16,11:16:00,5756,5756,5756,5756,2
2001/03/16,11:17:00,5755,5757,5755,5757,12
2001/03/16,11:18:00,5757,5757,5755,5755,4
2001/03/16,11:19:00,5755,5756,5754,5756,5
2001/03/16,11:20:00,5756,5757,5756,5757,8
2001/03/16,11:21:00,5757,5758,5757,5758,5
2001/03/16,11:22:00,5757,5757,5757,5757,7
2001/03/16,11:23:00,5754,5754,5754,5754,7
2001/03/16,11:24:00,5753,5753,5752,5752,6
2001/03/16,11:25:00,5753,5753,5752,5752,4
2001/03/16,11:26:00,5748,5748,5748,5748,3
2001/03/16,11:27:00,5748,5748,5748,5748,2
2001/03/16,11:28:00,5747,5747,5747,5747,4
2001/03/16,11:29:00,5747,5749,5747,5749,5
2001/03/16,11:30:00,5752,5754,5752,5754,6
2001/03/16,11:31:00,5752,5752,5747,5752,4
2001/03/16,11:32:00,5748,5748,5747,5747,2
2001/03/16,11:33:00,5748,5748,5748,5748,1
2001/03/16,11:34:00,5752,5752,5747,5747,9
2001/03/16,11:35:00,5752,5752,5752,5752,4
2001/03/16,11:36:00,5752,5752,5749,5749,3
2001/03/16,11:37:00,5749,5752,5749,5749,5
2001/03/16,11:38:00,5752,5752,5752,5752,10
2001/03/16,11:39:00,5753,5753,5752,5752,5
2001/03/16,11:40:00,5753,5753,5752,5752,6
2001/03/16,11:41:00,5752,5757,5752,5757,8
2001/03/16,11:42:00,5758,5758,5754,5758,7
2001/03/16,11:43:00,5759,5759,5758,5759,3
2001/03/16,11:44:00,5760,5761,5760,5761,19
2001/03/16,11:45:00,5760,5762,5760,5762,6
2001/03/16,11:46:00,5761,5764,5761,5761,20
2001/03/16,11:47:00,5761,5763,5759,5763,11
2001/03/16,11:48:00,5762,5764,5762,5764,7
2001/03/16,11:49:00,5762,5766,5762,5766,11
2001/03/16,11:50:00,5762,5764,5762,5764,11
2001/03/16,11:51:00,5763,5763,5762,5762,9
2001/03/16,11:52:00,5762,5766,5762,5763,13
2001/03/16,11:53:00,5763,5767,5763,5766,7
2001/03/16,11:54:00,5766,5769,5766,5769,11
2001/03/16,11:55:00,5769,5769,5766,5767,11
2001/03/16,11:56:00,5762,5767,5762,5763,8
2001/03/16,11:57:00,5763,5763,5762,5763,6
2001/03/16,11:58:00,5765,5765,5762,5762,4
2001/03/16,11:59:00,5760,5760,5758,5758,13
2001/03/16,12:00:00,5760,5762,5760,5760,5
2001/03/16,12:01:00,5762,5762,5762,5762,13
2001/03/16,12:02:00,5758,5758,5758,5758,6
2001/03/16,12:03:00,5757,5757,5757,5757,2
2001/03/16,12:04:00,5757,5761,5757,5758,8
2001/03/16,12:05:00,5762,5762,5758,5758,6
2001/03/16,12:06:00,5762,5767,5759,5764,19
2001/03/16,12:07:00,5763,5763,5762,5762,4
2001/03/16,12:08:00,5762,5767,5762,5767,7
2001/03/16,12:09:00,5767,5767,5767,5767,7
2001/03/16,12:10:00,5767,5767,5767,5767,3
2001/03/16,12:11:00,5767,5768,5767,5768,14
2001/03/16,12:12:00,5762,5767,5762,5767,8
2001/03/16,12:13:00,5763,5767,5763,5767,5
2001/03/16,12:14:00,5762,5762,5762,5762,3
2001/03/16,12:15:00,5762,5767,5762,5765,9
2001/03/16,12:16:00,5763,5763,5760,5760,4
2001/03/16,12:17:00,5766,5767,5760,5767,9
2001/03/16,12:18:00,5767,5767,5767,5767,1
2001/03/16,12:19:00,5764,5767,5764,5767,3
2001/03/16,12:20:00,5767,5767,5764,5764,5
2001/03/16,12:21:00,5767,5769,5759,5767,10
2001/03/16,12:22:00,5768,5771,5768,5771,16
2001/03/16,12:23:00,5772,5773,5772,5773,33
2001/03/16,12:24:00,5772,5780,5772,5780,17
2001/03/16,12:25:00,5781,5782,5778,5782,29
2001/03/16,12:26:00,5785,5787,5785,5787,47
2001/03/16,12:27:00,5785,5785,5782,5782,25
2001/03/16,12:28:00,5784,5784,5781,5782,19
2001/03/16,12:29:00,5782,5782,5777,5777,10
2001/03/16,12:30:00,5781,5782,5778,5779,13
2001/03/16,12:31:00,5778,5782,5778,5779,17
2001/03/16,12:32:00,5777,5777,5777,5777,17
2001/03/16,12:33:00,5774,5775,5772,5772,17
2001/03/16,12:34:00,5772,5772,5772,5772,31
2001/03/16,12:35:00,5772,5772,5767,5767,16
2001/03/16,12:36:00,5765,5772,5765,5772,15
2001/03/16,12:37:00,5772,5772,5767,5771,4
2001/03/16,12:38:00,5772,5772,5768,5772,13
2001/03/16,12:39:00,5771,5772,5768,5768,7
2001/03/16,12:40:00,5768,5768,5768,5768,2
2001/03/16,12:41:00,5768,5772,5768,5770,3
2001/03/16,12:42:00,5772,5772,5772,5772,14
2001/03/16,12:43:00,5777,5780,5773,5773,6
2001/03/16,12:44:00,5778,5778,5777,5777,2
2001/03/16,12:45:00,5775,5775,5772,5772,12
2001/03/16,12:46:00,5772,5772,5770,5770,8
2001/03/16,12:47:00,5774,5781,5768,5781,23
2001/03/16,12:48:00,5781,5782,5775,5781,12
2001/03/16,12:49:00,5782,5783,5777,5783,14
2001/03/16,12:50:00,5784,5787,5783,5787,14
2001/03/16,12:51:00,5790,5790,5787,5787,36
2001/03/16,12:52:00,5790,5791,5787,5787,35
2001/03/16,12:53:00,5784,5789,5784,5789,17
2001/03/16,12:54:00,5790,5790,5786,5786,15
2001/03/16,12:55:00,5786,5787,5786,5787,10
2001/03/16,12:56:00,5789,5789,5784,5786,20
2001/03/16,12:57:00,5787,5787,5783,5784,30
2001/03/16,12:58:00,5790,5790,5787,5790,15
2001/03/16,12:59:00,5790,5790,5787,5790,7
2001/03/16,13:00:00,5791,5802,5791,5802,55
2001/03/16,13:01:00,5804,5805,5802,5802,50
2001/03/16,13:02:00,5802,5802,5797,5801,37
2001/03/16,13:03:00,5802,5807,5802,5806,30
2001/03/16,13:04:00,5803,5805,5802,5802,27
2001/03/16,13:05:00,5805,5805,5795,5797,25
2001/03/16,13:06:00,5801,5801,5795,5795,19
2001/03/16,13:07:00,5794,5799,5794,5797,13
2001/03/16,13:08:00,5793,5793,5792,5792,25
2001/03/16,13:09:00,5792,5792,5788,5788,10
2001/03/16,13:10:00,5787,5788,5787,5787,13
2001/03/16,13:11:00,5782,5791,5782,5782,15
2001/03/16,13:12:00,5782,5782,5773,5773,24
2001/03/16,13:13:00,5782,5782,5777,5778,12
2001/03/16,13:14:00,5782,5782,5775,5775,21
2001/03/16,13:15:00,5775,5782,5775,5778,7
2001/03/16,13:16:00,5782,5782,5776,5776,10
2001/03/16,13:17:00,5776,5780,5776,5777,10
2001/03/16,13:18:00,5776,5780,5775,5780,23
2001/03/16,13:19:00,5773,5773,5773,5773,15
2001/03/16,13:20:00,5773,5773,5767,5767,24
2001/03/16,13:21:00,5767,5767,5762,5762,15
2001/03/16,13:22:00,5767,5767,5763,5764,10
2001/03/16,13:23:00,5764,5765,5764,5764,19
2001/03/16,13:24:00,5763,5763,5752,5753,59
2001/03/16,13:25:00,5752,5754,5752,5752,27
2001/03/16,13:26:00,5752,5752,5749,5749,59
2001/03/16,13:27:00,5749,5754,5749,5754,25
2001/03/16,13:28:00,5754,5757,5754,5755,18
2001/03/16,13:29:00,5755,5755,5753,5755,28
2001/03/16,13:30:00,5752,5752,5752,5752,55
2001/03/16,13:31:00,5752,5752,5748,5748,18
2001/03/16,13:32:00,5752,5752,5747,5751,14
2001/03/16,13:33:00,5751,5752,5751,5752,34
2001/03/16,13:34:00,5752,5756,5752,5752,14
2001/03/16,13:35:00,5752,5757,5752,5752,13
2001/03/16,13:36:00,5752,5756,5752,5754,20
2001/03/16,13:37:00,5757,5758,5754,5758,15
2001/03/16,13:38:00,5758,5758,5754,5754,18
2001/03/16,13:39:00,5754,5756,5754,5754,37
2001/03/16,13:40:00,5752,5754,5752,5752,45
2001/03/16,13:41:00,5753,5753,5753,5753,9
2001/03/16,13:42:00,5753,5753,5753,5753,0
2001/03/16,13:43:00,5753,5753,5753,5753,0
2001/03/16,13:44:00,5753,5753,5753,5753,0
2001/03/16,13:45:00,5752,5752,5752,5752,145
