Date,Time,Open,High,Low,Close,Volume
2016/01/11,08:46:00,13054,13071,13050,13070,3525
2016/01/11,08:47:00,13071,13072,13062,13063,1325
2016/01/11,08:48:00,13063,13065,13058,13058,696
2016/01/11,08:49:00,13059,13061,13046,13053,1367
2016/01/11,08:50:00,13053,13054,13045,13048,903
2016/01/11,08:51:00,13047,13058,13046,13057,1183
2016/01/11,08:52:00,13057,13060,13055,13056,530
2016/01/11,08:53:00,13057,13060,13053,13054,664
2016/01/11,08:54:00,13054,13061,13053,13058,457
2016/01/11,08:55:00,13059,13067,13059,13066,570
2016/01/11,08:56:00,13066,13071,13064,13070,561
2016/01/11,08:57:00,13071,13073,13066,13068,466
2016/01/11,08:58:00,13068,13077,13067,13072,685
2016/01/11,08:59:00,13072,13089,13072,13086,1057
2016/01/11,09:00:00,13084,13089,13082,13084,824
2016/01/11,09:01:00,13085,13099,13081,13090,1594
2016/01/11,09:02:00,13089,13092,13077,13085,1401
2016/01/11,09:03:00,13085,13093,13079,13091,787
2016/01/11,09:04:00,13091,13098,13086,13090,1006
2016/01/11,09:05:00,13090,13091,13069,13074,1486
2016/01/11,09:06:00,13074,13081,13071,13075,902
2016/01/11,09:07:00,13075,13076,13068,13073,1002
2016/01/11,09:08:00,13073,13087,13073,13084,847
2016/01/11,09:09:00,13084,13087,13060,13061,1184
2016/01/11,09:10:00,13062,13074,13059,13067,1616
2016/01/11,09:11:00,13067,13070,13037,13043,3930
2016/01/11,09:12:00,13042,13043,13025,13026,2367
2016/01/11,09:13:00,13026,13026,13007,13014,2615
2016/01/11,09:14:00,13014,13029,13008,13022,1993
2016/01/11,09:15:00,13022,13027,13019,13020,1075
2016/01/11,09:16:00,13021,13040,13019,13038,2092
2016/01/11,09:17:00,13038,13039,13029,13034,1023
2016/01/11,09:18:00,13032,13042,13032,13040,945
2016/01/11,09:19:00,13041,13041,13032,13035,693
2016/01/11,09:20:00,13035,13036,13024,13030,865
2016/01/11,09:21:00,13029,13031,13013,13017,1357
2016/01/11,09:22:00,13016,13016,12996,13005,3322
2016/01/11,09:23:00,13005,13007,12999,13006,1236
2016/01/11,09:24:00,13006,13027,13004,13020,1514
2016/01/11,09:25:00,13020,13024,13014,13023,720
2016/01/11,09:26:00,13024,13024,13007,13012,909
2016/01/11,09:27:00,13012,13015,13008,13015,612
2016/01/11,09:28:00,13015,13021,13008,13021,1164
2016/01/11,09:29:00,13021,13040,13019,13037,1654
2016/01/11,09:30:00,13037,13039,13027,13027,735
2016/01/11,09:31:00,13027,13027,13002,13005,2025
2016/01/11,09:32:00,13007,13021,13000,13021,1576
2016/01/11,09:33:00,13021,13031,13008,13014,1185
2016/01/11,09:34:00,13014,13018,13006,13008,945
2016/01/11,09:35:00,13008,13018,13007,13013,489
2016/01/11,09:36:00,13014,13027,13010,13022,939
2016/01/11,09:37:00,13022,13029,13017,13029,774
2016/01/11,09:38:00,13029,13031,13019,13027,808
2016/01/11,09:39:00,13028,13031,13021,13027,786
2016/01/11,09:40:00,13028,13032,13023,13027,615
2016/01/11,09:41:00,13027,13046,13025,13033,2190
2016/01/11,09:42:00,13033,13039,13031,13033,844
2016/01/11,09:43:00,13032,13035,13017,13017,782
2016/01/11,09:44:00,13017,13026,13014,13024,776
2016/01/11,09:45:00,13024,13039,13021,13035,878
2016/01/11,09:46:00,13035,13052,13032,13050,1852
2016/01/11,09:47:00,13049,13066,13042,13063,2685
2016/01/11,09:48:00,13064,13064,13054,13058,1101
2016/01/11,09:49:00,13058,13061,13055,13055,717
2016/01/11,09:50:00,13055,13064,13055,13058,628
2016/01/11,09:51:00,13058,13064,13057,13060,807
2016/01/11,09:52:00,13061,13075,13061,13068,1816
2016/01/11,09:53:00,13067,13070,13062,13062,693
2016/01/11,09:54:00,13062,13065,13051,13054,969
2016/01/11,09:55:00,13054,13056,13050,13050,466
2016/01/11,09:56:00,13051,13053,13045,13045,676
2016/01/11,09:57:00,13045,13051,13042,13051,666
2016/01/11,09:58:00,13051,13068,13050,13064,1333
2016/01/11,09:59:00,13065,13065,13057,13059,454
2016/01/11,10:00:00,13060,13069,13058,13066,621
2016/01/11,10:01:00,13067,13068,13059,13064,449
2016/01/11,10:02:00,13063,13066,13058,13066,423
2016/01/11,10:03:00,13066,13070,13057,13061,601
2016/01/11,10:04:00,13060,13066,13059,13064,230
2016/01/11,10:05:00,13064,13069,13061,13065,433
2016/01/11,10:06:00,13065,13072,13063,13070,661
2016/01/11,10:07:00,13070,13073,13064,13068,581
2016/01/11,10:08:00,13068,13069,13063,13065,379
2016/01/11,10:09:00,13066,13069,13065,13068,252
2016/01/11,10:10:00,13068,13082,13067,13082,1421
2016/01/11,10:11:00,13081,13092,13077,13077,2001
2016/01/11,10:12:00,13078,13086,13078,13085,842
2016/01/11,10:13:00,13084,13090,13077,13084,912
2016/01/11,10:14:00,13085,13089,13080,13083,797
2016/01/11,10:15:00,13084,13088,13079,13087,700
2016/01/11,10:16:00,13087,13101,13083,13093,2557
2016/01/11,10:17:00,13093,13094,13079,13080,944
2016/01/11,10:18:00,13079,13085,13078,13084,606
2016/01/11,10:19:00,13084,13086,13072,13073,803
2016/01/11,10:20:00,13073,13077,13070,13071,644
2016/01/11,10:21:00,13070,13075,13070,13074,508
2016/01/11,10:22:00,13074,13074,13065,13065,614
2016/01/11,10:23:00,13066,13072,13063,13072,643
2016/01/11,10:24:00,13071,13073,13068,13070,398
2016/01/11,10:25:00,13069,13077,13069,13072,489
2016/01/11,10:26:00,13072,13077,13071,13074,245
2016/01/11,10:27:00,13074,13079,13072,13073,412
2016/01/11,10:28:00,13072,13074,13071,13072,188
2016/01/11,10:29:00,13072,13077,13070,13073,334
2016/01/11,10:30:00,13074,13083,13073,13083,411
2016/01/11,10:31:00,13082,13088,13081,13087,650
2016/01/11,10:32:00,13086,13092,13082,13084,575
2016/01/11,10:33:00,13084,13095,13083,13091,546
2016/01/11,10:34:00,13092,13109,13090,13103,1914
2016/01/11,10:35:00,13103,13107,13101,13102,754
2016/01/11,10:36:00,13102,13108,13099,13100,788
2016/01/11,10:37:00,13100,13103,13095,13098,606
2016/01/11,10:38:00,13097,13101,13095,13097,299
2016/01/11,10:39:00,13097,13099,13087,13088,754
2016/01/11,10:40:00,13088,13090,13083,13085,691
2016/01/11,10:41:00,13085,13091,13085,13089,316
2016/01/11,10:42:00,13090,13092,13088,13089,199
2016/01/11,10:43:00,13089,13094,13088,13089,281
2016/01/11,10:44:00,13089,13092,13088,13089,153
2016/01/11,10:45:00,13089,13090,13084,13087,380
2016/01/11,10:46:00,13088,13090,13086,13088,209
2016/01/11,10:47:00,13087,13089,13078,13080,747
2016/01/11,10:48:00,13080,13081,13075,13075,476
2016/01/11,10:49:00,13075,13078,13069,13069,734
2016/01/11,10:50:00,13070,13075,13069,13073,349
2016/01/11,10:51:00,13073,13074,13072,13073,133
2016/01/11,10:52:00,13073,13077,13071,13077,345
2016/01/11,10:53:00,13077,13079,13076,13079,245
2016/01/11,10:54:00,13079,13079,13072,13073,242
2016/01/11,10:55:00,13074,13075,13072,13074,161
2016/01/11,10:56:00,13074,13075,13072,13074,156
2016/01/11,10:57:00,13074,13084,13072,13083,724
2016/01/11,10:58:00,13083,13084,13079,13083,241
2016/01/11,10:59:00,13082,13085,13081,13082,233
2016/01/11,11:00:00,13082,13085,13079,13081,182
2016/01/11,11:01:00,13080,13082,13072,13074,400
2016/01/11,11:02:00,13073,13077,13072,13074,247
2016/01/11,11:03:00,13075,13076,13066,13069,757
2016/01/11,11:04:00,13070,13071,13067,13068,207
2016/01/11,11:05:00,13068,13070,13064,13064,565
2016/01/11,11:06:00,13064,13067,13061,13066,604
2016/01/11,11:07:00,13066,13069,13064,13068,270
2016/01/11,11:08:00,13067,13068,13064,13064,192
2016/01/11,11:09:00,13064,13072,13063,13071,376
2016/01/11,11:10:00,13071,13072,13068,13071,350
2016/01/11,11:11:00,13072,13072,13066,13067,238
2016/01/11,11:12:00,13067,13072,13065,13071,229
2016/01/11,11:13:00,13071,13071,13066,13069,199
2016/01/11,11:14:00,13069,13070,13068,13068,63
2016/01/11,11:15:00,13069,13069,13060,13061,439
2016/01/11,11:16:00,13061,13062,13056,13056,841
2016/01/11,11:17:00,13058,13058,13052,13054,717
2016/01/11,11:18:00,13053,13056,13051,13055,704
2016/01/11,11:19:00,13055,13056,13051,13052,405
2016/01/11,11:20:00,13052,13058,13050,13056,633
2016/01/11,11:21:00,13056,13057,13051,13051,401
2016/01/11,11:22:00,13051,13058,13051,13056,488
2016/01/11,11:23:00,13054,13056,13053,13054,237
2016/01/11,11:24:00,13054,13062,13052,13061,623
2016/01/11,11:25:00,13061,13064,13059,13060,542
2016/01/11,11:26:00,13060,13064,13059,13061,383
2016/01/11,11:27:00,13061,13067,13061,13067,391
2016/01/11,11:28:00,13067,13070,13064,13069,301
2016/01/11,11:29:00,13068,13072,13067,13068,386
2016/01/11,11:30:00,13069,13069,13067,13068,134
2016/01/11,11:31:00,13068,13069,13063,13065,373
2016/01/11,11:32:00,13065,13065,13062,13063,99
2016/01/11,11:33:00,13063,13069,13062,13068,150
2016/01/11,11:34:00,13069,13071,13069,13069,178
2016/01/11,11:35:00,13069,13072,13068,13071,200
2016/01/11,11:36:00,13071,13071,13067,13070,165
2016/01/11,11:37:00,13070,13073,13070,13072,119
2016/01/11,11:38:00,13072,13075,13071,13073,373
2016/01/11,11:39:00,13073,13078,13073,13074,365
2016/01/11,11:40:00,13075,13076,13074,13075,90
2016/01/11,11:41:00,13075,13076,13071,13072,211
2016/01/11,11:42:00,13072,13077,13072,13076,158
2016/01/11,11:43:00,13077,13078,13073,13074,222
2016/01/11,11:44:00,13075,13078,13073,13078,140
2016/01/11,11:45:00,13078,13080,13077,13079,211
2016/01/11,11:46:00,13079,13083,13074,13075,559
2016/01/11,11:47:00,13075,13076,13073,13073,139
2016/01/11,11:48:00,13073,13075,13073,13075,123
2016/01/11,11:49:00,13075,13079,13075,13079,122
2016/01/11,11:50:00,13079,13088,13078,13085,500
2016/01/11,11:51:00,13085,13094,13083,13092,891
2016/01/11,11:52:00,13093,13093,13088,13091,388
2016/01/11,11:53:00,13091,13092,13089,13089,200
2016/01/11,11:54:00,13090,13097,13089,13093,551
2016/01/11,11:55:00,13093,13097,13091,13096,322
2016/01/11,11:56:00,13096,13107,13096,13103,1310
2016/01/11,11:57:00,13102,13104,13099,13100,583
2016/01/11,11:58:00,13100,13104,13097,13098,492
2016/01/11,11:59:00,13098,13100,13092,13094,602
2016/01/11,12:00:00,13096,13096,13091,13092,330
2016/01/11,12:01:00,13092,13097,13092,13097,239
2016/01/11,12:02:00,13097,13105,13096,13105,401
2016/01/11,12:03:00,13105,13106,13099,13100,216
2016/01/11,12:04:00,13100,13103,13097,13102,474
2016/01/11,12:05:00,13102,13106,13100,13103,374
2016/01/11,12:06:00,13103,13106,13094,13095,670
2016/01/11,12:07:00,13096,13098,13090,13092,598
2016/01/11,12:08:00,13091,13094,13091,13094,277
2016/01/11,12:09:00,13094,13101,13094,13101,333
2016/01/11,12:10:00,13102,13105,13099,13105,355
2016/01/11,12:11:00,13105,13106,13098,13103,340
2016/01/11,12:12:00,13103,13103,13097,13098,136
2016/01/11,12:13:00,13098,13116,13097,13115,1507
2016/01/11,12:14:00,13115,13117,13106,13107,735
2016/01/11,12:15:00,13107,13109,13100,13104,504
2016/01/11,12:16:00,13104,13105,13098,13099,411
2016/01/11,12:17:00,13098,13099,13096,13099,257
2016/01/11,12:18:00,13099,13099,13093,13093,378
2016/01/11,12:19:00,13093,13097,13092,13094,293
2016/01/11,12:20:00,13094,13095,13090,13093,463
2016/01/11,12:21:00,13093,13094,13092,13094,113
2016/01/11,12:22:00,13094,13098,13093,13097,193
2016/01/11,12:23:00,13098,13099,13095,13096,202
2016/01/11,12:24:00,13096,13097,13095,13097,79
2016/01/11,12:25:00,13096,13097,13094,13094,144
2016/01/11,12:26:00,13094,13102,13094,13101,457
2016/01/11,12:27:00,13101,13102,13098,13098,142
2016/01/11,12:28:00,13098,13100,13097,13100,105
2016/01/11,12:29:00,13099,13101,13099,13101,147
2016/01/11,12:30:00,13101,13103,13100,13103,330
2016/01/11,12:31:00,13102,13104,13099,13101,392
2016/01/11,12:32:00,13103,13104,13101,13101,213
2016/01/11,12:33:00,13102,13102,13096,13100,304
2016/01/11,12:34:00,13099,13100,13096,13097,132
2016/01/11,12:35:00,13098,13100,13098,13100,82
2016/01/11,12:36:00,13101,13103,13101,13103,143
2016/01/11,12:37:00,13103,13103,13099,13101,87
2016/01/11,12:38:00,13101,13105,13100,13103,293
2016/01/11,12:39:00,13103,13104,13100,13101,259
2016/01/11,12:40:00,13101,13101,13099,13100,102
2016/01/11,12:41:00,13099,13101,13098,13098,104
2016/01/11,12:42:00,13098,13103,13098,13103,104
2016/01/11,12:43:00,13103,13103,13101,13102,79
2016/01/11,12:44:00,13101,13103,13100,13102,88
2016/01/11,12:45:00,13102,13102,13094,13094,436
2016/01/11,12:46:00,13094,13099,13094,13098,166
2016/01/11,12:47:00,13099,13099,13097,13098,64
2016/01/11,12:48:00,13098,13099,13097,13098,71
2016/01/11,12:49:00,13098,13099,13097,13098,62
2016/01/11,12:50:00,13098,13100,13095,13097,265
2016/01/11,12:51:00,13097,13100,13097,13100,112
2016/01/11,12:52:00,13101,13101,13097,13100,138
2016/01/11,12:53:00,13100,13100,13092,13093,576
2016/01/11,12:54:00,13094,13095,13087,13088,617
2016/01/11,12:55:00,13089,13090,13079,13080,1031
2016/01/11,12:56:00,13080,13083,13079,13080,657
2016/01/11,12:57:00,13080,13081,13077,13077,388
2016/01/11,12:58:00,13078,13081,13076,13079,492
2016/01/11,12:59:00,13080,13085,13079,13082,373
2016/01/11,13:00:00,13083,13083,13080,13081,186
2016/01/11,13:01:00,13081,13081,13077,13077,329
2016/01/11,13:02:00,13077,13077,13071,13074,821
2016/01/11,13:03:00,13074,13074,13071,13073,387
2016/01/11,13:04:00,13073,13079,13072,13076,399
2016/01/11,13:05:00,13077,13081,13075,13077,310
2016/01/11,13:06:00,13077,13077,13074,13074,187
2016/01/11,13:07:00,13074,13076,13072,13073,358
2016/01/11,13:08:00,13073,13079,13073,13077,211
2016/01/11,13:09:00,13077,13081,13075,13081,280
2016/01/11,13:10:00,13081,13082,13079,13080,256
2016/01/11,13:11:00,13080,13080,13076,13077,196
2016/01/11,13:12:00,13077,13077,13073,13077,324
2016/01/11,13:13:00,13077,13083,13075,13083,343
2016/01/11,13:14:00,13082,13085,13080,13084,544
2016/01/11,13:15:00,13083,13085,13083,13083,208
2016/01/11,13:16:00,13084,13085,13077,13080,480
2016/01/11,13:17:00,13080,13080,13076,13077,297
2016/01/11,13:18:00,13078,13080,13077,13079,139
2016/01/11,13:19:00,13080,13080,13074,13076,493
2016/01/11,13:20:00,13076,13076,13064,13065,924
2016/01/11,13:21:00,13065,13070,13062,13069,660
2016/01/11,13:22:00,13068,13069,13066,13068,216
2016/01/11,13:23:00,13068,13074,13067,13072,518
2016/01/11,13:24:00,13073,13076,13071,13073,354
2016/01/11,13:25:00,13073,13075,13071,13073,241
2016/01/11,13:26:00,13073,13074,13066,13067,566
2016/01/11,13:27:00,13067,13070,13064,13067,442
2016/01/11,13:28:00,13067,13073,13064,13071,731
2016/01/11,13:29:00,13071,13074,13069,13069,269
2016/01/11,13:30:00,13069,13071,13066,13069,336
2016/01/11,13:31:00,13070,13076,13067,13075,1019
2016/01/11,13:32:00,13073,13075,13069,13070,377
2016/01/11,13:33:00,13070,13079,13068,13079,577
2016/01/11,13:34:00,13079,13080,13073,13073,564
2016/01/11,13:35:00,13074,13076,13072,13074,298
2016/01/11,13:36:00,13074,13075,13072,13074,295
2016/01/11,13:37:00,13073,13078,13073,13075,368
2016/01/11,13:38:00,13075,13077,13073,13074,421
2016/01/11,13:39:00,13074,13074,13071,13071,262
2016/01/11,13:40:00,13071,13071,13064,13067,777
2016/01/11,13:41:00,13066,13069,13065,13065,351
2016/01/11,13:42:00,13065,13067,13064,13066,404
2016/01/11,13:43:00,13065,13066,13062,13064,532
2016/01/11,13:44:00,13064,13066,13062,13064,671
2016/01/11,13:45:00,13064,13066,13063,13064,1295
