Date,Time,Open,High,Low,Close,Volume
2015/04/21,08:46:00,14530,14538,14530,14537,2551
2015/04/21,08:47:00,14537,14540,14535,14537,973
2015/04/21,08:48:00,14536,14540,14535,14538,692
2015/04/21,08:49:00,14537,14540,14536,14536,452
2015/04/21,08:50:00,14536,14537,14533,14534,523
2015/04/21,08:51:00,14534,14538,14533,14538,434
2015/04/21,08:52:00,14537,14539,14536,14539,438
2015/04/21,08:53:00,14538,14539,14536,14536,201
2015/04/21,08:54:00,14536,14537,14534,14537,439
2015/04/21,08:55:00,14537,14541,14535,14540,535
2015/04/21,08:56:00,14540,14541,14536,14537,509
2015/04/21,08:57:00,14537,14538,14535,14537,239
2015/04/21,08:58:00,14538,14539,14537,14537,126
2015/04/21,08:59:00,14537,14537,14535,14535,236
2015/04/21,09:00:00,14535,14537,14534,14537,408
2015/04/21,09:01:00,14537,14539,14521,14531,2432
2015/04/21,09:02:00,14531,14534,14526,14527,741
2015/04/21,09:03:00,14526,14530,14525,14529,529
2015/04/21,09:04:00,14530,14532,14525,14530,486
2015/04/21,09:05:00,14530,14536,14528,14532,766
2015/04/21,09:06:00,14531,14548,14530,14544,2354
2015/04/21,09:07:00,14544,14554,14543,14554,2054
2015/04/21,09:08:00,14553,14558,14552,14554,1786
2015/04/21,09:09:00,14553,14556,14549,14554,870
2015/04/21,09:10:00,14554,14556,14551,14552,638
2015/04/21,09:11:00,14552,14553,14549,14553,660
2015/04/21,09:12:00,14553,14557,14540,14546,1879
2015/04/21,09:13:00,14545,14548,14543,14543,678
2015/04/21,09:14:00,14544,14545,14539,14543,802
2015/04/21,09:15:00,14542,14547,14542,14545,440
2015/04/21,09:16:00,14545,14548,14541,14543,663
2015/04/21,09:17:00,14542,14544,14538,14539,685
2015/04/21,09:18:00,14539,14543,14536,14537,678
2015/04/21,09:19:00,14538,14541,14536,14538,324
2015/04/21,09:20:00,14539,14541,14538,14538,283
2015/04/21,09:21:00,14538,14538,14515,14525,3517
2015/04/21,09:22:00,14526,14526,14519,14523,1240
2015/04/21,09:23:00,14523,14525,14522,14523,360
2015/04/21,09:24:00,14524,14525,14518,14520,985
2015/04/21,09:25:00,14520,14521,14515,14517,1112
2015/04/21,09:26:00,14517,14519,14513,14519,932
2015/04/21,09:27:00,14518,14523,14518,14523,548
2015/04/21,09:28:00,14523,14523,14520,14520,230
2015/04/21,09:29:00,14521,14523,14520,14523,160
2015/04/21,09:30:00,14523,14527,14520,14525,479
2015/04/21,09:31:00,14525,14528,14524,14525,490
2015/04/21,09:32:00,14526,14526,14523,14523,242
2015/04/21,09:33:00,14523,14529,14522,14529,496
2015/04/21,09:34:00,14529,14530,14523,14525,487
2015/04/21,09:35:00,14524,14525,14523,14523,196
2015/04/21,09:36:00,14523,14525,14522,14525,216
2015/04/21,09:37:00,14525,14525,14520,14522,309
2015/04/21,09:38:00,14523,14523,14518,14521,490
2015/04/21,09:39:00,14520,14525,14518,14523,455
2015/04/21,09:40:00,14522,14526,14522,14523,283
2015/04/21,09:41:00,14523,14524,14519,14523,304
2015/04/21,09:42:00,14522,14523,14519,14520,258
2015/04/21,09:43:00,14520,14521,14511,14515,1454
2015/04/21,09:44:00,14516,14518,14513,14515,441
2015/04/21,09:45:00,14515,14516,14511,14511,714
2015/04/21,09:46:00,14511,14514,14507,14513,1711
2015/04/21,09:47:00,14513,14517,14513,14514,619
2015/04/21,09:48:00,14514,14517,14513,14516,283
2015/04/21,09:49:00,14515,14516,14512,14514,242
2015/04/21,09:50:00,14513,14514,14512,14513,170
2015/04/21,09:51:00,14514,14516,14512,14515,194
2015/04/21,09:52:00,14515,14515,14512,14512,292
2015/04/21,09:53:00,14512,14513,14511,14513,236
2015/04/21,09:54:00,14514,14514,14507,14511,667
2015/04/21,09:55:00,14511,14512,14503,14503,1019
2015/04/21,09:56:00,14503,14506,14501,14506,1029
2015/04/21,09:57:00,14506,14510,14505,14510,391
2015/04/21,09:58:00,14510,14512,14507,14508,370
2015/04/21,09:59:00,14508,14513,14507,14513,316
2015/04/21,10:00:00,14513,14518,14511,14516,870
2015/04/21,10:01:00,14516,14519,14516,14518,592
2015/04/21,10:02:00,14519,14520,14514,14517,439
2015/04/21,10:03:00,14516,14517,14514,14516,276
2015/04/21,10:04:00,14516,14517,14516,14516,100
2015/04/21,10:05:00,14517,14517,14515,14517,112
2015/04/21,10:06:00,14517,14517,14515,14517,140
2015/04/21,10:07:00,14517,14517,14513,14514,213
2015/04/21,10:08:00,14514,14516,14514,14516,161
2015/04/21,10:09:00,14517,14518,14516,14517,120
2015/04/21,10:10:00,14517,14519,14516,14518,230
2015/04/21,10:11:00,14518,14518,14516,14516,78
2015/04/21,10:12:00,14516,14518,14515,14518,151
2015/04/21,10:13:00,14517,14519,14517,14518,117
2015/04/21,10:14:00,14519,14519,14518,14518,63
2015/04/21,10:15:00,14518,14518,14515,14515,150
2015/04/21,10:16:00,14515,14518,14515,14518,85
2015/04/21,10:17:00,14518,14518,14513,14514,244
2015/04/21,10:18:00,14513,14515,14513,14514,92
2015/04/21,10:19:00,14515,14515,14511,14511,262
2015/04/21,10:20:00,14512,14515,14511,14513,158
2015/04/21,10:21:00,14514,14514,14510,14511,299
2015/04/21,10:22:00,14511,14513,14511,14513,108
2015/04/21,10:23:00,14512,14514,14512,14513,88
2015/04/21,10:24:00,14514,14516,14513,14516,148
2015/04/21,10:25:00,14516,14516,14511,14513,220
2015/04/21,10:26:00,14513,14513,14509,14509,190
2015/04/21,10:27:00,14509,14512,14509,14511,223
2015/04/21,10:28:00,14510,14513,14509,14513,174
2015/04/21,10:29:00,14512,14513,14511,14511,92
2015/04/21,10:30:00,14511,14511,14502,14503,998
2015/04/21,10:31:00,14502,14504,14498,14502,1110
2015/04/21,10:32:00,14502,14505,14501,14504,249
2015/04/21,10:33:00,14503,14505,14502,14502,240
2015/04/21,10:34:00,14502,14503,14497,14501,1020
2015/04/21,10:35:00,14501,14502,14500,14501,237
2015/04/21,10:36:00,14501,14504,14499,14503,338
2015/04/21,10:37:00,14504,14505,14503,14505,259
2015/04/21,10:38:00,14505,14508,14504,14507,422
2015/04/21,10:39:00,14506,14507,14502,14503,255
2015/04/21,10:40:00,14503,14504,14503,14504,181
2015/04/21,10:41:00,14504,14507,14504,14506,198
2015/04/21,10:42:00,14506,14506,14503,14504,116
2015/04/21,10:43:00,14504,14504,14503,14503,56
2015/04/21,10:44:00,14504,14504,14502,14503,140
2015/04/21,10:45:00,14503,14503,14495,14495,744
2015/04/21,10:46:00,14495,14503,14495,14502,485
2015/04/21,10:47:00,14501,14504,14500,14504,243
2015/04/21,10:48:00,14503,14504,14502,14503,162
2015/04/21,10:49:00,14502,14507,14502,14506,247
2015/04/21,10:50:00,14506,14507,14505,14506,223
2015/04/21,10:51:00,14506,14509,14506,14509,311
2015/04/21,10:52:00,14509,14509,14505,14505,181
2015/04/21,10:53:00,14506,14507,14505,14507,106
2015/04/21,10:54:00,14507,14507,14505,14505,67
2015/04/21,10:55:00,14505,14506,14505,14506,70
2015/04/21,10:56:00,14505,14506,14505,14506,36
2015/04/21,10:57:00,14506,14506,14503,14503,112
2015/04/21,10:58:00,14503,14505,14503,14504,164
2015/04/21,10:59:00,14504,14504,14503,14504,89
2015/04/21,11:00:00,14505,14505,14504,14504,17
2015/04/21,11:01:00,14504,14504,14501,14502,289
2015/04/21,11:02:00,14503,14504,14502,14502,121
2015/04/21,11:03:00,14502,14503,14497,14497,301
2015/04/21,11:04:00,14498,14499,14495,14496,694
2015/04/21,11:05:00,14496,14497,14493,14495,916
2015/04/21,11:06:00,14495,14497,14494,14495,546
2015/04/21,11:07:00,14496,14498,14495,14496,276
2015/04/21,11:08:00,14496,14497,14488,14489,1279
2015/04/21,11:09:00,14488,14490,14487,14490,494
2015/04/21,11:10:00,14490,14490,14481,14483,1393
2015/04/21,11:11:00,14482,14487,14482,14485,582
2015/04/21,11:12:00,14486,14486,14483,14484,313
2015/04/21,11:13:00,14484,14488,14484,14486,321
2015/04/21,11:14:00,14487,14487,14484,14485,303
2015/04/21,11:15:00,14484,14486,14481,14483,702
2015/04/21,11:16:00,14483,14485,14481,14484,579
2015/04/21,11:17:00,14484,14484,14480,14481,548
2015/04/21,11:18:00,14480,14487,14480,14485,644
2015/04/21,11:19:00,14486,14486,14484,14485,284
2015/04/21,11:20:00,14485,14490,14485,14490,593
2015/04/21,11:21:00,14490,14491,14485,14486,529
2015/04/21,11:22:00,14486,14489,14486,14489,196
2015/04/21,11:23:00,14489,14490,14486,14487,258
2015/04/21,11:24:00,14487,14490,14487,14489,155
2015/04/21,11:25:00,14489,14492,14489,14490,308
2015/04/21,11:26:00,14489,14491,14488,14489,143
2015/04/21,11:27:00,14489,14490,14488,14489,73
2015/04/21,11:28:00,14489,14492,14488,14492,195
2015/04/21,11:29:00,14492,14492,14489,14490,256
2015/04/21,11:30:00,14490,14493,14489,14492,302
2015/04/21,11:31:00,14492,14492,14489,14491,203
2015/04/21,11:32:00,14491,14492,14490,14491,141
2015/04/21,11:33:00,14492,14494,14491,14493,321
2015/04/21,11:34:00,14493,14495,14492,14493,314
2015/04/21,11:35:00,14494,14495,14493,14494,194
2015/04/21,11:36:00,14495,14497,14494,14496,530
2015/04/21,11:37:00,14496,14496,14492,14492,482
2015/04/21,11:38:00,14492,14494,14490,14490,296
2015/04/21,11:39:00,14491,14493,14489,14492,340
2015/04/21,11:40:00,14493,14496,14492,14495,317
2015/04/21,11:41:00,14495,14498,14494,14497,307
2015/04/21,11:42:00,14497,14498,14494,14495,225
2015/04/21,11:43:00,14495,14495,14492,14493,254
2015/04/21,11:44:00,14493,14495,14492,14493,79
2015/04/21,11:45:00,14494,14495,14493,14494,72
2015/04/21,11:46:00,14494,14495,14493,14495,114
2015/04/21,11:47:00,14494,14495,14494,14494,46
2015/04/21,11:48:00,14494,14497,14494,14495,295
2015/04/21,11:49:00,14495,14496,14495,14496,41
2015/04/21,11:50:00,14496,14496,14494,14494,148
2015/04/21,11:51:00,14495,14495,14492,14493,218
2015/04/21,11:52:00,14493,14494,14493,14493,98
2015/04/21,11:53:00,14493,14496,14492,14495,208
2015/04/21,11:54:00,14495,14497,14494,14497,117
2015/04/21,11:55:00,14497,14497,14496,14497,133
2015/04/21,11:56:00,14496,14504,14496,14502,1078
2015/04/21,11:57:00,14501,14503,14500,14500,251
2015/04/21,11:58:00,14501,14502,14499,14501,249
2015/04/21,11:59:00,14501,14501,14499,14500,144
2015/04/21,12:00:00,14500,14500,14499,14499,116
2015/04/21,12:01:00,14500,14500,14496,14497,260
2015/04/21,12:02:00,14497,14498,14496,14498,103
2015/04/21,12:03:00,14497,14498,14496,14498,122
2015/04/21,12:04:00,14497,14501,14497,14499,172
2015/04/21,12:05:00,14500,14500,14496,14497,183
2015/04/21,12:06:00,14497,14501,14497,14500,140
2015/04/21,12:07:00,14500,14501,14498,14498,191
2015/04/21,12:08:00,14498,14499,14497,14498,35
2015/04/21,12:09:00,14499,14500,14498,14499,171
2015/04/21,12:10:00,14499,14501,14498,14499,157
2015/04/21,12:11:00,14499,14499,14496,14497,234
2015/04/21,12:12:00,14497,14499,14497,14498,65
2015/04/21,12:13:00,14498,14500,14498,14499,62
2015/04/21,12:14:00,14500,14504,14500,14503,424
2015/04/21,12:15:00,14503,14504,14502,14504,242
2015/04/21,12:16:00,14504,14504,14501,14502,249
2015/04/21,12:17:00,14502,14503,14502,14502,43
2015/04/21,12:18:00,14503,14503,14501,14502,99
2015/04/21,12:19:00,14501,14502,14501,14501,16
2015/04/21,12:20:00,14502,14502,14499,14500,123
2015/04/21,12:21:00,14499,14500,14498,14498,97
2015/04/21,12:22:00,14498,14499,14497,14497,71
2015/04/21,12:23:00,14497,14498,14497,14497,37
2015/04/21,12:24:00,14497,14499,14497,14498,95
2015/04/21,12:25:00,14498,14498,14496,14496,118
2015/04/21,12:26:00,14496,14497,14495,14495,178
2015/04/21,12:27:00,14495,14496,14493,14493,284
2015/04/21,12:28:00,14493,14496,14493,14495,248
2015/04/21,12:29:00,14495,14496,14494,14494,73
2015/04/21,12:30:00,14494,14495,14493,14494,88
2015/04/21,12:31:00,14495,14495,14494,14495,39
2015/04/21,12:32:00,14494,14494,14492,14492,144
2015/04/21,12:33:00,14492,14494,14491,14494,189
2015/04/21,12:34:00,14493,14494,14493,14493,44
2015/04/21,12:35:00,14494,14494,14493,14493,48
2015/04/21,12:36:00,14493,14495,14492,14493,113
2015/04/21,12:37:00,14493,14496,14493,14496,101
2015/04/21,12:38:00,14495,14497,14495,14496,114
2015/04/21,12:39:00,14496,14497,14495,14497,138
2015/04/21,12:40:00,14497,14500,14497,14498,277
2015/04/21,12:41:00,14497,14498,14496,14497,117
2015/04/21,12:42:00,14497,14498,14497,14498,77
2015/04/21,12:43:00,14497,14498,14496,14497,51
2015/04/21,12:44:00,14498,14499,14498,14498,71
2015/04/21,12:45:00,14498,14499,14497,14498,45
2015/04/21,12:46:00,14499,14499,14497,14498,125
2015/04/21,12:47:00,14498,14498,14498,14498,30
2015/04/21,12:48:00,14498,14498,14494,14494,123
2015/04/21,12:49:00,14494,14495,14492,14493,301
2015/04/21,12:50:00,14494,14494,14493,14494,46
2015/04/21,12:51:00,14494,14494,14491,14491,146
2015/04/21,12:52:00,14491,14493,14490,14492,170
2015/04/21,12:53:00,14492,14493,14492,14492,48
2015/04/21,12:54:00,14493,14493,14492,14493,25
2015/04/21,12:55:00,14493,14494,14493,14494,36
2015/04/21,12:56:00,14494,14495,14492,14495,141
2015/04/21,12:57:00,14495,14496,14494,14495,97
2015/04/21,12:58:00,14495,14495,14494,14494,21
2015/04/21,12:59:00,14495,14495,14494,14495,35
2015/04/21,13:00:00,14494,14495,14492,14495,146
2015/04/21,13:01:00,14494,14495,14493,14495,47
2015/04/21,13:02:00,14494,14495,14494,14494,28
2015/04/21,13:03:00,14494,14497,14494,14497,205
2015/04/21,13:04:00,14497,14498,14494,14494,212
2015/04/21,13:05:00,14495,14496,14494,14494,67
2015/04/21,13:06:00,14495,14495,14493,14494,115
2015/04/21,13:07:00,14493,14494,14490,14491,437
2015/04/21,13:08:00,14491,14492,14490,14490,241
2015/04/21,13:09:00,14490,14490,14488,14489,490
2015/04/21,13:10:00,14489,14492,14489,14491,163
2015/04/21,13:11:00,14491,14491,14488,14489,160
2015/04/21,13:12:00,14489,14491,14489,14490,184
2015/04/21,13:13:00,14490,14491,14489,14490,92
2015/04/21,13:14:00,14489,14490,14488,14489,134
2015/04/21,13:15:00,14489,14490,14488,14488,174
2015/04/21,13:16:00,14488,14491,14488,14489,175
2015/04/21,13:17:00,14489,14491,14489,14490,203
2015/04/21,13:18:00,14490,14493,14490,14493,237
2015/04/21,13:19:00,14493,14493,14490,14490,207
2015/04/21,13:20:00,14491,14492,14489,14490,168
2015/04/21,13:21:00,14490,14492,14490,14491,178
2015/04/21,13:22:00,14491,14491,14490,14490,49
2015/04/21,13:23:00,14490,14491,14490,14491,120
2015/04/21,13:24:00,14491,14493,14491,14493,161
2015/04/21,13:25:00,14493,14494,14491,14492,180
2015/04/21,13:26:00,14492,14493,14490,14491,281
2015/04/21,13:27:00,14492,14496,14491,14496,405
2015/04/21,13:28:00,14495,14496,14494,14495,345
2015/04/21,13:29:00,14495,14495,14493,14493,204
2015/04/21,13:30:00,14494,14495,14493,14494,409
2015/04/21,13:31:00,14494,14494,14490,14492,685
2015/04/21,13:32:00,14491,14493,14489,14490,365
2015/04/21,13:33:00,14489,14493,14489,14492,249
2015/04/21,13:34:00,14493,14495,14492,14495,429
2015/04/21,13:35:00,14496,14496,14490,14492,573
2015/04/21,13:36:00,14492,14495,14492,14495,199
2015/04/21,13:37:00,14495,14496,14494,14494,137
2015/04/21,13:38:00,14495,14496,14494,14494,316
2015/04/21,13:39:00,14495,14496,14494,14496,181
2015/04/21,13:40:00,14496,14498,14495,14498,535
2015/04/21,13:41:00,14497,14498,14495,14496,339
2015/04/21,13:42:00,14496,14498,14495,14498,475
2015/04/21,13:43:00,14497,14500,14497,14499,491
2015/04/21,13:44:00,14498,14501,14498,14501,754
2015/04/21,13:45:00,14501,14502,14499,14501,1158
