Date,Time,Open,High,Low,Close,Volume
2003/03/17,08:50:00,4902,4926,4889,4909,431
2003/03/17,08:55:00,4911,4912,4907,4910,366
2003/03/17,09:00:00,4911,4920,4910,4918,208
2003/03/17,09:05:00,4917,4917,4910,4913,267
2003/03/17,09:10:00,4914,4918,4911,4914,193
2003/03/17,09:15:00,4916,4918,4900,4903,474
2003/03/17,09:20:00,4904,4909,4904,4907,124
2003/03/17,09:25:00,4906,4906,4893,4894,285
2003/03/17,09:30:00,4893,4895,4887,4892,350
2003/03/17,09:35:00,4892,4902,4889,4902,191
2003/03/17,09:40:00,4901,4903,4899,4899,207
2003/03/17,09:45:00,4900,4901,4897,4897,94
2003/03/17,09:50:00,4898,4898,4892,4897,172
2003/03/17,09:55:00,4897,4899,4895,4897,156
2003/03/17,10:00:00,4897,4897,4891,4895,82
2003/03/17,10:05:00,4895,4896,4890,4893,120
2003/03/17,10:10:00,4893,4902,4892,4899,175
2003/03/17,10:15:00,4901,4905,4898,4899,200
2003/03/17,10:20:00,4899,4900,4897,4898,69
2003/03/17,10:25:00,4898,4900,4893,4894,76
2003/03/17,10:30:00,4894,4898,4894,4895,18
2003/03/17,10:35:00,4895,4901,4895,4899,98
2003/03/17,10:40:00,4898,4900,4896,4896,40
2003/03/17,10:45:00,4895,4895,4891,4891,80
2003/03/17,10:50:00,4892,4897,4891,4897,85
2003/03/17,10:55:00,4897,4899,4894,4896,76
2003/03/17,11:00:00,4897,4900,4888,4888,134
2003/03/17,11:05:00,4888,4888,4877,4877,237
2003/03/17,11:10:00,4879,4879,4873,4873,207
2003/03/17,11:15:00,4873,4877,4868,4875,145
2003/03/17,11:20:00,4875,4882,4873,4882,120
2003/03/17,11:25:00,4882,4882,4872,4876,128
2003/03/17,11:30:00,4874,4880,4874,4877,61
2003/03/17,11:35:00,4877,4879,4867,4872,161
2003/03/17,11:40:00,4872,4876,4869,4876,56
2003/03/17,11:45:00,4875,4876,4872,4872,53
2003/03/17,11:50:00,4872,4872,4865,4866,177
2003/03/17,11:55:00,4866,4867,4858,4859,274
2003/03/17,12:00:00,4859,4867,4857,4867,204
2003/03/17,12:05:00,4864,4867,4862,4865,112
2003/03/17,12:10:00,4866,4867,4864,4864,45
2003/03/17,12:15:00,4864,4865,4862,4863,72
2003/03/17,12:20:00,4863,4864,4852,4852,248
2003/03/17,12:25:00,4852,4852,4844,4848,249
2003/03/17,12:30:00,4848,4850,4847,4849,80
2003/03/17,12:35:00,4848,4850,4844,4847,78
2003/03/17,12:40:00,4847,4851,4846,4850,115
2003/03/17,12:45:00,4850,4851,4848,4850,93
2003/03/17,12:50:00,4851,4856,4850,4855,166
2003/03/17,12:55:00,4856,4856,4847,4847,104
2003/03/17,13:00:00,4847,4850,4836,4839,197
2003/03/17,13:05:00,4840,4840,4833,4835,352
2003/03/17,13:10:00,4837,4840,4828,4829,272
2003/03/17,13:15:00,4829,4832,4817,4820,364
2003/03/17,13:20:00,4820,4822,4804,4804,307
2003/03/17,13:25:00,4805,4809,4800,4807,442
2003/03/17,13:30:00,4807,4810,4800,4804,464
2003/03/17,13:35:00,4803,4805,4798,4802,440
2003/03/17,13:40:00,4802,4803,4799,4801,528
2003/03/17,13:45:00,4801,4801,4800,4800,471
