Date,Time,Open,High,Low,Close,Volume
2006/02/14,08:50:00,7504,7514,7498,7508,992
2006/02/14,08:55:00,7508,7511,7501,7506,524
2006/02/14,09:00:00,7505,7507,7499,7505,419
2006/02/14,09:05:00,7506,7521,7504,7508,490
2006/02/14,09:10:00,7507,7509,7491,7491,604
2006/02/14,09:15:00,7495,7504,7488,7499,650
2006/02/14,09:20:00,7498,7501,7492,7496,479
2006/02/14,09:25:00,7491,7502,7491,7501,436
2006/02/14,09:30:00,7501,7504,7493,7498,435
2006/02/14,09:35:00,7499,7506,7495,7503,467
2006/02/14,09:40:00,7504,7513,7503,7512,615
2006/02/14,09:45:00,7511,7532,7511,7529,1032
2006/02/14,09:50:00,7534,7534,7519,7523,602
2006/02/14,09:55:00,7523,7526,7517,7518,690
2006/02/14,10:00:00,7517,7529,7517,7522,942
2006/02/14,10:05:00,7521,7530,7516,7523,607
2006/02/14,10:10:00,7522,7526,7518,7522,382
2006/02/14,10:15:00,7522,7522,7510,7515,381
2006/02/14,10:20:00,7515,7518,7507,7510,263
2006/02/14,10:25:00,7510,7514,7505,7512,332
2006/02/14,10:30:00,7513,7520,7509,7519,271
2006/02/14,10:35:00,7518,7524,7516,7523,309
2006/02/14,10:40:00,7523,7528,7521,7527,932
2006/02/14,10:45:00,7528,7528,7520,7523,324
2006/02/14,10:50:00,7524,7528,7520,7527,418
2006/02/14,10:55:00,7526,7527,7520,7526,356
2006/02/14,11:00:00,7525,7526,7523,7526,161
2006/02/14,11:05:00,7526,7526,7513,7516,325
2006/02/14,11:10:00,7516,7523,7516,7517,220
2006/02/14,11:15:00,7518,7524,7514,7521,186
2006/02/14,11:20:00,7519,7526,7518,7520,125
2006/02/14,11:25:00,7519,7521,7519,7519,86
2006/02/14,11:30:00,7519,7521,7517,7518,150
2006/02/14,11:35:00,7519,7525,7515,7524,397
2006/02/14,11:40:00,7525,7536,7523,7536,685
2006/02/14,11:45:00,7536,7545,7534,7540,1080
2006/02/14,11:50:00,7540,7553,7537,7543,910
2006/02/14,11:55:00,7542,7546,7536,7545,461
2006/02/14,12:00:00,7544,7545,7540,7544,286
2006/02/14,12:05:00,7542,7544,7538,7542,584
2006/02/14,12:10:00,7543,7560,7543,7554,885
2006/02/14,12:15:00,7552,7571,7552,7567,1012
2006/02/14,12:20:00,7567,7572,7562,7565,673
2006/02/14,12:25:00,7565,7576,7564,7571,731
2006/02/14,12:30:00,7571,7577,7568,7576,562
2006/02/14,12:35:00,7577,7577,7561,7564,653
2006/02/14,12:40:00,7564,7569,7564,7569,422
2006/02/14,12:45:00,7568,7573,7558,7559,684
2006/02/14,12:50:00,7559,7568,7553,7568,399
2006/02/14,12:55:00,7564,7582,7563,7574,561
2006/02/14,13:00:00,7573,7581,7572,7579,639
2006/02/14,13:05:00,7580,7580,7573,7577,345
2006/02/14,13:10:00,7578,7579,7572,7577,496
2006/02/14,13:15:00,7576,7579,7573,7576,244
2006/02/14,13:20:00,7574,7587,7574,7584,514
2006/02/14,13:25:00,7582,7596,7582,7594,863
2006/02/14,13:30:00,7594,7596,7590,7593,727
2006/02/14,13:35:00,7593,7596,7587,7590,702
2006/02/14,13:40:00,7590,7591,7585,7591,569
2006/02/14,13:45:00,7591,7591,7586,7586,503
