Date,Time,Open,High,Low,Close,Volume
2005/06/10,08:46:00,6988,7002,6987,6996,224
2005/06/10,08:47:00,7000,7000,6995,6998,94
2005/06/10,08:48:00,6996,7001,6993,6998,157
2005/06/10,08:49:00,6997,7001,6997,7000,69
2005/06/10,08:50:00,7001,7012,7000,7009,192
2005/06/10,08:51:00,7009,7010,7004,7006,182
2005/06/10,08:52:00,7007,7007,7004,7005,65
2005/06/10,08:53:00,7005,7007,7004,7007,94
2005/06/10,08:54:00,7007,7007,7005,7006,160
2005/06/10,08:55:00,7005,7007,7005,7007,145
2005/06/10,08:56:00,7007,7012,7006,7008,270
2005/06/10,08:57:00,7011,7013,7009,7010,106
2005/06/10,08:58:00,7010,7010,7005,7005,90
2005/06/10,08:59:00,7005,7007,7005,7006,125
2005/06/10,09:00:00,7006,7008,7006,7008,63
2005/06/10,09:01:00,7008,7010,7007,7009,100
2005/06/10,09:02:00,7008,7019,7008,7019,285
2005/06/10,09:03:00,7017,7032,7014,7032,493
2005/06/10,09:04:00,7027,7036,7027,7031,432
2005/06/10,09:05:00,7030,7032,7028,7030,293
2005/06/10,09:06:00,7029,7030,7023,7023,382
2005/06/10,09:07:00,7023,7025,7021,7024,177
2005/06/10,09:08:00,7023,7025,7022,7024,189
2005/06/10,09:09:00,7024,7025,7023,7023,87
2005/06/10,09:10:00,7024,7024,7021,7022,166
2005/06/10,09:11:00,7022,7024,7021,7022,152
2005/06/10,09:12:00,7022,7022,7016,7016,172
2005/06/10,09:13:00,7016,7018,7014,7018,165
2005/06/10,09:14:00,7017,7018,7013,7013,172
2005/06/10,09:15:00,7014,7016,7012,7016,200
2005/06/10,09:16:00,7017,7017,7014,7016,91
2005/06/10,09:17:00,7016,7020,7016,7020,95
2005/06/10,09:18:00,7020,7022,7020,7020,79
2005/06/10,09:19:00,7020,7022,7017,7021,134
2005/06/10,09:20:00,7021,7022,7017,7018,120
2005/06/10,09:21:00,7018,7018,7014,7015,114
2005/06/10,09:22:00,7014,7015,7003,7003,218
2005/06/10,09:23:00,7003,7012,7002,7005,452
2005/06/10,09:24:00,7006,7010,7005,7009,122
2005/06/10,09:25:00,7009,7010,7008,7009,85
2005/06/10,09:26:00,7010,7012,7009,7011,112
2005/06/10,09:27:00,7012,7016,7011,7016,104
2005/06/10,09:28:00,7016,7016,7013,7014,85
2005/06/10,09:29:00,7013,7015,7013,7015,132
2005/06/10,09:30:00,7015,7015,7009,7010,119
2005/06/10,09:31:00,7008,7010,7006,7008,142
2005/06/10,09:32:00,7007,7010,7007,7008,25
2005/06/10,09:33:00,7009,7009,7006,7009,54
2005/06/10,09:34:00,7006,7008,7002,7004,192
2005/06/10,09:35:00,7004,7004,6996,6999,278
2005/06/10,09:36:00,6999,7003,6999,7001,107
2005/06/10,09:37:00,7000,7001,6990,6992,350
2005/06/10,09:38:00,6990,6992,6979,6980,475
2005/06/10,09:39:00,6977,6987,6977,6986,338
2005/06/10,09:40:00,6986,6986,6975,6977,343
2005/06/10,09:41:00,6975,6978,6969,6971,507
2005/06/10,09:42:00,6972,6981,6971,6980,230
2005/06/10,09:43:00,6979,6982,6977,6980,159
2005/06/10,09:44:00,6978,6982,6978,6980,91
2005/06/10,09:45:00,6980,6981,6974,6974,212
2005/06/10,09:46:00,6976,6976,6962,6966,445
2005/06/10,09:47:00,6962,6971,6962,6970,193
2005/06/10,09:48:00,6970,6976,6970,6976,233
2005/06/10,09:49:00,6974,6981,6973,6981,192
2005/06/10,09:50:00,6981,6981,6977,6979,73
2005/06/10,09:51:00,6978,6981,6977,6978,128
2005/06/10,09:52:00,6977,6980,6977,6978,73
2005/06/10,09:53:00,6976,6979,6976,6979,48
2005/06/10,09:54:00,6978,6981,6978,6980,46
2005/06/10,09:55:00,6981,6989,6980,6989,146
2005/06/10,09:56:00,6989,6990,6984,6986,79
2005/06/10,09:57:00,6986,6991,6986,6991,204
2005/06/10,09:58:00,6991,6992,6986,6989,107
2005/06/10,09:59:00,6989,6990,6985,6986,68
2005/06/10,10:00:00,6984,6985,6980,6981,69
2005/06/10,10:01:00,6979,6982,6978,6982,50
2005/06/10,10:02:00,6981,6982,6980,6980,18
2005/06/10,10:03:00,6981,6982,6979,6982,29
2005/06/10,10:04:00,6981,6981,6980,6980,34
2005/06/10,10:05:00,6980,6981,6979,6979,30
2005/06/10,10:06:00,6980,6980,6977,6978,29
2005/06/10,10:07:00,6977,6978,6977,6978,32
2005/06/10,10:08:00,6979,6984,6979,6984,65
2005/06/10,10:09:00,6982,6985,6982,6983,34
2005/06/10,10:10:00,6982,6984,6982,6983,13
2005/06/10,10:11:00,6983,6984,6982,6984,9
2005/06/10,10:12:00,6984,6984,6983,6984,12
2005/06/10,10:13:00,6983,6984,6982,6982,30
2005/06/10,10:14:00,6980,6981,6978,6978,24
2005/06/10,10:15:00,6978,6981,6978,6980,16
2005/06/10,10:16:00,6982,6984,6982,6982,23
2005/06/10,10:17:00,6984,6986,6983,6986,22
2005/06/10,10:18:00,6986,6987,6985,6986,26
2005/06/10,10:19:00,6986,6987,6985,6986,23
2005/06/10,10:20:00,6986,6986,6985,6985,9
2005/06/10,10:21:00,6986,6986,6985,6985,12
2005/06/10,10:22:00,6985,6985,6985,6985,2
2005/06/10,10:23:00,6984,6986,6984,6985,23
2005/06/10,10:24:00,6985,6985,6983,6984,23
2005/06/10,10:25:00,6984,6984,6983,6983,8
2005/06/10,10:26:00,6983,6983,6978,6978,37
2005/06/10,10:27:00,6978,6980,6977,6979,28
2005/06/10,10:28:00,6979,6983,6979,6983,17
2005/06/10,10:29:00,6983,6985,6982,6985,60
2005/06/10,10:30:00,6985,6989,6983,6983,110
2005/06/10,10:31:00,6986,6986,6985,6986,27
2005/06/10,10:32:00,6986,6987,6983,6983,13
2005/06/10,10:33:00,6985,6986,6984,6985,7
2005/06/10,10:34:00,6985,6985,6984,6984,5
2005/06/10,10:35:00,6983,6984,6982,6982,42
2005/06/10,10:36:00,6983,6983,6981,6982,15
2005/06/10,10:37:00,6982,6983,6981,6983,6
2005/06/10,10:38:00,6982,6984,6982,6984,25
2005/06/10,10:39:00,6984,6985,6983,6985,6
2005/06/10,10:40:00,6985,6986,6984,6986,23
2005/06/10,10:41:00,6987,6990,6987,6989,67
2005/06/10,10:42:00,6989,6991,6987,6991,51
2005/06/10,10:43:00,6992,6992,6990,6991,46
2005/06/10,10:44:00,6991,6993,6991,6993,56
2005/06/10,10:45:00,6993,6995,6992,6994,64
2005/06/10,10:46:00,6995,6997,6994,6996,95
2005/06/10,10:47:00,6996,6997,6995,6996,70
2005/06/10,10:48:00,6996,6997,6995,6997,47
2005/06/10,10:49:00,6997,7000,6997,6999,108
2005/06/10,10:50:00,6999,7000,6998,6999,30
2005/06/10,10:51:00,7000,7000,6995,6995,99
2005/06/10,10:52:00,6995,6997,6993,6995,32
2005/06/10,10:53:00,6996,6997,6995,6995,38
2005/06/10,10:54:00,6996,6997,6995,6995,42
2005/06/10,10:55:00,6995,6996,6995,6995,19
2005/06/10,10:56:00,6996,6996,6995,6996,18
2005/06/10,10:57:00,6995,6999,6995,6998,75
2005/06/10,10:58:00,6998,6998,6997,6997,39
2005/06/10,10:59:00,6996,6997,6995,6995,51
2005/06/10,11:00:00,6994,6995,6992,6994,27
2005/06/10,11:01:00,6994,6994,6991,6993,47
2005/06/10,11:02:00,6993,6993,6992,6993,31
2005/06/10,11:03:00,6992,6994,6992,6993,15
2005/06/10,11:04:00,6993,6994,6992,6993,39
2005/06/10,11:05:00,6994,6997,6994,6994,22
2005/06/10,11:06:00,6996,6996,6995,6996,3
2005/06/10,11:07:00,6996,6998,6995,6998,25
2005/06/10,11:08:00,6997,6997,6996,6996,2
2005/06/10,11:09:00,6995,6996,6995,6996,6
2005/06/10,11:10:00,6996,6997,6995,6997,5
2005/06/10,11:11:00,6997,6997,6996,6997,10
2005/06/10,11:12:00,6997,6997,6996,6996,14
2005/06/10,11:13:00,6996,6997,6996,6996,7
2005/06/10,11:14:00,6995,6995,6989,6989,125
2005/06/10,11:15:00,6988,6990,6988,6989,87
2005/06/10,11:16:00,6989,6991,6989,6991,10
2005/06/10,11:17:00,6992,6992,6991,6992,5
2005/06/10,11:18:00,6991,6993,6991,6993,4
2005/06/10,11:19:00,6993,6994,6992,6994,19
2005/06/10,11:20:00,6994,6995,6994,6994,6
2005/06/10,11:21:00,6995,6997,6994,6995,25
2005/06/10,11:22:00,6997,6997,6996,6997,18
2005/06/10,11:23:00,6996,6997,6995,6995,17
2005/06/10,11:24:00,6995,6996,6995,6995,32
2005/06/10,11:25:00,6993,6995,6993,6993,3
2005/06/10,11:26:00,6995,6996,6994,6996,20
2005/06/10,11:27:00,6996,7000,6996,7000,67
2005/06/10,11:28:00,7000,7005,6999,7005,159
2005/06/10,11:29:00,7005,7005,7000,7000,93
2005/06/10,11:30:00,7000,7001,6998,6999,37
2005/06/10,11:31:00,6999,7000,6998,6999,35
2005/06/10,11:32:00,7000,7001,6999,7001,36
2005/06/10,11:33:00,6998,7002,6998,7000,27
2005/06/10,11:34:00,7001,7001,7000,7001,14
2005/06/10,11:35:00,7001,7001,7000,7001,9
2005/06/10,11:36:00,7001,7001,7000,7000,6
2005/06/10,11:37:00,7000,7001,6999,6999,62
2005/06/10,11:38:00,6999,7000,6998,6998,6
2005/06/10,11:39:00,6998,7000,6998,6998,12
2005/06/10,11:40:00,6999,6999,6998,6998,10
2005/06/10,11:41:00,6998,6999,6998,6999,23
2005/06/10,11:42:00,6998,6999,6998,6999,23
2005/06/10,11:43:00,7000,7000,6997,6998,17
2005/06/10,11:44:00,6997,6999,6997,6997,11
2005/06/10,11:45:00,6996,6996,6994,6995,13
2005/06/10,11:46:00,6994,6994,6993,6993,13
2005/06/10,11:47:00,6993,6994,6992,6993,34
2005/06/10,11:48:00,6993,6995,6993,6995,12
2005/06/10,11:49:00,6995,6996,6994,6994,8
2005/06/10,11:50:00,6994,6996,6994,6995,7
2005/06/10,11:51:00,6995,6995,6995,6995,3
2005/06/10,11:52:00,6996,6996,6995,6995,5
2005/06/10,11:53:00,6996,6996,6995,6996,14
2005/06/10,11:54:00,6996,6997,6994,6994,55
2005/06/10,11:55:00,6994,6997,6994,6995,25
2005/06/10,11:56:00,6995,6995,6995,6995,9
2005/06/10,11:57:00,6995,7002,6995,7002,88
2005/06/10,11:58:00,7001,7002,7001,7001,16
2005/06/10,11:59:00,7001,7001,7000,7001,28
2005/06/10,12:00:00,7001,7002,6997,7001,29
2005/06/10,12:01:00,7000,7001,6997,7000,6
2005/06/10,12:02:00,7000,7000,6997,6997,7
2005/06/10,12:03:00,6999,7000,6999,6999,12
2005/06/10,12:04:00,6999,6999,6998,6999,14
2005/06/10,12:05:00,6999,7000,6998,7000,18
2005/06/10,12:06:00,7000,7000,7000,7000,30
2005/06/10,12:07:00,7000,7000,6999,7000,16
2005/06/10,12:08:00,7000,7004,7000,7002,151
2005/06/10,12:09:00,7002,7007,7002,7007,133
2005/06/10,12:10:00,7006,7009,7005,7009,98
2005/06/10,12:11:00,7007,7008,7004,7005,44
2005/06/10,12:12:00,7004,7005,7002,7004,23
2005/06/10,12:13:00,7002,7004,7002,7003,12
2005/06/10,12:14:00,7003,7005,7003,7004,15
2005/06/10,12:15:00,7005,7006,7004,7006,17
2005/06/10,12:16:00,7006,7009,7006,7009,44
2005/06/10,12:17:00,7009,7009,7005,7005,49
2005/06/10,12:18:00,7008,7009,7005,7005,23
2005/06/10,12:19:00,7005,7006,7005,7006,16
2005/06/10,12:20:00,7006,7007,7006,7007,7
2005/06/10,12:21:00,7006,7006,7005,7005,16
2005/06/10,12:22:00,7004,7006,7004,7004,11
2005/06/10,12:23:00,7004,7005,7003,7005,35
2005/06/10,12:24:00,7003,7005,7003,7004,18
2005/06/10,12:25:00,7004,7005,7003,7005,35
2005/06/10,12:26:00,7003,7005,7003,7004,69
2005/06/10,12:27:00,7004,7005,7003,7004,12
2005/06/10,12:28:00,7003,7004,7002,7003,48
2005/06/10,12:29:00,7004,7005,7004,7005,10
2005/06/10,12:30:00,7003,7004,7003,7003,8
2005/06/10,12:31:00,7003,7004,7002,7002,31
2005/06/10,12:32:00,7002,7002,6999,6999,42
2005/06/10,12:33:00,6999,6999,6992,6993,111
2005/06/10,12:34:00,6992,6997,6992,6994,64
2005/06/10,12:35:00,6996,6997,6996,6996,50
2005/06/10,12:36:00,6996,6996,6995,6995,15
2005/06/10,12:37:00,6995,6997,6995,6996,32
2005/06/10,12:38:00,6996,6996,6995,6995,12
2005/06/10,12:39:00,6995,6995,6994,6995,25
2005/06/10,12:40:00,6995,6997,6995,6997,34
2005/06/10,12:41:00,6997,6999,6997,6997,43
2005/06/10,12:42:00,6997,6998,6997,6997,47
2005/06/10,12:43:00,6996,6999,6995,6996,25
2005/06/10,12:44:00,6998,6999,6997,6999,15
2005/06/10,12:45:00,6998,6999,6997,6999,12
2005/06/10,12:46:00,6998,7000,6998,6999,8
2005/06/10,12:47:00,7000,7000,7000,7000,7
2005/06/10,12:48:00,6999,7000,6999,6999,16
2005/06/10,12:49:00,6998,6999,6997,6998,17
2005/06/10,12:50:00,6999,6999,6998,6998,17
2005/06/10,12:51:00,6999,7001,6997,7001,37
2005/06/10,12:52:00,7001,7006,7001,7006,56
2005/06/10,12:53:00,7006,7007,7004,7007,109
2005/06/10,12:54:00,7007,7009,7006,7009,76
2005/06/10,12:55:00,7007,7010,7007,7009,45
2005/06/10,12:56:00,7008,7009,7007,7008,57
2005/06/10,12:57:00,7008,7010,7005,7009,39
2005/06/10,12:58:00,7009,7009,7007,7008,23
2005/06/10,12:59:00,7008,7008,7006,7007,26
2005/06/10,13:00:00,7006,7008,7005,7008,25
2005/06/10,13:01:00,7006,7008,7005,7005,24
2005/06/10,13:02:00,7006,7008,7006,7008,24
2005/06/10,13:03:00,7006,7007,7004,7006,54
2005/06/10,13:04:00,7005,7006,7005,7006,15
2005/06/10,13:05:00,7007,7007,7005,7005,8
2005/06/10,13:06:00,7005,7006,7005,7006,7
2005/06/10,13:07:00,7005,7007,7005,7007,25
2005/06/10,13:08:00,7006,7007,7006,7006,19
2005/06/10,13:09:00,7006,7007,7005,7005,30
2005/06/10,13:10:00,7005,7006,7004,7006,48
2005/06/10,13:11:00,7005,7007,7005,7007,20
2005/06/10,13:12:00,7006,7006,7005,7006,34
2005/06/10,13:13:00,7006,7006,6998,7002,72
2005/06/10,13:14:00,7006,7006,6999,7002,61
2005/06/10,13:15:00,7003,7003,7000,7001,26
2005/06/10,13:16:00,7001,7002,7000,7002,42
2005/06/10,13:17:00,7002,7003,7002,7003,20
2005/06/10,13:18:00,7004,7005,7003,7005,12
2005/06/10,13:19:00,7005,7005,7004,7004,9
2005/06/10,13:20:00,7005,7005,7004,7005,15
2005/06/10,13:21:00,7005,7008,7005,7006,94
2005/06/10,13:22:00,7007,7009,7007,7008,36
2005/06/10,13:23:00,7008,7012,7007,7012,115
2005/06/10,13:24:00,7011,7012,7009,7012,74
2005/06/10,13:25:00,7012,7014,7011,7014,104
2005/06/10,13:26:00,7014,7016,7012,7013,119
2005/06/10,13:27:00,7015,7015,7011,7013,113
2005/06/10,13:28:00,7011,7014,7011,7012,67
2005/06/10,13:29:00,7012,7012,7010,7012,57
2005/06/10,13:30:00,7012,7015,7011,7015,66
2005/06/10,13:31:00,7015,7021,7015,7018,294
2005/06/10,13:32:00,7017,7018,7012,7014,155
2005/06/10,13:33:00,7013,7016,7013,7015,59
2005/06/10,13:34:00,7016,7018,7014,7017,178
2005/06/10,13:35:00,7015,7019,7015,7017,140
2005/06/10,13:36:00,7017,7022,7017,7019,290
2005/06/10,13:37:00,7019,7020,7017,7018,165
2005/06/10,13:38:00,7018,7022,7017,7020,221
2005/06/10,13:39:00,7019,7022,7019,7021,127
2005/06/10,13:40:00,7020,7023,7020,7021,379
2005/06/10,13:41:00,7021,7022,7021,7022,2
2005/06/10,13:42:00,7022,7022,7022,7022,0
2005/06/10,13:43:00,7022,7022,7022,7022,0
2005/06/10,13:44:00,7022,7022,7022,7022,0
2005/06/10,13:45:00,7022,7022,7022,7022,688
