Date,Time,Open,High,Low,Close,Volume
2001/05/29,08:50:00,5077,5087,5073,5082,244
2001/05/29,08:55:00,5087,5102,5087,5102,142
2001/05/29,09:00:00,5112,5166,5112,5151,346
2001/05/29,09:05:00,5151,5165,5147,5160,439
2001/05/29,09:10:00,5157,5160,5147,5156,236
2001/05/29,09:15:00,5155,5194,5154,5194,383
2001/05/29,09:20:00,5195,5202,5184,5192,470
2001/05/29,09:25:00,5192,5192,5182,5184,185
2001/05/29,09:30:00,5187,5187,5179,5186,192
2001/05/29,09:35:00,5186,5193,5186,5191,254
2001/05/29,09:40:00,5188,5188,5178,5178,169
2001/05/29,09:45:00,5177,5177,5167,5167,111
2001/05/29,09:50:00,5169,5172,5167,5171,63
2001/05/29,09:55:00,5172,5172,5167,5171,74
2001/05/29,10:00:00,5170,5176,5170,5176,111
2001/05/29,10:05:00,5175,5177,5167,5167,90
2001/05/29,10:10:00,5167,5167,5158,5160,108
2001/05/29,10:15:00,5160,5175,5160,5175,130
2001/05/29,10:20:00,5173,5176,5169,5172,59
2001/05/29,10:25:00,5173,5179,5172,5177,109
2001/05/29,10:30:00,5177,5177,5169,5171,70
2001/05/29,10:35:00,5171,5180,5169,5175,104
2001/05/29,10:40:00,5176,5182,5175,5181,111
2001/05/29,10:45:00,5179,5187,5179,5185,97
2001/05/29,10:50:00,5186,5187,5182,5186,118
2001/05/29,10:55:00,5184,5185,5177,5177,82
2001/05/29,11:00:00,5177,5180,5174,5174,66
2001/05/29,11:05:00,5174,5174,5166,5167,92
2001/05/29,11:10:00,5169,5169,5159,5166,162
2001/05/29,11:15:00,5162,5164,5161,5162,63
2001/05/29,11:20:00,5162,5162,5147,5148,317
2001/05/29,11:25:00,5150,5156,5150,5152,157
2001/05/29,11:30:00,5152,5155,5148,5149,134
2001/05/29,11:35:00,5149,5152,5138,5140,179
2001/05/29,11:40:00,5140,5142,5138,5139,102
2001/05/29,11:45:00,5137,5146,5137,5146,95
2001/05/29,11:50:00,5146,5146,5128,5130,147
2001/05/29,11:55:00,5130,5134,5127,5132,119
2001/05/29,12:00:00,5132,5132,5117,5118,254
2001/05/29,12:05:00,5118,5132,5117,5131,157
2001/05/29,12:10:00,5130,5131,5122,5122,157
2001/05/29,12:15:00,5122,5128,5117,5125,149
2001/05/29,12:20:00,5120,5129,5120,5122,86
2001/05/29,12:25:00,5122,5130,5122,5130,85
2001/05/29,12:30:00,5130,5130,5103,5103,281
2001/05/29,12:35:00,5103,5104,5093,5097,227
2001/05/29,12:40:00,5102,5112,5102,5110,157
2001/05/29,12:45:00,5105,5121,5105,5110,144
2001/05/29,12:50:00,5114,5115,5100,5102,153
2001/05/29,12:55:00,5102,5109,5100,5104,94
2001/05/29,13:00:00,5110,5110,5098,5101,97
2001/05/29,13:05:00,5099,5118,5099,5114,93
2001/05/29,13:10:00,5117,5117,5112,5112,82
2001/05/29,13:15:00,5112,5129,5112,5122,191
2001/05/29,13:20:00,5126,5127,5117,5122,128
2001/05/29,13:25:00,5119,5122,5110,5110,113
2001/05/29,13:30:00,5109,5115,5105,5105,87
2001/05/29,13:35:00,5104,5118,5104,5116,84
2001/05/29,13:40:00,5117,5120,5116,5116,124
2001/05/29,13:45:00,5116,5116,5114,5114,134
