Date,Time,Open,High,Low,Close,Volume
2009/04/21,08:46:00,8251,8267,8250,8262,1277
2009/04/21,08:47:00,8265,8265,8256,8261,515
2009/04/21,08:48:00,8263,8269,8261,8268,445
2009/04/21,08:49:00,8268,8273,8263,8271,611
2009/04/21,08:50:00,8270,8270,8264,8269,380
2009/04/21,08:51:00,8269,8271,8264,8265,346
2009/04/21,08:52:00,8266,8266,8260,8260,313
2009/04/21,08:53:00,8260,8263,8257,8261,349
2009/04/21,08:54:00,8261,8266,8261,8262,317
2009/04/21,08:55:00,8263,8264,8261,8263,114
2009/04/21,08:56:00,8264,8265,8262,8265,183
2009/04/21,08:57:00,8265,8268,8264,8266,239
2009/04/21,08:58:00,8266,8266,8261,8263,289
2009/04/21,08:59:00,8263,8264,8260,8264,168
2009/04/21,09:00:00,8264,8264,8263,8264,110
2009/04/21,09:01:00,8264,8265,8255,8263,632
2009/04/21,09:02:00,8264,8278,8263,8278,738
2009/04/21,09:03:00,8278,8288,8276,8280,793
2009/04/21,09:04:00,8281,8281,8272,8277,405
2009/04/21,09:05:00,8275,8277,8269,8274,665
2009/04/21,09:06:00,8274,8277,8272,8276,354
2009/04/21,09:07:00,8278,8297,8277,8283,1043
2009/04/21,09:08:00,8283,8284,8279,8283,324
2009/04/21,09:09:00,8283,8284,8276,8278,492
2009/04/21,09:10:00,8278,8286,8277,8281,360
2009/04/21,09:11:00,8281,8281,8264,8264,805
2009/04/21,09:12:00,8263,8276,8261,8275,402
2009/04/21,09:13:00,8275,8283,8274,8283,319
2009/04/21,09:14:00,8283,8288,8278,8286,762
2009/04/21,09:15:00,8286,8289,8282,8287,369
2009/04/21,09:16:00,8287,8291,8286,8289,431
2009/04/21,09:17:00,8290,8302,8289,8300,901
2009/04/21,09:18:00,8300,8305,8297,8299,650
2009/04/21,09:19:00,8299,8304,8296,8299,437
2009/04/21,09:20:00,8299,8301,8296,8297,392
2009/04/21,09:21:00,8297,8301,8295,8295,374
2009/04/21,09:22:00,8295,8296,8289,8290,527
2009/04/21,09:23:00,8291,8295,8289,8294,238
2009/04/21,09:24:00,8294,8295,8289,8290,386
2009/04/21,09:25:00,8290,8299,8289,8299,269
2009/04/21,09:26:00,8298,8301,8297,8300,313
2009/04/21,09:27:00,8300,8308,8297,8307,384
2009/04/21,09:28:00,8305,8308,8295,8295,342
2009/04/21,09:29:00,8294,8295,8285,8291,566
2009/04/21,09:30:00,8291,8293,8281,8291,771
2009/04/21,09:31:00,8291,8292,8282,8288,353
2009/04/21,09:32:00,8288,8291,8285,8289,211
2009/04/21,09:33:00,8289,8293,8284,8284,438
2009/04/21,09:34:00,8286,8288,8275,8276,771
2009/04/21,09:35:00,8278,8281,8274,8276,409
2009/04/21,09:36:00,8276,8281,8272,8281,549
2009/04/21,09:37:00,8282,8286,8265,8265,737
2009/04/21,09:38:00,8265,8276,8264,8273,664
2009/04/21,09:39:00,8271,8276,8267,8273,348
2009/04/21,09:40:00,8273,8279,8271,8278,341
2009/04/21,09:41:00,8278,8287,8277,8281,363
2009/04/21,09:42:00,8281,8285,8276,8280,417
2009/04/21,09:43:00,8280,8287,8279,8282,177
2009/04/21,09:44:00,8281,8286,8280,8284,232
2009/04/21,09:45:00,8286,8286,8282,8284,171
2009/04/21,09:46:00,8284,8285,8276,8276,352
2009/04/21,09:47:00,8276,8279,8275,8276,278
2009/04/21,09:48:00,8276,8277,8271,8274,278
2009/04/21,09:49:00,8273,8276,8270,8275,217
2009/04/21,09:50:00,8275,8277,8273,8275,163
2009/04/21,09:51:00,8276,8277,8269,8276,391
2009/04/21,09:52:00,8275,8282,8274,8281,249
2009/04/21,09:53:00,8281,8288,8280,8287,436
2009/04/21,09:54:00,8285,8289,8281,8283,282
2009/04/21,09:55:00,8283,8284,8282,8282,177
2009/04/21,09:56:00,8283,8284,8269,8271,377
2009/04/21,09:57:00,8271,8272,8242,8248,2306
2009/04/21,09:58:00,8249,8253,8238,8250,1458
2009/04/21,09:59:00,8249,8262,8247,8259,803
2009/04/21,10:00:00,8260,8268,8259,8262,626
2009/04/21,10:01:00,8262,8267,8257,8266,536
2009/04/21,10:02:00,8264,8267,8261,8262,241
2009/04/21,10:03:00,8263,8264,8260,8262,213
2009/04/21,10:04:00,8263,8264,8261,8263,196
2009/04/21,10:05:00,8264,8272,8262,8272,603
2009/04/21,10:06:00,8271,8274,8266,8266,416
2009/04/21,10:07:00,8268,8276,8264,8276,350
2009/04/21,10:08:00,8274,8275,8268,8268,197
2009/04/21,10:09:00,8268,8274,8268,8274,138
2009/04/21,10:10:00,8274,8279,8273,8274,376
2009/04/21,10:11:00,8274,8275,8268,8269,193
2009/04/21,10:12:00,8268,8275,8268,8273,257
2009/04/21,10:13:00,8273,8277,8270,8272,230
2009/04/21,10:14:00,8271,8273,8268,8271,134
2009/04/21,10:15:00,8271,8275,8271,8275,93
2009/04/21,10:16:00,8275,8275,8259,8259,436
2009/04/21,10:17:00,8259,8269,8257,8269,390
2009/04/21,10:18:00,8268,8279,8268,8279,335
2009/04/21,10:19:00,8279,8284,8275,8283,837
2009/04/21,10:20:00,8283,8288,8279,8287,723
2009/04/21,10:21:00,8287,8288,8282,8286,362
2009/04/21,10:22:00,8286,8288,8280,8284,325
2009/04/21,10:23:00,8285,8286,8281,8284,133
2009/04/21,10:24:00,8284,8289,8283,8289,389
2009/04/21,10:25:00,8289,8291,8285,8285,285
2009/04/21,10:26:00,8284,8286,8281,8283,203
2009/04/21,10:27:00,8283,8288,8282,8288,173
2009/04/21,10:28:00,8288,8294,8286,8293,546
2009/04/21,10:29:00,8292,8293,8287,8290,298
2009/04/21,10:30:00,8290,8297,8290,8295,484
2009/04/21,10:31:00,8296,8316,8295,8309,1649
2009/04/21,10:32:00,8309,8311,8305,8307,586
2009/04/21,10:33:00,8307,8308,8303,8306,460
2009/04/21,10:34:00,8306,8312,8305,8310,316
2009/04/21,10:35:00,8311,8311,8304,8304,319
2009/04/21,10:36:00,8304,8308,8304,8305,316
2009/04/21,10:37:00,8304,8307,8303,8304,246
2009/04/21,10:38:00,8304,8306,8299,8300,372
2009/04/21,10:39:00,8300,8304,8299,8303,180
2009/04/21,10:40:00,8302,8309,8301,8307,350
2009/04/21,10:41:00,8307,8312,8306,8311,521
2009/04/21,10:42:00,8310,8319,8309,8319,653
2009/04/21,10:43:00,8318,8319,8314,8314,590
2009/04/21,10:44:00,8314,8315,8310,8311,264
2009/04/21,10:45:00,8310,8317,8310,8313,258
2009/04/21,10:46:00,8314,8328,8313,8326,974
2009/04/21,10:47:00,8326,8328,8315,8317,472
2009/04/21,10:48:00,8319,8320,8314,8316,258
2009/04/21,10:49:00,8316,8324,8315,8324,278
2009/04/21,10:50:00,8322,8324,8316,8318,205
2009/04/21,10:51:00,8317,8321,8310,8314,548
2009/04/21,10:52:00,8314,8315,8310,8312,317
2009/04/21,10:53:00,8312,8313,8306,8311,412
2009/04/21,10:54:00,8310,8312,8305,8309,265
2009/04/21,10:55:00,8309,8316,8309,8314,230
2009/04/21,10:56:00,8315,8316,8312,8314,196
2009/04/21,10:57:00,8313,8315,8311,8312,163
2009/04/21,10:58:00,8313,8324,8312,8321,334
2009/04/21,10:59:00,8321,8322,8316,8321,256
2009/04/21,11:00:00,8322,8322,8319,8320,246
2009/04/21,11:01:00,8320,8320,8315,8315,168
2009/04/21,11:02:00,8315,8317,8308,8311,389
2009/04/21,11:03:00,8310,8316,8310,8311,225
2009/04/21,11:04:00,8312,8312,8307,8308,294
2009/04/21,11:05:00,8309,8314,8308,8313,217
2009/04/21,11:06:00,8313,8314,8306,8309,269
2009/04/21,11:07:00,8310,8310,8304,8304,306
2009/04/21,11:08:00,8305,8307,8302,8305,478
2009/04/21,11:09:00,8305,8306,8304,8306,229
2009/04/21,11:10:00,8306,8309,8305,8309,186
2009/04/21,11:11:00,8309,8309,8306,8307,190
2009/04/21,11:12:00,8308,8311,8307,8311,269
2009/04/21,11:13:00,8311,8313,8310,8312,118
2009/04/21,11:14:00,8311,8312,8308,8308,158
2009/04/21,11:15:00,8308,8309,8307,8309,161
2009/04/21,11:16:00,8310,8317,8310,8317,233
2009/04/21,11:17:00,8317,8323,8315,8323,379
2009/04/21,11:18:00,8323,8338,8322,8337,957
2009/04/21,11:19:00,8335,8338,8329,8332,733
2009/04/21,11:20:00,8332,8333,8328,8332,264
2009/04/21,11:21:00,8331,8342,8330,8340,789
2009/04/21,11:22:00,8340,8346,8337,8342,667
2009/04/21,11:23:00,8344,8349,8342,8344,608
2009/04/21,11:24:00,8343,8348,8341,8347,262
2009/04/21,11:25:00,8347,8352,8346,8346,627
2009/04/21,11:26:00,8347,8350,8339,8341,547
2009/04/21,11:27:00,8341,8341,8333,8334,460
2009/04/21,11:28:00,8334,8338,8331,8334,413
2009/04/21,11:29:00,8331,8339,8331,8339,299
2009/04/21,11:30:00,8339,8342,8337,8338,225
2009/04/21,11:31:00,8337,8341,8336,8340,317
2009/04/21,11:32:00,8340,8344,8337,8343,283
2009/04/21,11:33:00,8343,8344,8334,8337,395
2009/04/21,11:34:00,8337,8339,8332,8332,181
2009/04/21,11:35:00,8333,8337,8331,8335,275
2009/04/21,11:36:00,8334,8340,8332,8338,271
2009/04/21,11:37:00,8338,8342,8335,8339,172
2009/04/21,11:38:00,8340,8344,8339,8341,188
2009/04/21,11:39:00,8341,8344,8338,8339,352
2009/04/21,11:40:00,8339,8342,8337,8337,166
2009/04/21,11:41:00,8339,8351,8337,8348,487
2009/04/21,11:42:00,8349,8358,8349,8357,799
2009/04/21,11:43:00,8357,8359,8350,8354,616
2009/04/21,11:44:00,8353,8355,8347,8351,291
2009/04/21,11:45:00,8350,8354,8349,8352,236
2009/04/21,11:46:00,8352,8364,8351,8359,653
2009/04/21,11:47:00,8360,8360,8356,8356,200
2009/04/21,11:48:00,8356,8357,8352,8355,264
2009/04/21,11:49:00,8355,8357,8352,8355,237
2009/04/21,11:50:00,8354,8364,8353,8361,358
2009/04/21,11:51:00,8361,8367,8360,8362,547
2009/04/21,11:52:00,8363,8366,8360,8364,362
2009/04/21,11:53:00,8362,8364,8360,8364,273
2009/04/21,11:54:00,8363,8374,8363,8372,817
2009/04/21,11:55:00,8372,8374,8367,8370,570
2009/04/21,11:56:00,8369,8372,8366,8372,327
2009/04/21,11:57:00,8370,8372,8368,8369,220
2009/04/21,11:58:00,8369,8374,8367,8370,398
2009/04/21,11:59:00,8372,8373,8363,8365,324
2009/04/21,12:00:00,8365,8365,8352,8356,774
2009/04/21,12:01:00,8356,8358,8348,8352,705
2009/04/21,12:02:00,8353,8356,8349,8355,337
2009/04/21,12:03:00,8354,8355,8349,8352,308
2009/04/21,12:04:00,8352,8356,8352,8354,205
2009/04/21,12:05:00,8355,8357,8354,8357,224
2009/04/21,12:06:00,8357,8364,8357,8361,289
2009/04/21,12:07:00,8360,8366,8358,8366,205
2009/04/21,12:08:00,8365,8365,8357,8358,206
2009/04/21,12:09:00,8359,8360,8354,8357,227
2009/04/21,12:10:00,8358,8362,8356,8359,147
2009/04/21,12:11:00,8359,8360,8351,8353,277
2009/04/21,12:12:00,8352,8354,8350,8354,587
2009/04/21,12:13:00,8354,8359,8351,8358,280
2009/04/21,12:14:00,8358,8358,8351,8353,205
2009/04/21,12:15:00,8353,8353,8344,8344,426
2009/04/21,12:16:00,8344,8345,8336,8340,1021
2009/04/21,12:17:00,8341,8346,8339,8342,384
2009/04/21,12:18:00,8341,8349,8341,8347,369
2009/04/21,12:19:00,8347,8353,8347,8349,390
2009/04/21,12:20:00,8350,8352,8342,8343,327
2009/04/21,12:21:00,8343,8349,8341,8342,374
2009/04/21,12:22:00,8343,8344,8332,8333,811
2009/04/21,12:23:00,8335,8342,8331,8340,480
2009/04/21,12:24:00,8339,8343,8336,8340,185
2009/04/21,12:25:00,8340,8345,8339,8345,224
2009/04/21,12:26:00,8345,8353,8344,8352,358
2009/04/21,12:27:00,8352,8353,8349,8350,155
2009/04/21,12:28:00,8352,8355,8350,8351,347
2009/04/21,12:29:00,8352,8357,8349,8356,327
2009/04/21,12:30:00,8357,8362,8355,8360,364
2009/04/21,12:31:00,8359,8382,8359,8379,1204
2009/04/21,12:32:00,8380,8392,8377,8388,1343
2009/04/21,12:33:00,8389,8401,8385,8396,1204
2009/04/21,12:34:00,8395,8398,8391,8397,731
2009/04/21,12:35:00,8397,8407,8395,8406,1035
2009/04/21,12:36:00,8405,8419,8404,8409,1197
2009/04/21,12:37:00,8409,8412,8399,8402,855
2009/04/21,12:38:00,8404,8410,8401,8407,647
2009/04/21,12:39:00,8406,8410,8404,8404,360
2009/04/21,12:40:00,8404,8410,8402,8408,424
2009/04/21,12:41:00,8407,8410,8405,8406,373
2009/04/21,12:42:00,8407,8408,8401,8402,526
2009/04/21,12:43:00,8403,8408,8402,8406,306
2009/04/21,12:44:00,8406,8408,8404,8407,259
2009/04/21,12:45:00,8407,8414,8407,8412,749
2009/04/21,12:46:00,8411,8424,8410,8420,1190
2009/04/21,12:47:00,8421,8427,8419,8423,823
2009/04/21,12:48:00,8424,8426,8420,8420,412
2009/04/21,12:49:00,8420,8421,8416,8421,365
2009/04/21,12:50:00,8421,8423,8415,8415,441
2009/04/21,12:51:00,8415,8416,8412,8413,457
2009/04/21,12:52:00,8413,8414,8404,8404,661
2009/04/21,12:53:00,8404,8414,8404,8413,310
2009/04/21,12:54:00,8413,8416,8409,8409,176
2009/04/21,12:55:00,8410,8411,8405,8411,214
2009/04/21,12:56:00,8411,8411,8406,8410,148
2009/04/21,12:57:00,8410,8415,8410,8414,137
2009/04/21,12:58:00,8414,8424,8414,8417,529
2009/04/21,12:59:00,8416,8422,8415,8420,176
2009/04/21,13:00:00,8420,8423,8415,8416,337
2009/04/21,13:01:00,8416,8419,8410,8419,494
2009/04/21,13:02:00,8416,8418,8409,8409,410
2009/04/21,13:03:00,8409,8417,8408,8411,253
2009/04/21,13:04:00,8410,8414,8406,8407,362
2009/04/21,13:05:00,8406,8417,8406,8415,294
2009/04/21,13:06:00,8415,8432,8414,8429,1121
2009/04/21,13:07:00,8429,8435,8425,8432,963
2009/04/21,13:08:00,8433,8433,8421,8424,354
2009/04/21,13:09:00,8425,8432,8424,8430,266
2009/04/21,13:10:00,8432,8439,8431,8433,562
2009/04/21,13:11:00,8434,8434,8428,8429,338
2009/04/21,13:12:00,8430,8441,8430,8434,537
2009/04/21,13:13:00,8435,8439,8433,8439,398
2009/04/21,13:14:00,8439,8444,8437,8443,579
2009/04/21,13:15:00,8443,8450,8439,8448,741
2009/04/21,13:16:00,8449,8465,8449,8460,1156
2009/04/21,13:17:00,8457,8460,8453,8454,559
2009/04/21,13:18:00,8454,8459,8452,8455,337
2009/04/21,13:19:00,8455,8457,8447,8448,339
2009/04/21,13:20:00,8447,8453,8447,8450,321
2009/04/21,13:21:00,8450,8458,8449,8457,362
2009/04/21,13:22:00,8457,8461,8454,8461,308
2009/04/21,13:23:00,8461,8461,8453,8453,305
2009/04/21,13:24:00,8453,8453,8449,8450,302
2009/04/21,13:25:00,8450,8459,8449,8451,313
2009/04/21,13:26:00,8456,8456,8450,8454,206
2009/04/21,13:27:00,8453,8460,8453,8459,416
2009/04/21,13:28:00,8458,8461,8457,8460,333
2009/04/21,13:29:00,8460,8460,8457,8460,186
2009/04/21,13:30:00,8460,8462,8457,8461,475
2009/04/21,13:31:00,8459,8469,8454,8467,1124
2009/04/21,13:32:00,8466,8475,8466,8471,785
2009/04/21,13:33:00,8470,8475,8468,8474,433
2009/04/21,13:34:00,8474,8478,8473,8476,601
2009/04/21,13:35:00,8475,8483,8475,8482,685
2009/04/21,13:36:00,8481,8482,8474,8477,657
2009/04/21,13:37:00,8476,8481,8476,8479,362
2009/04/21,13:38:00,8479,8480,8474,8475,755
2009/04/21,13:39:00,8475,8479,8472,8477,511
2009/04/21,13:40:00,8477,8480,8476,8480,460
2009/04/21,13:41:00,8479,8480,8474,8479,599
2009/04/21,13:42:00,8479,8482,8478,8480,484
2009/04/21,13:43:00,8480,8481,8478,8479,410
2009/04/21,13:44:00,8478,8480,8474,8475,785
2009/04/21,13:45:00,8474,8480,8474,8480,937
