Date,Time,Open,High,Low,Close,Volume
2008/02/29,08:46:00,9912,9914,9887,9896,1001
2008/02/29,08:47:00,9892,9899,9887,9892,579
2008/02/29,08:48:00,9891,9899,9891,9896,266
2008/02/29,08:49:00,9897,9897,9893,9896,126
2008/02/29,08:50:00,9896,9901,9895,9901,165
2008/02/29,08:51:00,9901,9904,9899,9901,125
2008/02/29,08:52:00,9901,9903,9894,9895,193
2008/02/29,08:53:00,9895,9897,9893,9893,137
2008/02/29,08:54:00,9893,9894,9884,9890,366
2008/02/29,08:55:00,9888,9891,9888,9891,210
2008/02/29,08:56:00,9892,9895,9891,9895,119
2008/02/29,08:57:00,9895,9899,9894,9896,121
2008/02/29,08:58:00,9895,9896,9888,9892,180
2008/02/29,08:59:00,9891,9894,9889,9891,110
2008/02/29,09:00:00,9892,9899,9892,9899,92
2008/02/29,09:01:00,9899,9899,9893,9896,114
2008/02/29,09:02:00,9898,9906,9894,9906,180
2008/02/29,09:03:00,9904,9906,9896,9899,130
2008/02/29,09:04:00,9898,9905,9897,9902,112
2008/02/29,09:05:00,9900,9901,9895,9899,150
2008/02/29,09:06:00,9898,9903,9895,9903,163
2008/02/29,09:07:00,9902,9909,9901,9906,163
2008/02/29,09:08:00,9906,9907,9901,9903,158
2008/02/29,09:09:00,9901,9907,9899,9904,168
2008/02/29,09:10:00,9903,9906,9896,9904,266
2008/02/29,09:11:00,9903,9920,9902,9919,297
2008/02/29,09:12:00,9918,9918,9907,9908,139
2008/02/29,09:13:00,9907,9911,9903,9911,143
2008/02/29,09:14:00,9909,9911,9906,9910,140
2008/02/29,09:15:00,9910,9921,9909,9918,290
2008/02/29,09:16:00,9919,9925,9915,9920,299
2008/02/29,09:17:00,9918,9919,9912,9912,182
2008/02/29,09:18:00,9911,9914,9906,9912,151
2008/02/29,09:19:00,9913,9913,9909,9912,94
2008/02/29,09:20:00,9910,9910,9904,9907,127
2008/02/29,09:21:00,9906,9911,9905,9910,95
2008/02/29,09:22:00,9911,9911,9903,9907,191
2008/02/29,09:23:00,9907,9912,9906,9906,70
2008/02/29,09:24:00,9906,9911,9904,9911,136
2008/02/29,09:25:00,9910,9918,9908,9914,137
2008/02/29,09:26:00,9915,9918,9909,9918,167
2008/02/29,09:27:00,9913,9916,9913,9916,122
2008/02/29,09:28:00,9914,9916,9909,9912,143
2008/02/29,09:29:00,9914,9921,9913,9920,213
2008/02/29,09:30:00,9919,9925,9917,9924,135
2008/02/29,09:31:00,9921,9925,9917,9918,144
2008/02/29,09:32:00,9917,9923,9917,9923,92
2008/02/29,09:33:00,9923,9934,9923,9928,343
2008/02/29,09:34:00,9928,9931,9922,9927,172
2008/02/29,09:35:00,9922,9929,9922,9929,102
2008/02/29,09:36:00,9928,9936,9927,9936,209
2008/02/29,09:37:00,9936,9946,9935,9942,541
2008/02/29,09:38:00,9940,9946,9940,9940,333
2008/02/29,09:39:00,9939,9941,9937,9938,157
2008/02/29,09:40:00,9937,9941,9937,9939,137
2008/02/29,09:41:00,9941,9945,9937,9938,196
2008/02/29,09:42:00,9937,9938,9929,9929,187
2008/02/29,09:43:00,9931,9935,9929,9932,148
2008/02/29,09:44:00,9932,9936,9932,9934,87
2008/02/29,09:45:00,9935,9936,9933,9935,58
2008/02/29,09:46:00,9935,9939,9934,9938,112
2008/02/29,09:47:00,9938,9939,9934,9936,116
2008/02/29,09:48:00,9934,9939,9934,9936,104
2008/02/29,09:49:00,9936,9937,9934,9935,93
2008/02/29,09:50:00,9936,9947,9934,9947,235
2008/02/29,09:51:00,9947,9951,9940,9941,279
2008/02/29,09:52:00,9941,9945,9941,9941,70
2008/02/29,09:53:00,9941,9943,9938,9940,118
2008/02/29,09:54:00,9941,9943,9936,9937,68
2008/02/29,09:55:00,9939,9940,9937,9939,42
2008/02/29,09:56:00,9939,9946,9939,9946,132
2008/02/29,09:57:00,9944,9951,9942,9951,228
2008/02/29,09:58:00,9951,9953,9946,9947,151
2008/02/29,09:59:00,9945,9947,9945,9945,64
2008/02/29,10:00:00,9945,9947,9944,9947,75
2008/02/29,10:01:00,9946,9955,9945,9955,217
2008/02/29,10:02:00,9952,9956,9946,9947,166
2008/02/29,10:03:00,9946,9956,9946,9955,141
2008/02/29,10:04:00,9955,9956,9951,9952,95
2008/02/29,10:05:00,9952,9954,9952,9953,53
2008/02/29,10:06:00,9952,9954,9947,9950,152
2008/02/29,10:07:00,9948,9960,9948,9957,248
2008/02/29,10:08:00,9957,9959,9955,9959,140
2008/02/29,10:09:00,9959,9959,9950,9953,153
2008/02/29,10:10:00,9953,9956,9952,9955,64
2008/02/29,10:11:00,9956,9956,9946,9947,160
2008/02/29,10:12:00,9947,9951,9946,9947,143
2008/02/29,10:13:00,9947,9947,9943,9945,180
2008/02/29,10:14:00,9944,9949,9943,9948,167
2008/02/29,10:15:00,9948,9948,9943,9944,103
2008/02/29,10:16:00,9945,9947,9942,9942,196
2008/02/29,10:17:00,9941,9943,9937,9940,227
2008/02/29,10:18:00,9940,9941,9935,9935,148
2008/02/29,10:19:00,9935,9936,9929,9930,260
2008/02/29,10:20:00,9930,9936,9930,9936,153
2008/02/29,10:21:00,9936,9938,9931,9937,183
2008/02/29,10:22:00,9938,9940,9935,9940,105
2008/02/29,10:23:00,9940,9942,9935,9937,131
2008/02/29,10:24:00,9938,9942,9937,9940,125
2008/02/29,10:25:00,9938,9939,9934,9937,86
2008/02/29,10:26:00,9937,9937,9934,9935,54
2008/02/29,10:27:00,9936,9939,9935,9939,73
2008/02/29,10:28:00,9938,9938,9931,9932,121
2008/02/29,10:29:00,9933,9936,9932,9933,58
2008/02/29,10:30:00,9934,9935,9933,9933,60
2008/02/29,10:31:00,9934,9934,9931,9933,99
2008/02/29,10:32:00,9933,9941,9932,9940,167
2008/02/29,10:33:00,9940,9945,9939,9945,166
2008/02/29,10:34:00,9945,9946,9943,9944,145
2008/02/29,10:35:00,9946,9949,9944,9945,161
2008/02/29,10:36:00,9944,9945,9941,9941,90
2008/02/29,10:37:00,9941,9943,9939,9942,99
2008/02/29,10:38:00,9943,9944,9941,9941,32
2008/02/29,10:39:00,9941,9946,9941,9946,47
2008/02/29,10:40:00,9947,9950,9944,9944,119
2008/02/29,10:41:00,9945,9949,9943,9946,63
2008/02/29,10:42:00,9947,9953,9947,9953,135
2008/02/29,10:43:00,9951,9953,9949,9949,72
2008/02/29,10:44:00,9949,9950,9948,9949,61
2008/02/29,10:45:00,9949,9949,9946,9947,64
2008/02/29,10:46:00,9946,9949,9946,9947,63
2008/02/29,10:47:00,9946,9947,9944,9946,60
2008/02/29,10:48:00,9946,9953,9945,9952,186
2008/02/29,10:49:00,9951,9954,9951,9953,115
2008/02/29,10:50:00,9953,9962,9952,9962,323
2008/02/29,10:51:00,9961,9964,9954,9960,308
2008/02/29,10:52:00,9959,9961,9956,9957,92
2008/02/29,10:53:00,9956,9958,9954,9957,77
2008/02/29,10:54:00,9957,9970,9957,9970,324
2008/02/29,10:55:00,9968,9969,9963,9963,192
2008/02/29,10:56:00,9962,9965,9961,9965,75
2008/02/29,10:57:00,9964,9974,9964,9974,261
2008/02/29,10:58:00,9971,9975,9968,9971,180
2008/02/29,10:59:00,9969,9971,9966,9968,123
2008/02/29,11:00:00,9967,9968,9961,9966,101
2008/02/29,11:01:00,9962,9966,9962,9964,67
2008/02/29,11:02:00,9963,9963,9958,9958,117
2008/02/29,11:03:00,9958,9964,9958,9964,94
2008/02/29,11:04:00,9964,9965,9959,9962,80
2008/02/29,11:05:00,9961,9963,9960,9961,39
2008/02/29,11:06:00,9961,9965,9961,9965,63
2008/02/29,11:07:00,9964,9971,9964,9970,159
2008/02/29,11:08:00,9969,9970,9964,9965,69
2008/02/29,11:09:00,9965,9970,9963,9970,120
2008/02/29,11:10:00,9969,9969,9964,9967,28
2008/02/29,11:11:00,9967,9968,9963,9964,62
2008/02/29,11:12:00,9964,9964,9957,9962,161
2008/02/29,11:13:00,9962,9963,9957,9957,82
2008/02/29,11:14:00,9958,9960,9957,9960,41
2008/02/29,11:15:00,9959,9959,9947,9949,212
2008/02/29,11:16:00,9948,9953,9947,9953,156
2008/02/29,11:17:00,9950,9953,9949,9950,74
2008/02/29,11:18:00,9949,9954,9949,9952,101
2008/02/29,11:19:00,9951,9953,9950,9952,44
2008/02/29,11:20:00,9953,9961,9952,9958,123
2008/02/29,11:21:00,9960,9960,9956,9957,59
2008/02/29,11:22:00,9957,9958,9956,9956,32
2008/02/29,11:23:00,9956,9959,9955,9959,32
2008/02/29,11:24:00,9959,9960,9958,9960,36
2008/02/29,11:25:00,9960,9960,9953,9953,30
2008/02/29,11:26:00,9954,9955,9952,9954,52
2008/02/29,11:27:00,9954,9959,9954,9958,50
2008/02/29,11:28:00,9956,9959,9956,9958,42
2008/02/29,11:29:00,9958,9959,9955,9958,28
2008/02/29,11:30:00,9957,9963,9957,9960,183
2008/02/29,11:31:00,9960,9965,9960,9965,84
2008/02/29,11:32:00,9963,9968,9963,9966,111
2008/02/29,11:33:00,9966,9978,9966,9976,266
2008/02/29,11:34:00,9974,9975,9968,9968,127
2008/02/29,11:35:00,9967,9976,9967,9976,158
2008/02/29,11:36:00,9976,9980,9973,9976,186
2008/02/29,11:37:00,9976,9982,9974,9982,199
2008/02/29,11:38:00,9981,9989,9981,9982,296
2008/02/29,11:39:00,9982,9987,9981,9987,145
2008/02/29,11:40:00,9984,9987,9984,9985,132
2008/02/29,11:41:00,9984,9991,9982,9990,283
2008/02/29,11:42:00,9991,9993,9988,9990,252
2008/02/29,11:43:00,9990,9996,9989,9993,274
2008/02/29,11:44:00,9993,9995,9989,9990,107
2008/02/29,11:45:00,9991,9991,9984,9988,150
2008/02/29,11:46:00,9984,9993,9984,9993,139
2008/02/29,11:47:00,9991,10001,9991,10000,288
2008/02/29,11:48:00,9998,10000,9994,9996,140
2008/02/29,11:49:00,9995,9996,9989,9992,175
2008/02/29,11:50:00,9992,9995,9989,9989,110
2008/02/29,11:51:00,9989,9990,9985,9986,169
2008/02/29,11:52:00,9985,9986,9983,9984,94
2008/02/29,11:53:00,9984,9986,9983,9985,84
2008/02/29,11:54:00,9986,9991,9985,9990,149
2008/02/29,11:55:00,9991,9991,9988,9990,38
2008/02/29,11:56:00,9989,9990,9988,9988,48
2008/02/29,11:57:00,9987,9990,9982,9986,115
2008/02/29,11:58:00,9985,9990,9984,9987,57
2008/02/29,11:59:00,9985,9987,9980,9980,154
2008/02/29,12:00:00,9981,9981,9974,9978,161
2008/02/29,12:01:00,9977,9978,9974,9977,87
2008/02/29,12:02:00,9976,9981,9975,9981,135
2008/02/29,12:03:00,9980,9985,9980,9985,51
2008/02/29,12:04:00,9985,9986,9979,9981,85
2008/02/29,12:05:00,9981,9984,9981,9983,15
2008/02/29,12:06:00,9981,9983,9979,9983,27
2008/02/29,12:07:00,9981,9983,9978,9978,101
2008/02/29,12:08:00,9977,9978,9973,9978,113
2008/02/29,12:09:00,9978,9980,9976,9980,53
2008/02/29,12:10:00,9978,9985,9978,9985,81
2008/02/29,12:11:00,9983,9986,9981,9983,82
2008/02/29,12:12:00,9984,9984,9977,9981,86
2008/02/29,12:13:00,9981,9983,9980,9980,35
2008/02/29,12:14:00,9979,9981,9979,9979,56
2008/02/29,12:15:00,9979,9980,9969,9973,271
2008/02/29,12:16:00,9971,9976,9971,9974,114
2008/02/29,12:17:00,9974,9978,9972,9977,64
2008/02/29,12:18:00,9976,9976,9973,9975,37
2008/02/29,12:19:00,9974,9974,9966,9969,163
2008/02/29,12:20:00,9969,9972,9968,9970,102
2008/02/29,12:21:00,9970,9974,9970,9973,69
2008/02/29,12:22:00,9973,9980,9972,9979,141
2008/02/29,12:23:00,9978,9983,9978,9982,88
2008/02/29,12:24:00,9980,9981,9977,9979,43
2008/02/29,12:25:00,9979,9985,9979,9985,117
2008/02/29,12:26:00,9985,9987,9983,9985,106
2008/02/29,12:27:00,9984,9986,9982,9983,53
2008/02/29,12:28:00,9983,9984,9981,9983,47
2008/02/29,12:29:00,9982,9989,9982,9989,111
2008/02/29,12:30:00,9989,9989,9986,9988,101
2008/02/29,12:31:00,9987,9994,9986,9994,166
2008/02/29,12:32:00,9994,9996,9992,9996,182
2008/02/29,12:33:00,9995,9999,9992,9998,184
2008/02/29,12:34:00,9997,9999,9992,9996,116
2008/02/29,12:35:00,9996,9999,9993,9999,98
2008/02/29,12:36:00,9998,10006,9997,10005,348
2008/02/29,12:37:00,10005,10006,9998,10001,162
2008/02/29,12:38:00,10001,10002,9997,9997,120
2008/02/29,12:39:00,9996,9999,9994,9996,97
2008/02/29,12:40:00,9995,9996,9991,9991,189
2008/02/29,12:41:00,9991,9994,9991,9994,82
2008/02/29,12:42:00,9994,9998,9993,9995,85
2008/02/29,12:43:00,9995,9997,9992,9997,74
2008/02/29,12:44:00,9996,9998,9993,9994,54
2008/02/29,12:45:00,9994,10000,9994,9998,73
2008/02/29,12:46:00,9999,10011,9998,10007,275
2008/02/29,12:47:00,10006,10008,10001,10004,130
2008/02/29,12:48:00,10004,10010,10002,10007,203
2008/02/29,12:49:00,10003,10015,10002,10012,393
2008/02/29,12:50:00,10014,10014,10006,10007,191
2008/02/29,12:51:00,10006,10016,10005,10016,147
2008/02/29,12:52:00,10015,10020,10014,10017,332
2008/02/29,12:53:00,10017,10026,10016,10019,328
2008/02/29,12:54:00,10019,10026,10019,10026,180
2008/02/29,12:55:00,10026,10030,10024,10029,443
2008/02/29,12:56:00,10026,10030,10023,10026,219
2008/02/29,12:57:00,10024,10034,10024,10031,365
2008/02/29,12:58:00,10031,10035,10027,10033,182
2008/02/29,12:59:00,10032,10034,10029,10033,158
2008/02/29,13:00:00,10032,10033,10030,10031,192
2008/02/29,13:01:00,10033,10038,10030,10038,252
2008/02/29,13:02:00,10036,10040,10036,10039,187
2008/02/29,13:03:00,10038,10041,10038,10039,219
2008/02/29,13:04:00,10036,10040,10032,10032,206
2008/02/29,13:05:00,10031,10033,10020,10024,315
2008/02/29,13:06:00,10024,10030,10022,10028,182
2008/02/29,13:07:00,10025,10029,10025,10025,87
2008/02/29,13:08:00,10025,10026,10022,10023,193
2008/02/29,13:09:00,10022,10023,10016,10021,229
2008/02/29,13:10:00,10022,10024,10020,10020,148
2008/02/29,13:11:00,10020,10021,10008,10009,312
2008/02/29,13:12:00,10010,10011,10006,10010,414
2008/02/29,13:13:00,10007,10010,10004,10009,314
2008/02/29,13:14:00,10007,10013,10007,10010,139
2008/02/29,13:15:00,10011,10014,10011,10014,114
2008/02/29,13:16:00,10012,10014,10007,10009,173
2008/02/29,13:17:00,10008,10010,10007,10009,108
2008/02/29,13:18:00,10010,10014,10008,10009,129
2008/02/29,13:19:00,10008,10013,10007,10013,107
2008/02/29,13:20:00,10012,10019,10012,10017,211
2008/02/29,13:21:00,10015,10018,10004,10006,284
2008/02/29,13:22:00,10003,10006,9991,9995,588
2008/02/29,13:23:00,9994,9995,9988,9989,269
2008/02/29,13:24:00,9988,9989,9972,9973,470
2008/02/29,13:25:00,9972,9983,9971,9981,347
2008/02/29,13:26:00,9980,9983,9967,9969,338
2008/02/29,13:27:00,9967,9973,9967,9969,292
2008/02/29,13:28:00,9969,9986,9968,9981,274
2008/02/29,13:29:00,9980,9985,9979,9981,105
2008/02/29,13:30:00,9981,9986,9979,9986,151
2008/02/29,13:31:00,9978,9981,9956,9960,688
2008/02/29,13:32:00,9957,9961,9956,9958,526
2008/02/29,13:33:00,9957,9962,9956,9960,268
2008/02/29,13:34:00,9957,9960,9955,9956,256
2008/02/29,13:35:00,9955,9956,9946,9947,519
2008/02/29,13:36:00,9946,9949,9943,9947,317
2008/02/29,13:37:00,9946,9947,9933,9936,589
2008/02/29,13:38:00,9932,9936,9931,9932,391
2008/02/29,13:39:00,9931,9934,9929,9932,378
2008/02/29,13:40:00,9931,9937,9930,9937,335
2008/02/29,13:41:00,9933,9937,9932,9934,149
2008/02/29,13:42:00,9934,9937,9932,9932,279
2008/02/29,13:43:00,9934,9935,9930,9931,337
2008/02/29,13:44:00,9929,9933,9929,9931,301
2008/02/29,13:45:00,9932,9936,9930,9931,381
