Date,Time,Open,High,Low,Close,Volume
2001/10/05,08:46:00,3538,3538,3533,3533,149
2001/10/05,08:47:00,3533,3533,3524,3528,75
2001/10/05,08:48:00,3523,3524,3523,3523,114
2001/10/05,08:49:00,3522,3523,3502,3508,74
2001/10/05,08:50:00,3515,3517,3512,3514,27
2001/10/05,08:51:00,3514,3517,3514,3517,26
2001/10/05,08:52:00,3517,3522,3517,3522,52
2001/10/05,08:53:00,3529,3530,3522,3526,33
2001/10/05,08:54:00,3526,3531,3526,3531,44
2001/10/05,08:55:00,3527,3535,3527,3532,55
2001/10/05,08:56:00,3532,3534,3528,3530,55
2001/10/05,08:57:00,3527,3535,3527,3535,70
2001/10/05,08:58:00,3535,3538,3535,3538,117
2001/10/05,08:59:00,3540,3542,3539,3542,51
2001/10/05,09:00:00,3540,3546,3540,3546,91
2001/10/05,09:01:00,3542,3542,3535,3535,104
2001/10/05,09:02:00,3527,3527,3523,3523,85
2001/10/05,09:03:00,3522,3522,3522,3522,65
2001/10/05,09:04:00,3521,3521,3514,3514,84
2001/10/05,09:05:00,3514,3520,3512,3512,79
2001/10/05,09:06:00,3508,3511,3504,3508,66
2001/10/05,09:07:00,3514,3514,3509,3510,62
2001/10/05,09:08:00,3521,3521,3513,3514,69
2001/10/05,09:09:00,3522,3528,3517,3522,94
2001/10/05,09:10:00,3532,3532,3532,3532,91
2001/10/05,09:11:00,3537,3540,3537,3537,69
2001/10/05,09:12:00,3537,3542,3537,3542,126
2001/10/05,09:13:00,3542,3557,3542,3557,179
2001/10/05,09:14:00,3556,3557,3552,3552,132
2001/10/05,09:15:00,3552,3554,3552,3553,84
2001/10/05,09:16:00,3552,3557,3552,3557,139
2001/10/05,09:17:00,3557,3557,3552,3552,74
2001/10/05,09:18:00,3547,3547,3544,3547,69
2001/10/05,09:19:00,3545,3550,3545,3548,60
2001/10/05,09:20:00,3550,3554,3550,3554,115
2001/10/05,09:21:00,3552,3553,3545,3547,79
2001/10/05,09:22:00,3544,3545,3544,3545,43
2001/10/05,09:23:00,3550,3550,3545,3548,56
2001/10/05,09:24:00,3550,3552,3548,3552,56
2001/10/05,09:25:00,3552,3560,3552,3560,133
2001/10/05,09:26:00,3562,3567,3559,3567,168
2001/10/05,09:27:00,3567,3567,3560,3564,94
2001/10/05,09:28:00,3562,3564,3562,3564,82
2001/10/05,09:29:00,3562,3566,3558,3564,144
2001/10/05,09:30:00,3562,3564,3562,3562,102
2001/10/05,09:31:00,3560,3565,3560,3565,82
2001/10/05,09:32:00,3567,3567,3562,3566,191
2001/10/05,09:33:00,3558,3562,3558,3561,65
2001/10/05,09:34:00,3557,3557,3555,3557,55
2001/10/05,09:35:00,3557,3557,3553,3555,63
2001/10/05,09:36:00,3557,3560,3557,3560,50
2001/10/05,09:37:00,3558,3565,3558,3565,76
2001/10/05,09:38:00,3567,3577,3567,3576,134
2001/10/05,09:39:00,3572,3579,3572,3579,135
2001/10/05,09:40:00,3579,3586,3579,3586,176
2001/10/05,09:41:00,3583,3586,3583,3583,147
2001/10/05,09:42:00,3583,3584,3582,3583,124
2001/10/05,09:43:00,3583,3588,3582,3588,167
2001/10/05,09:44:00,3590,3591,3590,3591,155
2001/10/05,09:45:00,3591,3591,3587,3591,193
2001/10/05,09:46:00,3587,3591,3582,3588,126
2001/10/05,09:47:00,3589,3589,3582,3584,115
2001/10/05,09:48:00,3582,3584,3581,3582,55
2001/10/05,09:49:00,3573,3582,3573,3582,91
2001/10/05,09:50:00,3584,3584,3582,3584,45
2001/10/05,09:51:00,3586,3586,3580,3582,67
2001/10/05,09:52:00,3582,3582,3576,3576,65
2001/10/05,09:53:00,3575,3575,3572,3574,91
2001/10/05,09:54:00,3573,3578,3573,3575,73
2001/10/05,09:55:00,3574,3574,3573,3573,59
2001/10/05,09:56:00,3572,3573,3572,3572,52
2001/10/05,09:57:00,3572,3573,3572,3573,57
2001/10/05,09:58:00,3573,3577,3573,3577,45
2001/10/05,09:59:00,3577,3580,3574,3580,65
2001/10/05,10:00:00,3578,3580,3577,3577,30
2001/10/05,10:01:00,3579,3581,3578,3581,50
2001/10/05,10:02:00,3581,3581,3572,3572,67
2001/10/05,10:03:00,3571,3577,3568,3577,59
2001/10/05,10:04:00,3569,3575,3569,3575,45
2001/10/05,10:05:00,3576,3577,3572,3577,35
2001/10/05,10:06:00,3576,3585,3576,3583,114
2001/10/05,10:07:00,3586,3589,3586,3589,102
2001/10/05,10:08:00,3591,3595,3591,3595,238
2001/10/05,10:09:00,3597,3600,3597,3600,203
2001/10/05,10:10:00,3600,3602,3600,3602,185
2001/10/05,10:11:00,3597,3601,3597,3597,118
2001/10/05,10:12:00,3593,3597,3586,3586,87
2001/10/05,10:13:00,3590,3591,3588,3589,50
2001/10/05,10:14:00,3587,3590,3583,3583,52
2001/10/05,10:15:00,3583,3587,3582,3586,42
2001/10/05,10:16:00,3584,3586,3584,3585,44
2001/10/05,10:17:00,3586,3591,3586,3591,72
2001/10/05,10:18:00,3587,3588,3587,3587,40
2001/10/05,10:19:00,3584,3584,3580,3580,49
2001/10/05,10:20:00,3578,3582,3578,3580,38
2001/10/05,10:21:00,3582,3582,3581,3582,30
2001/10/05,10:22:00,3582,3583,3582,3583,23
2001/10/05,10:23:00,3582,3582,3581,3581,35
2001/10/05,10:24:00,3582,3582,3580,3582,29
2001/10/05,10:25:00,3582,3582,3580,3580,22
2001/10/05,10:26:00,3583,3584,3580,3584,37
2001/10/05,10:27:00,3584,3588,3584,3588,80
2001/10/05,10:28:00,3591,3592,3590,3590,58
2001/10/05,10:29:00,3591,3591,3586,3586,36
2001/10/05,10:30:00,3585,3585,3583,3585,27
2001/10/05,10:31:00,3585,3585,3582,3582,50
2001/10/05,10:32:00,3581,3581,3572,3572,135
2001/10/05,10:33:00,3573,3573,3572,3572,51
2001/10/05,10:34:00,3573,3574,3572,3573,67
2001/10/05,10:35:00,3572,3572,3568,3568,67
2001/10/05,10:36:00,3569,3572,3568,3572,66
2001/10/05,10:37:00,3569,3569,3565,3567,107
2001/10/05,10:38:00,3567,3570,3567,3570,50
2001/10/05,10:39:00,3570,3572,3570,3570,50
2001/10/05,10:40:00,3572,3572,3568,3568,34
2001/10/05,10:41:00,3569,3569,3564,3564,59
2001/10/05,10:42:00,3564,3564,3559,3559,80
2001/10/05,10:43:00,3563,3564,3559,3563,104
2001/10/05,10:44:00,3562,3563,3562,3562,36
2001/10/05,10:45:00,3564,3564,3563,3563,91
2001/10/05,10:46:00,3563,3563,3562,3562,58
2001/10/05,10:47:00,3563,3568,3563,3567,73
2001/10/05,10:48:00,3572,3572,3565,3565,34
2001/10/05,10:49:00,3565,3572,3565,3572,29
2001/10/05,10:50:00,3570,3572,3568,3572,17
2001/10/05,10:51:00,3571,3572,3571,3572,23
2001/10/05,10:52:00,3572,3573,3572,3572,36
2001/10/05,10:53:00,3574,3575,3572,3574,16
2001/10/05,10:54:00,3574,3575,3572,3573,23
2001/10/05,10:55:00,3571,3573,3571,3572,27
2001/10/05,10:56:00,3571,3571,3569,3570,26
2001/10/05,10:57:00,3570,3574,3569,3574,32
2001/10/05,10:58:00,3577,3577,3575,3576,32
2001/10/05,10:59:00,3577,3577,3575,3576,34
2001/10/05,11:00:00,3574,3576,3572,3572,33
2001/10/05,11:01:00,3571,3573,3570,3572,27
2001/10/05,11:02:00,3571,3571,3567,3571,38
2001/10/05,11:03:00,3569,3572,3569,3572,33
2001/10/05,11:04:00,3569,3572,3569,3571,13
2001/10/05,11:05:00,3571,3571,3567,3567,22
2001/10/05,11:06:00,3569,3569,3567,3568,15
2001/10/05,11:07:00,3569,3573,3569,3573,40
2001/10/05,11:08:00,3575,3577,3573,3577,32
2001/10/05,11:09:00,3577,3578,3577,3578,24
2001/10/05,11:10:00,3579,3586,3579,3586,114
2001/10/05,11:11:00,3586,3586,3584,3585,46
2001/10/05,11:12:00,3582,3585,3582,3582,34
2001/10/05,11:13:00,3582,3582,3577,3582,25
2001/10/05,11:14:00,3581,3582,3580,3581,16
2001/10/05,11:15:00,3580,3582,3580,3582,21
2001/10/05,11:16:00,3582,3582,3577,3580,17
2001/10/05,11:17:00,3575,3577,3575,3577,12
2001/10/05,11:18:00,3578,3578,3576,3576,9
2001/10/05,11:19:00,3576,3576,3575,3576,18
2001/10/05,11:20:00,3576,3576,3575,3576,15
2001/10/05,11:21:00,3575,3579,3575,3579,14
2001/10/05,11:22:00,3579,3582,3579,3582,38
2001/10/05,11:23:00,3582,3585,3582,3583,31
2001/10/05,11:24:00,3583,3589,3583,3586,45
2001/10/05,11:25:00,3586,3586,3583,3586,33
2001/10/05,11:26:00,3585,3585,3578,3578,28
2001/10/05,11:27:00,3576,3577,3575,3575,29
2001/10/05,11:28:00,3574,3574,3572,3572,33
2001/10/05,11:29:00,3576,3576,3570,3570,31
2001/10/05,11:30:00,3570,3572,3570,3572,18
2001/10/05,11:31:00,3572,3572,3569,3569,23
2001/10/05,11:32:00,3568,3568,3562,3562,107
2001/10/05,11:33:00,3563,3563,3558,3558,72
2001/10/05,11:34:00,3557,3559,3557,3557,93
2001/10/05,11:35:00,3562,3562,3556,3557,58
2001/10/05,11:36:00,3558,3561,3557,3558,31
2001/10/05,11:37:00,3559,3560,3559,3559,19
2001/10/05,11:38:00,3560,3562,3560,3562,50
2001/10/05,11:39:00,3562,3566,3562,3565,32
2001/10/05,11:40:00,3564,3566,3563,3563,17
2001/10/05,11:41:00,3563,3563,3562,3562,36
2001/10/05,11:42:00,3562,3562,3561,3561,26
2001/10/05,11:43:00,3561,3562,3561,3562,12
2001/10/05,11:44:00,3560,3562,3560,3562,33
2001/10/05,11:45:00,3563,3572,3563,3572,68
2001/10/05,11:46:00,3574,3575,3572,3572,34
2001/10/05,11:47:00,3578,3580,3572,3572,48
2001/10/05,11:48:00,3576,3576,3572,3572,18
2001/10/05,11:49:00,3572,3572,3569,3572,20
2001/10/05,11:50:00,3567,3568,3567,3567,10
2001/10/05,11:51:00,3568,3568,3563,3565,20
2001/10/05,11:52:00,3566,3568,3566,3568,10
2001/10/05,11:53:00,3568,3572,3568,3572,13
2001/10/05,11:54:00,3568,3574,3568,3574,17
2001/10/05,11:55:00,3576,3577,3569,3569,32
2001/10/05,11:56:00,3576,3576,3570,3570,10
2001/10/05,11:57:00,3570,3571,3570,3571,4
2001/10/05,11:58:00,3571,3571,3570,3570,2
2001/10/05,11:59:00,3569,3569,3564,3564,22
2001/10/05,12:00:00,3563,3563,3559,3559,56
2001/10/05,12:01:00,3557,3562,3557,3562,46
2001/10/05,12:02:00,3560,3567,3560,3567,27
2001/10/05,12:03:00,3567,3570,3567,3570,10
2001/10/05,12:04:00,3567,3567,3564,3564,12
2001/10/05,12:05:00,3567,3567,3564,3565,15
2001/10/05,12:06:00,3567,3567,3562,3566,21
2001/10/05,12:07:00,3567,3572,3565,3572,21
2001/10/05,12:08:00,3572,3581,3572,3581,87
2001/10/05,12:09:00,3581,3582,3581,3582,89
2001/10/05,12:10:00,3582,3582,3580,3580,40
2001/10/05,12:11:00,3580,3581,3580,3581,25
2001/10/05,12:12:00,3582,3587,3582,3587,119
2001/10/05,12:13:00,3587,3590,3587,3589,99
2001/10/05,12:14:00,3587,3589,3583,3583,71
2001/10/05,12:15:00,3587,3589,3587,3589,79
2001/10/05,12:16:00,3589,3592,3589,3592,181
2001/10/05,12:17:00,3595,3597,3594,3597,164
2001/10/05,12:18:00,3597,3599,3597,3598,123
2001/10/05,12:19:00,3597,3597,3595,3595,158
2001/10/05,12:20:00,3594,3594,3592,3592,130
2001/10/05,12:21:00,3590,3592,3589,3590,45
2001/10/05,12:22:00,3589,3592,3589,3592,66
2001/10/05,12:23:00,3588,3589,3585,3585,50
2001/10/05,12:24:00,3584,3587,3584,3587,39
2001/10/05,12:25:00,3587,3587,3587,3587,48
2001/10/05,12:26:00,3589,3591,3589,3591,41
2001/10/05,12:27:00,3589,3592,3589,3591,33
2001/10/05,12:28:00,3590,3590,3585,3586,34
2001/10/05,12:29:00,3586,3589,3586,3589,30
2001/10/05,12:30:00,3587,3591,3587,3591,19
2001/10/05,12:31:00,3587,3590,3587,3588,31
2001/10/05,12:32:00,3587,3588,3583,3583,66
2001/10/05,12:33:00,3583,3584,3582,3582,39
2001/10/05,12:34:00,3581,3582,3580,3582,17
2001/10/05,12:35:00,3584,3584,3582,3584,24
2001/10/05,12:36:00,3584,3587,3584,3587,43
2001/10/05,12:37:00,3587,3588,3584,3584,16
2001/10/05,12:38:00,3584,3584,3583,3583,29
2001/10/05,12:39:00,3582,3582,3574,3574,79
2001/10/05,12:40:00,3572,3572,3567,3572,78
2001/10/05,12:41:00,3570,3574,3570,3572,42
2001/10/05,12:42:00,3573,3577,3573,3574,30
2001/10/05,12:43:00,3572,3573,3572,3572,52
2001/10/05,12:44:00,3570,3572,3570,3570,21
2001/10/05,12:45:00,3570,3572,3567,3572,55
2001/10/05,12:46:00,3567,3572,3567,3569,35
2001/10/05,12:47:00,3571,3577,3569,3577,53
2001/10/05,12:48:00,3577,3580,3577,3578,22
2001/10/05,12:49:00,3577,3578,3577,3577,23
2001/10/05,12:50:00,3577,3577,3577,3577,21
2001/10/05,12:51:00,3576,3576,3572,3576,30
2001/10/05,12:52:00,3579,3582,3579,3581,53
2001/10/05,12:53:00,3580,3581,3579,3579,25
2001/10/05,12:54:00,3582,3584,3582,3584,58
2001/10/05,12:55:00,3584,3584,3579,3580,67
2001/10/05,12:56:00,3577,3581,3577,3578,21
2001/10/05,12:57:00,3580,3582,3578,3582,29
2001/10/05,12:58:00,3582,3582,3578,3578,29
2001/10/05,12:59:00,3579,3579,3577,3577,25
2001/10/05,13:00:00,3579,3583,3579,3583,47
2001/10/05,13:01:00,3587,3587,3586,3586,49
2001/10/05,13:02:00,3585,3587,3585,3587,43
2001/10/05,13:03:00,3590,3592,3590,3592,166
2001/10/05,13:04:00,3595,3597,3595,3597,128
2001/10/05,13:05:00,3600,3601,3597,3600,191
2001/10/05,13:06:00,3600,3600,3600,3600,65
2001/10/05,13:07:00,3600,3601,3598,3600,107
2001/10/05,13:08:00,3597,3601,3596,3596,76
2001/10/05,13:09:00,3597,3597,3595,3595,31
2001/10/05,13:10:00,3597,3597,3590,3590,64
2001/10/05,13:11:00,3590,3592,3590,3592,34
2001/10/05,13:12:00,3595,3595,3593,3593,48
2001/10/05,13:13:00,3592,3596,3592,3596,96
2001/10/05,13:14:00,3596,3597,3595,3597,88
2001/10/05,13:15:00,3597,3599,3597,3598,49
2001/10/05,13:16:00,3598,3601,3598,3601,123
2001/10/05,13:17:00,3602,3607,3602,3607,235
2001/10/05,13:18:00,3607,3607,3603,3606,152
2001/10/05,13:19:00,3605,3605,3602,3602,86
2001/10/05,13:20:00,3602,3602,3597,3598,77
2001/10/05,13:21:00,3598,3602,3598,3602,20
2001/10/05,13:22:00,3602,3604,3602,3604,63
2001/10/05,13:23:00,3606,3609,3606,3609,123
2001/10/05,13:24:00,3610,3615,3610,3615,192
2001/10/05,13:25:00,3613,3617,3613,3617,172
2001/10/05,13:26:00,3614,3619,3614,3617,123
2001/10/05,13:27:00,3616,3616,3606,3612,90
2001/10/05,13:28:00,3607,3612,3607,3612,58
2001/10/05,13:29:00,3610,3612,3607,3607,74
2001/10/05,13:30:00,3612,3612,3605,3605,79
2001/10/05,13:31:00,3599,3602,3599,3601,89
2001/10/05,13:32:00,3600,3602,3598,3598,72
2001/10/05,13:33:00,3597,3601,3597,3600,43
2001/10/05,13:34:00,3600,3600,3598,3598,45
2001/10/05,13:35:00,3598,3598,3596,3596,50
2001/10/05,13:36:00,3595,3596,3595,3596,56
2001/10/05,13:37:00,3595,3597,3594,3594,99
2001/10/05,13:38:00,3595,3595,3593,3595,79
2001/10/05,13:39:00,3594,3597,3593,3597,107
2001/10/05,13:40:00,3593,3599,3593,3599,112
2001/10/05,13:41:00,3595,3595,3595,3595,22
2001/10/05,13:42:00,3595,3595,3595,3595,0
2001/10/05,13:43:00,3595,3595,3595,3595,0
2001/10/05,13:44:00,3595,3595,3595,3595,0
2001/10/05,13:45:00,3595,3595,3595,3595,437
