Date,Time,Open,High,Low,Close,Volume
2003/04/10,08:50:00,4980,4992,4969,4988,1045
2003/04/10,08:55:00,4989,5007,4988,5000,423
2003/04/10,09:00:00,5001,5006,4998,5006,315
2003/04/10,09:05:00,5004,5015,5003,5015,676
2003/04/10,09:10:00,5011,5018,5008,5017,538
2003/04/10,09:15:00,5017,5020,5005,5013,598
2003/04/10,09:20:00,5013,5016,5009,5011,348
2003/04/10,09:25:00,5010,5011,5003,5005,266
2003/04/10,09:30:00,5005,5013,5003,5012,278
2003/04/10,09:35:00,5014,5016,5011,5016,322
2003/04/10,09:40:00,5016,5028,5015,5021,689
2003/04/10,09:45:00,5021,5027,5021,5021,397
2003/04/10,09:50:00,5021,5033,5021,5032,452
2003/04/10,09:55:00,5032,5037,5028,5037,509
2003/04/10,10:00:00,5037,5048,5034,5045,587
2003/04/10,10:05:00,5047,5056,5046,5052,975
2003/04/10,10:10:00,5052,5064,5049,5061,607
2003/04/10,10:15:00,5061,5063,5051,5054,526
2003/04/10,10:20:00,5054,5057,5048,5048,377
2003/04/10,10:25:00,5048,5053,5048,5052,369
2003/04/10,10:30:00,5051,5057,5050,5053,212
2003/04/10,10:35:00,5054,5073,5054,5059,664
2003/04/10,10:40:00,5061,5064,5049,5050,415
2003/04/10,10:45:00,5050,5053,5044,5044,374
2003/04/10,10:50:00,5045,5047,5039,5039,415
2003/04/10,10:55:00,5040,5045,5038,5042,270
2003/04/10,11:00:00,5042,5043,5039,5043,308
2003/04/10,11:05:00,5042,5045,5039,5040,178
2003/04/10,11:10:00,5039,5042,5033,5034,386
2003/04/10,11:15:00,5034,5035,5026,5031,434
2003/04/10,11:20:00,5030,5034,5028,5034,285
2003/04/10,11:25:00,5033,5037,5032,5037,181
2003/04/10,11:30:00,5036,5038,5032,5034,228
2003/04/10,11:35:00,5033,5034,5031,5031,171
2003/04/10,11:40:00,5031,5033,5029,5031,196
2003/04/10,11:45:00,5030,5031,5021,5025,460
2003/04/10,11:50:00,5024,5026,5019,5021,253
2003/04/10,11:55:00,5021,5028,5021,5024,242
2003/04/10,12:00:00,5025,5025,5013,5019,583
2003/04/10,12:05:00,5019,5030,5018,5027,362
2003/04/10,12:10:00,5029,5031,5024,5027,238
2003/04/10,12:15:00,5026,5027,5018,5018,287
2003/04/10,12:20:00,5017,5018,5003,5004,650
2003/04/10,12:25:00,5006,5007,4992,4995,701
2003/04/10,12:30:00,4993,5006,4993,5003,406
2003/04/10,12:35:00,5002,5007,5000,5007,268
2003/04/10,12:40:00,5004,5009,5000,5002,359
2003/04/10,12:45:00,5002,5012,5000,5009,183
2003/04/10,12:50:00,5010,5011,4991,4991,317
2003/04/10,12:55:00,4991,4993,4980,4988,678
2003/04/10,13:00:00,4990,4991,4983,4991,380
2003/04/10,13:05:00,4989,4996,4987,4989,378
2003/04/10,13:10:00,4992,4997,4988,4994,223
2003/04/10,13:15:00,4996,4996,4991,4993,171
2003/04/10,13:20:00,4992,4995,4991,4995,174
2003/04/10,13:25:00,4994,5003,4994,5001,231
2003/04/10,13:30:00,4999,5002,4995,4997,218
2003/04/10,13:35:00,4996,5001,4994,4997,273
2003/04/10,13:40:00,4998,5001,4995,4999,395
2003/04/10,13:45:00,4999,4999,4999,4999,466
