Date,Time,Open,High,Low,Close,Volume
2020/10/30,08:46:00,12545,12547,12522,12529,2477
2020/10/30,08:47:00,12529,12534,12523,12530,678
2020/10/30,08:48:00,12530,12533,12528,12533,314
2020/10/30,08:49:00,12532,12538,12528,12536,483
2020/10/30,08:50:00,12536,12545,12534,12539,536
2020/10/30,08:51:00,12539,12544,12536,12542,436
2020/10/30,08:52:00,12542,12550,12539,12550,515
2020/10/30,08:53:00,12550,12554,12545,12546,500
2020/10/30,08:54:00,12546,12550,12541,12549,295
2020/10/30,08:55:00,12550,12550,12545,12546,342
2020/10/30,08:56:00,12546,12549,12544,12545,238
2020/10/30,08:57:00,12544,12548,12544,12544,182
2020/10/30,08:58:00,12544,12545,12538,12544,424
2020/10/30,08:59:00,12544,12551,12542,12548,394
2020/10/30,09:00:00,12547,12549,12543,12546,361
2020/10/30,09:01:00,12546,12558,12541,12558,1238
2020/10/30,09:02:00,12558,12563,12555,12559,1048
2020/10/30,09:03:00,12560,12561,12546,12548,880
2020/10/30,09:04:00,12546,12563,12545,12561,749
2020/10/30,09:05:00,12562,12562,12549,12554,510
2020/10/30,09:06:00,12554,12554,12543,12545,785
2020/10/30,09:07:00,12545,12548,12535,12541,983
2020/10/30,09:08:00,12541,12553,12539,12545,571
2020/10/30,09:09:00,12544,12552,12541,12550,503
2020/10/30,09:10:00,12550,12550,12543,12547,245
2020/10/30,09:11:00,12548,12550,12543,12546,306
2020/10/30,09:12:00,12547,12550,12541,12541,467
2020/10/30,09:13:00,12541,12548,12531,12545,923
2020/10/30,09:14:00,12544,12560,12542,12555,1086
2020/10/30,09:15:00,12556,12557,12550,12552,280
2020/10/30,09:16:00,12551,12555,12546,12552,321
2020/10/30,09:17:00,12552,12553,12547,12548,216
2020/10/30,09:18:00,12548,12559,12547,12559,407
2020/10/30,09:19:00,12559,12560,12547,12550,585
2020/10/30,09:20:00,12548,12555,12548,12549,247
2020/10/30,09:21:00,12549,12549,12538,12541,1024
2020/10/30,09:22:00,12541,12542,12510,12511,3656
2020/10/30,09:23:00,12511,12513,12495,12497,3121
2020/10/30,09:24:00,12497,12506,12495,12502,1105
2020/10/30,09:25:00,12502,12509,12499,12507,705
2020/10/30,09:26:00,12506,12507,12503,12505,682
2020/10/30,09:27:00,12503,12509,12503,12507,598
2020/10/30,09:28:00,12507,12507,12481,12485,3020
2020/10/30,09:29:00,12486,12488,12471,12472,1606
2020/10/30,09:30:00,12473,12481,12461,12461,1876
2020/10/30,09:31:00,12463,12466,12445,12464,2768
2020/10/30,09:32:00,12463,12476,12457,12476,1216
2020/10/30,09:33:00,12476,12485,12474,12480,1104
2020/10/30,09:34:00,12482,12484,12472,12483,732
2020/10/30,09:35:00,12481,12485,12478,12482,572
2020/10/30,09:36:00,12482,12482,12465,12466,794
2020/10/30,09:37:00,12468,12477,12463,12472,595
2020/10/30,09:38:00,12472,12485,12465,12483,653
2020/10/30,09:39:00,12484,12528,12477,12524,2293
2020/10/30,09:40:00,12522,12526,12508,12512,1842
2020/10/30,09:41:00,12513,12519,12510,12511,953
2020/10/30,09:42:00,12511,12517,12508,12514,466
2020/10/30,09:43:00,12513,12518,12510,12518,315
2020/10/30,09:44:00,12517,12537,12517,12522,1414
2020/10/30,09:45:00,12522,12524,12514,12524,659
2020/10/30,09:46:00,12524,12536,12523,12526,1032
2020/10/30,09:47:00,12526,12527,12520,12525,447
2020/10/30,09:48:00,12527,12534,12526,12532,488
2020/10/30,09:49:00,12532,12542,12527,12530,953
2020/10/30,09:50:00,12529,12534,12529,12533,242
2020/10/30,09:51:00,12533,12539,12529,12529,439
2020/10/30,09:52:00,12530,12533,12524,12530,386
2020/10/30,09:53:00,12531,12534,12525,12530,254
2020/10/30,09:54:00,12530,12532,12526,12528,220
2020/10/30,09:55:00,12529,12539,12528,12539,517
2020/10/30,09:56:00,12539,12539,12531,12533,244
2020/10/30,09:57:00,12535,12539,12531,12532,401
2020/10/30,09:58:00,12534,12547,12533,12541,853
2020/10/30,09:59:00,12540,12540,12534,12535,259
2020/10/30,10:00:00,12535,12541,12535,12540,284
2020/10/30,10:01:00,12539,12542,12527,12531,687
2020/10/30,10:02:00,12531,12531,12521,12522,744
2020/10/30,10:03:00,12523,12528,12521,12527,457
2020/10/30,10:04:00,12527,12533,12527,12530,281
2020/10/30,10:05:00,12529,12529,12524,12526,267
2020/10/30,10:06:00,12526,12531,12524,12525,219
2020/10/30,10:07:00,12524,12524,12517,12521,385
2020/10/30,10:08:00,12520,12520,12512,12512,506
2020/10/30,10:09:00,12512,12514,12510,12510,253
2020/10/30,10:10:00,12510,12513,12507,12511,539
2020/10/30,10:11:00,12511,12519,12508,12518,514
2020/10/30,10:12:00,12519,12519,12510,12512,212
2020/10/30,10:13:00,12511,12517,12507,12516,467
2020/10/30,10:14:00,12516,12519,12513,12514,185
2020/10/30,10:15:00,12514,12519,12512,12519,155
2020/10/30,10:16:00,12518,12527,12516,12522,495
2020/10/30,10:17:00,12522,12522,12513,12515,339
2020/10/30,10:18:00,12513,12514,12509,12511,221
2020/10/30,10:19:00,12511,12513,12509,12510,149
2020/10/30,10:20:00,12510,12510,12503,12509,465
2020/10/30,10:21:00,12510,12518,12509,12515,234
2020/10/30,10:22:00,12514,12514,12509,12513,116
2020/10/30,10:23:00,12513,12521,12513,12516,273
2020/10/30,10:24:00,12516,12523,12513,12522,165
2020/10/30,10:25:00,12521,12521,12517,12519,93
2020/10/30,10:26:00,12519,12524,12517,12519,225
2020/10/30,10:27:00,12519,12522,12516,12522,132
2020/10/30,10:28:00,12523,12533,12523,12529,467
2020/10/30,10:29:00,12528,12532,12526,12532,304
2020/10/30,10:30:00,12532,12534,12530,12531,330
2020/10/30,10:31:00,12532,12534,12527,12530,264
2020/10/30,10:32:00,12530,12530,12523,12526,306
2020/10/30,10:33:00,12528,12528,12519,12520,233
2020/10/30,10:34:00,12519,12521,12510,12515,473
2020/10/30,10:35:00,12516,12516,12511,12511,262
2020/10/30,10:36:00,12512,12519,12510,12511,343
2020/10/30,10:37:00,12512,12512,12504,12507,637
2020/10/30,10:38:00,12509,12510,12505,12505,261
2020/10/30,10:39:00,12505,12505,12495,12496,798
2020/10/30,10:40:00,12497,12499,12494,12496,393
2020/10/30,10:41:00,12496,12498,12492,12493,260
2020/10/30,10:42:00,12493,12495,12491,12493,259
2020/10/30,10:43:00,12493,12498,12487,12496,560
2020/10/30,10:44:00,12497,12505,12496,12505,412
2020/10/30,10:45:00,12505,12505,12500,12503,180
2020/10/30,10:46:00,12502,12502,12498,12499,180
2020/10/30,10:47:00,12499,12503,12497,12502,146
2020/10/30,10:48:00,12502,12510,12501,12509,354
2020/10/30,10:49:00,12509,12515,12509,12514,371
2020/10/30,10:50:00,12515,12517,12511,12514,223
2020/10/30,10:51:00,12514,12515,12513,12514,102
2020/10/30,10:52:00,12514,12516,12508,12509,254
2020/10/30,10:53:00,12510,12514,12509,12513,149
2020/10/30,10:54:00,12513,12516,12509,12510,133
2020/10/30,10:55:00,12509,12511,12506,12509,138
2020/10/30,10:56:00,12510,12514,12510,12512,227
2020/10/30,10:57:00,12510,12515,12510,12514,116
2020/10/30,10:58:00,12513,12513,12507,12507,151
2020/10/30,10:59:00,12508,12512,12504,12511,148
2020/10/30,11:00:00,12511,12512,12507,12507,71
2020/10/30,11:01:00,12508,12509,12504,12506,126
2020/10/30,11:02:00,12506,12512,12505,12510,111
2020/10/30,11:03:00,12511,12512,12508,12510,87
2020/10/30,11:04:00,12509,12523,12509,12522,560
2020/10/30,11:05:00,12522,12524,12517,12519,203
2020/10/30,11:06:00,12519,12525,12518,12524,237
2020/10/30,11:07:00,12524,12529,12523,12524,405
2020/10/30,11:08:00,12524,12528,12524,12526,175
2020/10/30,11:09:00,12527,12529,12526,12528,154
2020/10/30,11:10:00,12529,12530,12525,12527,291
2020/10/30,11:11:00,12528,12530,12525,12529,162
2020/10/30,11:12:00,12530,12532,12528,12530,226
2020/10/30,11:13:00,12531,12532,12527,12529,124
2020/10/30,11:14:00,12530,12532,12526,12526,144
2020/10/30,11:15:00,12527,12529,12526,12529,122
2020/10/30,11:16:00,12529,12530,12521,12523,251
2020/10/30,11:17:00,12524,12525,12520,12523,150
2020/10/30,11:18:00,12524,12531,12524,12530,274
2020/10/30,11:19:00,12530,12530,12527,12530,110
2020/10/30,11:20:00,12530,12538,12530,12538,556
2020/10/30,11:21:00,12538,12540,12537,12537,307
2020/10/30,11:22:00,12537,12540,12536,12537,138
2020/10/30,11:23:00,12537,12537,12529,12531,206
2020/10/30,11:24:00,12530,12532,12525,12532,183
2020/10/30,11:25:00,12531,12534,12530,12533,124
2020/10/30,11:26:00,12532,12534,12527,12528,149
2020/10/30,11:27:00,12529,12532,12527,12532,175
2020/10/30,11:28:00,12532,12535,12532,12534,143
2020/10/30,11:29:00,12535,12538,12532,12533,232
2020/10/30,11:30:00,12533,12537,12533,12534,95
2020/10/30,11:31:00,12534,12539,12534,12538,133
2020/10/30,11:32:00,12538,12543,12538,12541,371
2020/10/30,11:33:00,12540,12541,12535,12536,247
2020/10/30,11:34:00,12537,12542,12537,12539,114
2020/10/30,11:35:00,12540,12542,12539,12542,110
2020/10/30,11:36:00,12542,12544,12536,12537,335
2020/10/30,11:37:00,12537,12538,12530,12531,205
2020/10/30,11:38:00,12531,12534,12529,12529,194
2020/10/30,11:39:00,12529,12530,12529,12530,93
2020/10/30,11:40:00,12530,12531,12526,12529,205
2020/10/30,11:41:00,12530,12530,12526,12528,110
2020/10/30,11:42:00,12529,12531,12528,12531,93
2020/10/30,11:43:00,12531,12531,12528,12528,94
2020/10/30,11:44:00,12530,12530,12526,12527,167
2020/10/30,11:45:00,12527,12527,12521,12521,267
2020/10/30,11:46:00,12521,12526,12520,12526,205
2020/10/30,11:47:00,12527,12527,12522,12523,95
2020/10/30,11:48:00,12524,12527,12523,12526,96
2020/10/30,11:49:00,12527,12527,12523,12523,69
2020/10/30,11:50:00,12525,12528,12523,12527,111
2020/10/30,11:51:00,12527,12529,12526,12527,61
2020/10/30,11:52:00,12527,12530,12525,12529,111
2020/10/30,11:53:00,12529,12530,12526,12526,101
2020/10/30,11:54:00,12527,12527,12524,12524,64
2020/10/30,11:55:00,12524,12526,12524,12525,55
2020/10/30,11:56:00,12525,12528,12525,12528,89
2020/10/30,11:57:00,12528,12529,12524,12526,88
2020/10/30,11:58:00,12526,12528,12526,12527,53
2020/10/30,11:59:00,12528,12533,12528,12532,229
2020/10/30,12:00:00,12532,12532,12528,12529,80
2020/10/30,12:01:00,12529,12533,12528,12532,157
2020/10/30,12:02:00,12533,12536,12532,12534,163
2020/10/30,12:03:00,12534,12536,12532,12533,130
2020/10/30,12:04:00,12533,12536,12532,12533,132
2020/10/30,12:05:00,12533,12534,12532,12533,48
2020/10/30,12:06:00,12534,12534,12531,12533,90
2020/10/30,12:07:00,12533,12535,12532,12535,64
2020/10/30,12:08:00,12535,12536,12535,12535,62
2020/10/30,12:09:00,12535,12536,12531,12533,92
2020/10/30,12:10:00,12534,12535,12533,12535,52
2020/10/30,12:11:00,12536,12539,12536,12536,166
2020/10/30,12:12:00,12537,12537,12535,12537,59
2020/10/30,12:13:00,12536,12537,12535,12537,57
2020/10/30,12:14:00,12536,12538,12536,12538,85
2020/10/30,12:15:00,12538,12539,12537,12538,88
2020/10/30,12:16:00,12538,12539,12533,12534,122
2020/10/30,12:17:00,12535,12538,12535,12537,60
2020/10/30,12:18:00,12536,12542,12536,12542,257
2020/10/30,12:19:00,12542,12543,12538,12539,128
2020/10/30,12:20:00,12539,12539,12533,12535,102
2020/10/30,12:21:00,12534,12536,12532,12534,96
2020/10/30,12:22:00,12534,12536,12533,12533,110
2020/10/30,12:23:00,12534,12535,12534,12535,45
2020/10/30,12:24:00,12535,12536,12533,12535,78
2020/10/30,12:25:00,12534,12534,12527,12528,200
2020/10/30,12:26:00,12528,12531,12528,12529,78
2020/10/30,12:27:00,12530,12530,12527,12528,118
2020/10/30,12:28:00,12529,12531,12528,12531,87
2020/10/30,12:29:00,12531,12531,12527,12527,103
2020/10/30,12:30:00,12527,12529,12526,12526,113
2020/10/30,12:31:00,12527,12527,12523,12527,313
2020/10/30,12:32:00,12528,12529,12524,12525,154
2020/10/30,12:33:00,12526,12526,12524,12526,33
2020/10/30,12:34:00,12526,12526,12523,12523,84
2020/10/30,12:35:00,12523,12523,12521,12523,155
2020/10/30,12:36:00,12523,12528,12522,12528,119
2020/10/30,12:37:00,12528,12528,12523,12525,127
2020/10/30,12:38:00,12525,12526,12524,12526,98
2020/10/30,12:39:00,12526,12528,12525,12526,50
2020/10/30,12:40:00,12526,12527,12523,12523,95
2020/10/30,12:41:00,12523,12524,12507,12511,1102
2020/10/30,12:42:00,12511,12517,12509,12514,212
2020/10/30,12:43:00,12514,12517,12513,12514,105
2020/10/30,12:44:00,12514,12519,12514,12518,100
2020/10/30,12:45:00,12518,12518,12516,12517,71
2020/10/30,12:46:00,12517,12518,12513,12514,192
2020/10/30,12:47:00,12513,12515,12511,12513,117
2020/10/30,12:48:00,12513,12513,12506,12510,353
2020/10/30,12:49:00,12510,12510,12507,12508,119
2020/10/30,12:50:00,12507,12508,12502,12504,401
2020/10/30,12:51:00,12503,12505,12501,12504,228
2020/10/30,12:52:00,12505,12509,12503,12507,219
2020/10/30,12:53:00,12506,12510,12506,12506,166
2020/10/30,12:54:00,12507,12507,12503,12505,132
2020/10/30,12:55:00,12505,12506,12500,12501,279
2020/10/30,12:56:00,12501,12502,12497,12501,400
2020/10/30,12:57:00,12500,12504,12500,12501,220
2020/10/30,12:58:00,12502,12502,12497,12500,204
2020/10/30,12:59:00,12500,12503,12497,12502,196
2020/10/30,13:00:00,12503,12503,12501,12502,94
2020/10/30,13:01:00,12501,12502,12495,12496,258
2020/10/30,13:02:00,12496,12500,12493,12498,266
2020/10/30,13:03:00,12498,12499,12496,12497,116
2020/10/30,13:04:00,12496,12497,12492,12497,341
2020/10/30,13:05:00,12496,12497,12494,12496,107
2020/10/30,13:06:00,12496,12498,12494,12498,196
2020/10/30,13:07:00,12496,12499,12495,12496,158
2020/10/30,13:08:00,12496,12499,12495,12497,152
2020/10/30,13:09:00,12496,12499,12495,12496,142
2020/10/30,13:10:00,12496,12496,12492,12493,239
2020/10/30,13:11:00,12492,12494,12490,12492,280
2020/10/30,13:12:00,12492,12493,12482,12483,536
2020/10/30,13:13:00,12483,12486,12482,12485,333
2020/10/30,13:14:00,12484,12486,12482,12484,170
2020/10/30,13:15:00,12484,12485,12481,12481,189
2020/10/30,13:16:00,12481,12481,12476,12480,500
2020/10/30,13:17:00,12479,12480,12473,12473,277
2020/10/30,13:18:00,12473,12473,12468,12470,527
2020/10/30,13:19:00,12469,12477,12465,12476,760
2020/10/30,13:20:00,12477,12482,12476,12479,368
2020/10/30,13:21:00,12479,12480,12474,12480,263
2020/10/30,13:22:00,12479,12485,12478,12484,333
2020/10/30,13:23:00,12484,12485,12478,12481,224
2020/10/30,13:24:00,12481,12481,12473,12474,275
2020/10/30,13:25:00,12475,12476,12471,12472,224
2020/10/30,13:26:00,12472,12479,12467,12469,753
2020/10/30,13:27:00,12470,12470,12461,12463,492
2020/10/30,13:28:00,12463,12464,12454,12454,833
2020/10/30,13:29:00,12455,12458,12451,12455,627
2020/10/30,13:30:00,12456,12463,12455,12455,469
2020/10/30,13:31:00,12455,12460,12449,12457,1048
2020/10/30,13:32:00,12457,12459,12453,12455,340
2020/10/30,13:33:00,12453,12459,12453,12454,198
2020/10/30,13:34:00,12455,12456,12452,12455,337
2020/10/30,13:35:00,12456,12456,12449,12451,419
2020/10/30,13:36:00,12449,12452,12426,12426,1281
2020/10/30,13:37:00,12427,12433,12425,12429,770
2020/10/30,13:38:00,12430,12436,12429,12431,476
2020/10/30,13:39:00,12430,12432,12425,12427,603
2020/10/30,13:40:00,12427,12430,12420,12421,800
2020/10/30,13:41:00,12420,12422,12407,12411,1116
2020/10/30,13:42:00,12412,12414,12409,12410,660
2020/10/30,13:43:00,12409,12414,12409,12409,865
2020/10/30,13:44:00,12410,12412,12408,12411,880
2020/10/30,13:45:00,12410,12417,12409,12414,1719
