Date,Time,Open,High,Low,Close,Volume
2001/09/05,08:46:00,4443,4452,4443,4452,78
2001/09/05,08:47:00,4455,4455,4446,4448,63
2001/09/05,08:48:00,4446,4450,4446,4448,60
2001/09/05,08:49:00,4450,4454,4448,4450,48
2001/09/05,08:50:00,4450,4450,4449,4449,48
2001/09/05,08:51:00,4449,4450,4448,4450,37
2001/09/05,08:52:00,4450,4450,4447,4447,54
2001/09/05,08:53:00,4447,4447,4445,4445,85
2001/09/05,08:54:00,4445,4445,4441,4441,54
2001/09/05,08:55:00,4440,4440,4438,4438,57
2001/09/05,08:56:00,4439,4439,4437,4439,44
2001/09/05,08:57:00,4439,4443,4439,4443,55
2001/09/05,08:58:00,4443,4449,4443,4449,31
2001/09/05,08:59:00,4450,4450,4449,4449,18
2001/09/05,09:00:00,4449,4449,4445,4445,21
2001/09/05,09:01:00,4445,4446,4444,4445,17
2001/09/05,09:02:00,4441,4445,4440,4445,46
2001/09/05,09:03:00,4445,4450,4445,4446,40
2001/09/05,09:04:00,4450,4452,4450,4450,22
2001/09/05,09:05:00,4450,4452,4450,4450,34
2001/09/05,09:06:00,4450,4452,4448,4448,42
2001/09/05,09:07:00,4450,4452,4450,4452,21
2001/09/05,09:08:00,4453,4459,4453,4455,66
2001/09/05,09:09:00,4459,4459,4450,4450,96
2001/09/05,09:10:00,4450,4450,4448,4450,28
2001/09/05,09:11:00,4450,4450,4441,4448,60
2001/09/05,09:12:00,4446,4446,4443,4445,30
2001/09/05,09:13:00,4444,4445,4442,4442,31
2001/09/05,09:14:00,4442,4442,4441,4441,30
2001/09/05,09:15:00,4440,4442,4439,4439,48
2001/09/05,09:16:00,4438,4439,4437,4438,81
2001/09/05,09:17:00,4438,4445,4438,4441,54
2001/09/05,09:18:00,4441,4444,4441,4444,30
2001/09/05,09:19:00,4445,4448,4445,4448,16
2001/09/05,09:20:00,4446,4446,4445,4446,12
2001/09/05,09:21:00,4447,4454,4447,4454,38
2001/09/05,09:22:00,4453,4454,4452,4452,19
2001/09/05,09:23:00,4452,4453,4447,4447,28
2001/09/05,09:24:00,4446,4448,4445,4445,49
2001/09/05,09:25:00,4445,4446,4445,4445,29
2001/09/05,09:26:00,4445,4445,4443,4445,24
2001/09/05,09:27:00,4445,4448,4445,4448,23
2001/09/05,09:28:00,4448,4450,4447,4447,13
2001/09/05,09:29:00,4447,4448,4445,4448,12
2001/09/05,09:30:00,4446,4447,4443,4443,20
2001/09/05,09:31:00,4442,4445,4442,4444,17
2001/09/05,09:32:00,4445,4449,4445,4446,22
2001/09/05,09:33:00,4448,4450,4447,4450,22
2001/09/05,09:34:00,4453,4459,4453,4459,73
2001/09/05,09:35:00,4460,4473,4460,4467,74
2001/09/05,09:36:00,4468,4470,4462,4470,59
2001/09/05,09:37:00,4468,4469,4465,4465,31
2001/09/05,09:38:00,4465,4467,4465,4467,45
2001/09/05,09:39:00,4468,4468,4466,4468,34
2001/09/05,09:40:00,4469,4470,4468,4470,58
2001/09/05,09:41:00,4469,4471,4467,4468,38
2001/09/05,09:42:00,4466,4468,4466,4468,23
2001/09/05,09:43:00,4468,4468,4466,4466,28
2001/09/05,09:44:00,4467,4470,4466,4470,53
2001/09/05,09:45:00,4468,4469,4468,4468,25
2001/09/05,09:46:00,4469,4469,4466,4467,43
2001/09/05,09:47:00,4467,4468,4465,4465,48
2001/09/05,09:48:00,4463,4463,4461,4461,19
2001/09/05,09:49:00,4461,4461,4460,4460,44
2001/09/05,09:50:00,4460,4460,4458,4460,28
2001/09/05,09:51:00,4461,4462,4461,4462,27
2001/09/05,09:52:00,4460,4460,4458,4458,18
2001/09/05,09:53:00,4458,4460,4458,4458,32
2001/09/05,09:54:00,4459,4462,4459,4462,16
2001/09/05,09:55:00,4462,4463,4460,4460,34
2001/09/05,09:56:00,4462,4462,4459,4459,26
2001/09/05,09:57:00,4458,4458,4456,4456,70
2001/09/05,09:58:00,4456,4456,4451,4451,82
2001/09/05,09:59:00,4450,4452,4450,4452,40
2001/09/05,10:00:00,4452,4452,4450,4450,70
2001/09/05,10:01:00,4450,4450,4446,4446,57
2001/09/05,10:02:00,4445,4446,4445,4446,37
2001/09/05,10:03:00,4446,4446,4446,4446,11
2001/09/05,10:04:00,4446,4448,4446,4446,8
2001/09/05,10:05:00,4446,4448,4446,4448,13
2001/09/05,10:06:00,4448,4449,4447,4447,15
2001/09/05,10:07:00,4449,4454,4446,4454,26
2001/09/05,10:08:00,4454,4454,4452,4452,2
2001/09/05,10:09:00,4452,4453,4450,4450,11
2001/09/05,10:10:00,4448,4451,4448,4448,16
2001/09/05,10:11:00,4448,4450,4448,4450,7
2001/09/05,10:12:00,4450,4450,4448,4448,14
2001/09/05,10:13:00,4448,4448,4445,4445,37
2001/09/05,10:14:00,4444,4444,4437,4437,105
2001/09/05,10:15:00,4436,4436,4434,4435,56
2001/09/05,10:16:00,4434,4434,4433,4434,46
2001/09/05,10:17:00,4435,4435,4431,4435,49
2001/09/05,10:18:00,4435,4435,4434,4435,37
2001/09/05,10:19:00,4433,4435,4431,4431,31
2001/09/05,10:20:00,4431,4431,4430,4430,76
2001/09/05,10:21:00,4428,4428,4425,4425,71
2001/09/05,10:22:00,4425,4425,4423,4424,46
2001/09/05,10:23:00,4425,4429,4425,4426,34
2001/09/05,10:24:00,4429,4429,4425,4425,42
2001/09/05,10:25:00,4427,4427,4425,4426,29
2001/09/05,10:26:00,4428,4429,4426,4426,19
2001/09/05,10:27:00,4427,4430,4427,4430,31
2001/09/05,10:28:00,4430,4430,4427,4427,30
2001/09/05,10:29:00,4426,4429,4425,4429,36
2001/09/05,10:30:00,4428,4430,4428,4430,26
2001/09/05,10:31:00,4430,4433,4426,4426,46
2001/09/05,10:32:00,4425,4427,4425,4426,65
2001/09/05,10:33:00,4425,4427,4423,4426,45
2001/09/05,10:34:00,4428,4429,4428,4428,18
2001/09/05,10:35:00,4428,4428,4426,4426,27
2001/09/05,10:36:00,4426,4429,4426,4429,19
2001/09/05,10:37:00,4428,4430,4428,4430,20
2001/09/05,10:38:00,4433,4433,4428,4428,23
2001/09/05,10:39:00,4432,4432,4429,4429,21
2001/09/05,10:40:00,4429,4429,4425,4425,47
2001/09/05,10:41:00,4426,4426,4424,4424,66
2001/09/05,10:42:00,4421,4421,4418,4418,136
2001/09/05,10:43:00,4416,4416,4415,4416,67
2001/09/05,10:44:00,4417,4419,4417,4418,32
2001/09/05,10:45:00,4417,4417,4415,4416,64
2001/09/05,10:46:00,4415,4415,4413,4413,64
2001/09/05,10:47:00,4413,4413,4411,4412,73
2001/09/05,10:48:00,4413,4415,4411,4415,31
2001/09/05,10:49:00,4415,4419,4414,4419,39
2001/09/05,10:50:00,4418,4419,4413,4413,45
2001/09/05,10:51:00,4413,4413,4411,4411,76
2001/09/05,10:52:00,4415,4415,4414,4415,29
2001/09/05,10:53:00,4416,4418,4416,4418,26
2001/09/05,10:54:00,4416,4418,4415,4415,47
2001/09/05,10:55:00,4414,4416,4413,4415,28
2001/09/05,10:56:00,4415,4415,4412,4412,32
2001/09/05,10:57:00,4412,4413,4410,4410,62
2001/09/05,10:58:00,4410,4410,4405,4405,130
2001/09/05,10:59:00,4404,4405,4403,4405,51
2001/09/05,11:00:00,4405,4407,4405,4406,38
2001/09/05,11:01:00,4405,4405,4403,4404,68
2001/09/05,11:02:00,4404,4404,4401,4401,45
2001/09/05,11:03:00,4400,4400,4395,4395,117
2001/09/05,11:04:00,4400,4400,4392,4392,54
2001/09/05,11:05:00,4392,4400,4392,4395,59
2001/09/05,11:06:00,4396,4399,4396,4399,29
2001/09/05,11:07:00,4400,4401,4400,4400,36
2001/09/05,11:08:00,4397,4401,4397,4401,22
2001/09/05,11:09:00,4401,4403,4400,4400,19
2001/09/05,11:10:00,4401,4404,4400,4404,15
2001/09/05,11:11:00,4404,4404,4400,4400,19
2001/09/05,11:12:00,4402,4404,4400,4401,15
2001/09/05,11:13:00,4401,4404,4401,4404,18
2001/09/05,11:14:00,4404,4404,4403,4404,20
2001/09/05,11:15:00,4405,4406,4405,4406,20
2001/09/05,11:16:00,4407,4412,4406,4411,29
2001/09/05,11:17:00,4413,4413,4411,4413,47
2001/09/05,11:18:00,4413,4413,4411,4413,28
2001/09/05,11:19:00,4413,4413,4411,4411,20
2001/09/05,11:20:00,4411,4411,4410,4410,33
2001/09/05,11:21:00,4410,4411,4405,4410,38
2001/09/05,11:22:00,4406,4408,4405,4407,17
2001/09/05,11:23:00,4407,4408,4407,4408,7
2001/09/05,11:24:00,4410,4411,4410,4411,18
2001/09/05,11:25:00,4414,4418,4414,4418,64
2001/09/05,11:26:00,4418,4419,4418,4418,32
2001/09/05,11:27:00,4417,4417,4414,4414,36
2001/09/05,11:28:00,4415,4417,4415,4417,34
2001/09/05,11:29:00,4418,4419,4417,4419,32
2001/09/05,11:30:00,4418,4419,4415,4419,32
2001/09/05,11:31:00,4419,4419,4416,4416,30
2001/09/05,11:32:00,4415,4416,4414,4414,21
2001/09/05,11:33:00,4414,4415,4410,4410,29
2001/09/05,11:34:00,4410,4411,4410,4410,20
2001/09/05,11:35:00,4410,4410,4408,4409,55
2001/09/05,11:36:00,4407,4407,4406,4406,23
2001/09/05,11:37:00,4406,4406,4403,4403,30
2001/09/05,11:38:00,4405,4405,4404,4405,21
2001/09/05,11:39:00,4403,4406,4403,4406,25
2001/09/05,11:40:00,4406,4408,4406,4407,13
2001/09/05,11:41:00,4407,4407,4405,4405,33
2001/09/05,11:42:00,4408,4408,4403,4403,21
2001/09/05,11:43:00,4403,4403,4401,4402,38
2001/09/05,11:44:00,4403,4403,4400,4400,62
2001/09/05,11:45:00,4398,4399,4398,4399,17
2001/09/05,11:46:00,4399,4399,4396,4396,46
2001/09/05,11:47:00,4396,4397,4394,4397,80
2001/09/05,11:48:00,4397,4400,4395,4400,28
2001/09/05,11:49:00,4400,4401,4398,4401,18
2001/09/05,11:50:00,4402,4405,4401,4405,16
2001/09/05,11:51:00,4405,4416,4405,4416,28
2001/09/05,11:52:00,4418,4418,4416,4417,26
2001/09/05,11:53:00,4417,4417,4411,4414,34
2001/09/05,11:54:00,4410,4414,4410,4414,9
2001/09/05,11:55:00,4414,4414,4411,4411,31
2001/09/05,11:56:00,4413,4414,4413,4414,25
2001/09/05,11:57:00,4414,4415,4414,4414,20
2001/09/05,11:58:00,4415,4415,4413,4413,7
2001/09/05,11:59:00,4414,4414,4409,4409,22
2001/09/05,12:00:00,4408,4408,4407,4407,12
2001/09/05,12:01:00,4409,4409,4408,4408,11
2001/09/05,12:02:00,4408,4409,4408,4409,11
2001/09/05,12:03:00,4409,4415,4409,4412,28
2001/09/05,12:04:00,4416,4418,4416,4418,21
2001/09/05,12:05:00,4418,4423,4418,4423,56
2001/09/05,12:06:00,4423,4425,4423,4423,67
2001/09/05,12:07:00,4424,4424,4423,4423,24
2001/09/05,12:08:00,4422,4422,4420,4420,21
2001/09/05,12:09:00,4423,4423,4418,4418,28
2001/09/05,12:10:00,4418,4418,4415,4417,12
2001/09/05,12:11:00,4417,4418,4416,4417,9
2001/09/05,12:12:00,4418,4418,4416,4416,17
2001/09/05,12:13:00,4419,4419,4413,4413,24
2001/09/05,12:14:00,4415,4415,4414,4414,13
2001/09/05,12:15:00,4416,4418,4413,4416,14
2001/09/05,12:16:00,4419,4419,4417,4419,12
2001/09/05,12:17:00,4418,4419,4418,4419,20
2001/09/05,12:18:00,4419,4419,4418,4419,15
2001/09/05,12:19:00,4418,4419,4418,4418,31
2001/09/05,12:20:00,4418,4419,4415,4415,46
2001/09/05,12:21:00,4414,4415,4414,4415,19
2001/09/05,12:22:00,4415,4417,4415,4417,18
2001/09/05,12:23:00,4416,4418,4416,4418,10
2001/09/05,12:24:00,4416,4418,4416,4418,13
2001/09/05,12:25:00,4418,4419,4417,4419,21
2001/09/05,12:26:00,4420,4420,4419,4420,29
2001/09/05,12:27:00,4421,4421,4420,4420,23
2001/09/05,12:28:00,4420,4420,4415,4418,28
2001/09/05,12:29:00,4420,4422,4420,4420,32
2001/09/05,12:30:00,4422,4424,4422,4424,24
2001/09/05,12:31:00,4424,4425,4424,4425,34
2001/09/05,12:32:00,4426,4428,4426,4427,38
2001/09/05,12:33:00,4425,4425,4420,4420,33
2001/09/05,12:34:00,4419,4419,4416,4416,29
2001/09/05,12:35:00,4415,4415,4403,4403,77
2001/09/05,12:36:00,4402,4406,4401,4402,90
2001/09/05,12:37:00,4400,4402,4398,4398,117
2001/09/05,12:38:00,4398,4398,4396,4396,75
2001/09/05,12:39:00,4395,4400,4395,4400,51
2001/09/05,12:40:00,4399,4400,4396,4400,33
2001/09/05,12:41:00,4401,4402,4399,4402,32
2001/09/05,12:42:00,4404,4405,4402,4403,20
2001/09/05,12:43:00,4404,4405,4403,4405,11
2001/09/05,12:44:00,4405,4410,4405,4408,34
2001/09/05,12:45:00,4408,4410,4408,4410,18
2001/09/05,12:46:00,4411,4413,4410,4413,14
2001/09/05,12:47:00,4410,4410,4408,4410,20
2001/09/05,12:48:00,4410,4413,4410,4413,29
2001/09/05,12:49:00,4412,4414,4412,4414,20
2001/09/05,12:50:00,4415,4417,4415,4416,27
2001/09/05,12:51:00,4417,4419,4417,4419,29
2001/09/05,12:52:00,4419,4419,4417,4417,27
2001/09/05,12:53:00,4418,4420,4418,4420,23
2001/09/05,12:54:00,4419,4422,4419,4422,22
2001/09/05,12:55:00,4422,4423,4421,4423,23
2001/09/05,12:56:00,4423,4425,4422,4425,32
2001/09/05,12:57:00,4425,4425,4420,4425,65
2001/09/05,12:58:00,4424,4426,4422,4426,34
2001/09/05,12:59:00,4427,4430,4427,4430,98
2001/09/05,13:00:00,4430,4435,4430,4434,120
2001/09/05,13:01:00,4434,4434,4430,4430,81
2001/09/05,13:02:00,4431,4432,4429,4429,49
2001/09/05,13:03:00,4425,4429,4425,4426,27
2001/09/05,13:04:00,4425,4425,4420,4421,26
2001/09/05,13:05:00,4421,4421,4419,4419,20
2001/09/05,13:06:00,4420,4420,4420,4420,14
2001/09/05,13:07:00,4420,4420,4416,4416,17
2001/09/05,13:08:00,4418,4418,4413,4413,31
2001/09/05,13:09:00,4411,4411,4403,4403,60
2001/09/05,13:10:00,4402,4407,4402,4406,27
2001/09/05,13:11:00,4407,4407,4402,4402,21
2001/09/05,13:12:00,4406,4406,4401,4401,34
2001/09/05,13:13:00,4400,4400,4398,4398,75
2001/09/05,13:14:00,4401,4401,4397,4398,66
2001/09/05,13:15:00,4397,4397,4396,4396,85
2001/09/05,13:16:00,4396,4396,4391,4391,156
2001/09/05,13:17:00,4390,4390,4388,4388,155
2001/09/05,13:18:00,4388,4388,4380,4380,186
2001/09/05,13:19:00,4380,4386,4380,4386,83
2001/09/05,13:20:00,4381,4387,4381,4387,58
2001/09/05,13:21:00,4388,4390,4386,4388,44
2001/09/05,13:22:00,4388,4390,4387,4390,49
2001/09/05,13:23:00,4388,4389,4387,4387,59
2001/09/05,13:24:00,4385,4386,4385,4385,75
2001/09/05,13:25:00,4386,4390,4386,4390,68
2001/09/05,13:26:00,4387,4391,4387,4390,61
2001/09/05,13:27:00,4388,4388,4383,4383,75
2001/09/05,13:28:00,4383,4383,4380,4380,79
2001/09/05,13:29:00,4380,4380,4378,4378,116
2001/09/05,13:30:00,4376,4380,4375,4380,92
2001/09/05,13:31:00,4380,4390,4380,4390,77
2001/09/05,13:32:00,4390,4390,4386,4387,20
2001/09/05,13:33:00,4390,4391,4387,4387,38
2001/09/05,13:34:00,4387,4387,4385,4385,47
2001/09/05,13:35:00,4387,4387,4386,4386,26
2001/09/05,13:36:00,4387,4388,4386,4386,40
2001/09/05,13:37:00,4389,4390,4389,4390,61
2001/09/05,13:38:00,4390,4390,4387,4389,44
2001/09/05,13:39:00,4386,4389,4386,4389,35
2001/09/05,13:40:00,4389,4389,4387,4388,35
2001/09/05,13:41:00,4388,4388,4388,4388,3
2001/09/05,13:42:00,4388,4388,4388,4388,0
2001/09/05,13:43:00,4388,4388,4388,4388,0
2001/09/05,13:44:00,4388,4388,4388,4388,0
2001/09/05,13:45:00,4386,4386,4386,4386,265
