Date,Time,Open,High,Low,Close,Volume
2002/08/30,08:46:00,5169,5171,5157,5165,137
2002/08/30,08:47:00,5155,5171,5153,5164,59
2002/08/30,08:48:00,5164,5167,5162,5163,55
2002/08/30,08:49:00,5167,5168,5163,5165,50
2002/08/30,08:50:00,5166,5172,5165,5169,49
2002/08/30,08:51:00,5169,5171,5167,5170,36
2002/08/30,08:52:00,5169,5171,5167,5167,60
2002/08/30,08:53:00,5167,5172,5167,5168,20
2002/08/30,08:54:00,5169,5170,5167,5168,8
2002/08/30,08:55:00,5170,5170,5168,5168,12
2002/08/30,08:56:00,5169,5169,5164,5165,43
2002/08/30,08:57:00,5164,5164,5158,5159,96
2002/08/30,08:58:00,5161,5161,5158,5160,19
2002/08/30,08:59:00,5160,5161,5159,5161,20
2002/08/30,09:00:00,5162,5162,5159,5160,22
2002/08/30,09:01:00,5162,5165,5159,5165,34
2002/08/30,09:02:00,5166,5170,5165,5165,59
2002/08/30,09:03:00,5165,5168,5162,5166,75
2002/08/30,09:04:00,5164,5165,5158,5159,54
2002/08/30,09:05:00,5158,5158,5150,5150,120
2002/08/30,09:06:00,5152,5152,5148,5150,54
2002/08/30,09:07:00,5149,5152,5144,5145,98
2002/08/30,09:08:00,5145,5149,5144,5146,71
2002/08/30,09:09:00,5147,5151,5147,5149,52
2002/08/30,09:10:00,5151,5152,5149,5152,81
2002/08/30,09:11:00,5152,5155,5150,5155,53
2002/08/30,09:12:00,5153,5155,5150,5152,39
2002/08/30,09:13:00,5150,5154,5150,5153,37
2002/08/30,09:14:00,5152,5153,5145,5145,81
2002/08/30,09:15:00,5144,5149,5137,5138,173
2002/08/30,09:16:00,5138,5141,5134,5138,97
2002/08/30,09:17:00,5138,5139,5135,5138,80
2002/08/30,09:18:00,5138,5139,5136,5137,61
2002/08/30,09:19:00,5137,5140,5135,5137,65
2002/08/30,09:20:00,5137,5140,5135,5137,47
2002/08/30,09:21:00,5136,5138,5134,5138,45
2002/08/30,09:22:00,5139,5140,5137,5139,38
2002/08/30,09:23:00,5137,5139,5137,5138,38
2002/08/30,09:24:00,5137,5140,5137,5139,32
2002/08/30,09:25:00,5140,5140,5137,5137,35
2002/08/30,09:26:00,5138,5138,5135,5137,55
2002/08/30,09:27:00,5137,5139,5137,5139,40
2002/08/30,09:28:00,5138,5141,5137,5141,77
2002/08/30,09:29:00,5141,5142,5139,5141,42
2002/08/30,09:30:00,5139,5142,5139,5140,43
2002/08/30,09:31:00,5141,5142,5140,5140,39
2002/08/30,09:32:00,5142,5142,5140,5141,25
2002/08/30,09:33:00,5141,5144,5140,5144,62
2002/08/30,09:34:00,5144,5146,5142,5142,71
2002/08/30,09:35:00,5143,5143,5141,5142,33
2002/08/30,09:36:00,5142,5143,5140,5140,57
2002/08/30,09:37:00,5141,5142,5140,5142,54
2002/08/30,09:38:00,5142,5142,5137,5137,56
2002/08/30,09:39:00,5139,5140,5134,5135,104
2002/08/30,09:40:00,5136,5137,5134,5134,43
2002/08/30,09:41:00,5134,5137,5132,5133,64
2002/08/30,09:42:00,5137,5137,5133,5136,32
2002/08/30,09:43:00,5137,5139,5136,5137,11
2002/08/30,09:44:00,5138,5141,5136,5137,50
2002/08/30,09:45:00,5137,5139,5135,5135,56
2002/08/30,09:46:00,5135,5140,5135,5140,30
2002/08/30,09:47:00,5140,5140,5134,5137,43
2002/08/30,09:48:00,5137,5137,5134,5135,34
2002/08/30,09:49:00,5134,5134,5129,5133,112
2002/08/30,09:50:00,5132,5134,5130,5130,32
2002/08/30,09:51:00,5130,5133,5129,5130,33
2002/08/30,09:52:00,5130,5133,5129,5132,45
2002/08/30,09:53:00,5133,5135,5132,5132,14
2002/08/30,09:54:00,5132,5135,5131,5132,17
2002/08/30,09:55:00,5135,5135,5129,5130,44
2002/08/30,09:56:00,5131,5132,5129,5132,35
2002/08/30,09:57:00,5132,5135,5130,5132,75
2002/08/30,09:58:00,5131,5132,5130,5130,24
2002/08/30,09:59:00,5130,5132,5130,5132,99
2002/08/30,10:00:00,5132,5139,5132,5139,28
2002/08/30,10:01:00,5139,5140,5134,5140,43
2002/08/30,10:02:00,5141,5141,5138,5139,24
2002/08/30,10:03:00,5140,5140,5137,5139,16
2002/08/30,10:04:00,5138,5140,5137,5139,20
2002/08/30,10:05:00,5138,5140,5138,5140,13
2002/08/30,10:06:00,5138,5140,5138,5138,12
2002/08/30,10:07:00,5139,5139,5138,5139,9
2002/08/30,10:08:00,5138,5139,5137,5138,13
2002/08/30,10:09:00,5138,5139,5138,5139,11
2002/08/30,10:10:00,5139,5139,5138,5138,8
2002/08/30,10:11:00,5138,5139,5138,5138,11
2002/08/30,10:12:00,5141,5142,5137,5141,59
2002/08/30,10:13:00,5142,5142,5139,5140,13
2002/08/30,10:14:00,5142,5143,5141,5143,21
2002/08/30,10:15:00,5142,5144,5142,5144,29
2002/08/30,10:16:00,5143,5147,5143,5146,38
2002/08/30,10:17:00,5146,5150,5145,5150,32
2002/08/30,10:18:00,5149,5155,5147,5150,71
2002/08/30,10:19:00,5152,5156,5150,5152,75
2002/08/30,10:20:00,5152,5156,5150,5154,54
2002/08/30,10:21:00,5154,5154,5152,5153,20
2002/08/30,10:22:00,5152,5155,5152,5155,20
2002/08/30,10:23:00,5154,5158,5152,5157,42
2002/08/30,10:24:00,5159,5161,5155,5158,38
2002/08/30,10:25:00,5158,5161,5158,5160,38
2002/08/30,10:26:00,5162,5169,5160,5165,112
2002/08/30,10:27:00,5165,5170,5163,5168,99
2002/08/30,10:28:00,5167,5171,5164,5168,88
2002/08/30,10:29:00,5167,5171,5166,5169,62
2002/08/30,10:30:00,5169,5170,5165,5165,57
2002/08/30,10:31:00,5165,5166,5163,5163,33
2002/08/30,10:32:00,5164,5164,5159,5160,53
2002/08/30,10:33:00,5162,5162,5158,5159,51
2002/08/30,10:34:00,5159,5162,5158,5160,54
2002/08/30,10:35:00,5160,5164,5160,5163,73
2002/08/30,10:36:00,5164,5165,5161,5162,49
2002/08/30,10:37:00,5162,5165,5160,5163,45
2002/08/30,10:38:00,5162,5162,5160,5160,28
2002/08/30,10:39:00,5160,5161,5158,5158,23
2002/08/30,10:40:00,5160,5161,5158,5159,27
2002/08/30,10:41:00,5159,5161,5158,5161,20
2002/08/30,10:42:00,5161,5162,5160,5160,24
2002/08/30,10:43:00,5160,5165,5160,5165,39
2002/08/30,10:44:00,5165,5170,5165,5169,71
2002/08/30,10:45:00,5169,5171,5168,5170,50
2002/08/30,10:46:00,5170,5170,5167,5169,64
2002/08/30,10:47:00,5168,5169,5164,5167,42
2002/08/30,10:48:00,5167,5168,5165,5167,23
2002/08/30,10:49:00,5167,5168,5164,5165,28
2002/08/30,10:50:00,5165,5166,5163,5163,11
2002/08/30,10:51:00,5164,5165,5161,5164,35
2002/08/30,10:52:00,5163,5168,5163,5167,34
2002/08/30,10:53:00,5166,5169,5166,5168,31
2002/08/30,10:54:00,5166,5168,5164,5164,29
2002/08/30,10:55:00,5164,5166,5164,5166,12
2002/08/30,10:56:00,5166,5166,5163,5164,14
2002/08/30,10:57:00,5164,5164,5162,5162,37
2002/08/30,10:58:00,5161,5161,5156,5160,25
2002/08/30,10:59:00,5159,5160,5158,5158,51
2002/08/30,11:00:00,5158,5159,5157,5157,65
2002/08/30,11:01:00,5156,5159,5154,5157,27
2002/08/30,11:02:00,5155,5157,5154,5155,22
2002/08/30,11:03:00,5154,5156,5153,5155,33
2002/08/30,11:04:00,5155,5155,5154,5154,22
2002/08/30,11:05:00,5154,5159,5154,5158,31
2002/08/30,11:06:00,5157,5158,5157,5158,8
2002/08/30,11:07:00,5159,5160,5157,5160,18
2002/08/30,11:08:00,5160,5160,5158,5158,6
2002/08/30,11:09:00,5157,5158,5157,5158,16
2002/08/30,11:10:00,5158,5159,5156,5157,23
2002/08/30,11:11:00,5158,5158,5157,5157,5
2002/08/30,11:12:00,5157,5159,5157,5158,24
2002/08/30,11:13:00,5157,5157,5156,5156,9
2002/08/30,11:14:00,5157,5158,5154,5155,24
2002/08/30,11:15:00,5156,5157,5156,5156,12
2002/08/30,11:16:00,5156,5157,5155,5155,16
2002/08/30,11:17:00,5155,5156,5148,5149,73
2002/08/30,11:18:00,5150,5152,5149,5150,39
2002/08/30,11:19:00,5150,5155,5149,5154,73
2002/08/30,11:20:00,5153,5156,5153,5156,14
2002/08/30,11:21:00,5155,5156,5155,5156,12
2002/08/30,11:22:00,5155,5156,5153,5155,26
2002/08/30,11:23:00,5157,5157,5156,5157,10
2002/08/30,11:24:00,5156,5159,5155,5157,19
2002/08/30,11:25:00,5156,5159,5156,5158,4
2002/08/30,11:26:00,5158,5158,5157,5157,7
2002/08/30,11:27:00,5157,5158,5157,5158,10
2002/08/30,11:28:00,5157,5158,5155,5155,10
2002/08/30,11:29:00,5156,5159,5156,5157,18
2002/08/30,11:30:00,5159,5160,5159,5159,9
2002/08/30,11:31:00,5159,5162,5159,5162,17
2002/08/30,11:32:00,5162,5165,5161,5165,33
2002/08/30,11:33:00,5165,5165,5162,5162,18
2002/08/30,11:34:00,5162,5163,5162,5163,14
2002/08/30,11:35:00,5162,5163,5161,5162,8
2002/08/30,11:36:00,5160,5162,5160,5162,6
2002/08/30,11:37:00,5161,5162,5158,5158,40
2002/08/30,11:38:00,5157,5158,5154,5156,29
2002/08/30,11:39:00,5155,5156,5155,5156,7
2002/08/30,11:40:00,5156,5157,5154,5155,27
2002/08/30,11:41:00,5154,5154,5152,5152,30
2002/08/30,11:42:00,5152,5152,5148,5149,36
2002/08/30,11:43:00,5148,5152,5148,5149,36
2002/08/30,11:44:00,5150,5151,5150,5150,10
2002/08/30,11:45:00,5150,5151,5150,5151,10
2002/08/30,11:46:00,5149,5150,5148,5149,16
2002/08/30,11:47:00,5150,5152,5149,5151,25
2002/08/30,11:48:00,5151,5152,5150,5151,33
2002/08/30,11:49:00,5152,5152,5151,5152,5
2002/08/30,11:50:00,5152,5153,5151,5152,37
2002/08/30,11:51:00,5153,5153,5152,5153,9
2002/08/30,11:52:00,5151,5152,5149,5152,12
2002/08/30,11:53:00,5149,5150,5149,5150,20
2002/08/30,11:54:00,5150,5152,5149,5151,34
2002/08/30,11:55:00,5150,5151,5150,5151,4
2002/08/30,11:56:00,5152,5153,5151,5153,29
2002/08/30,11:57:00,5152,5154,5152,5154,18
2002/08/30,11:58:00,5153,5157,5153,5156,23
2002/08/30,11:59:00,5157,5160,5155,5160,13
2002/08/30,12:00:00,5157,5160,5156,5160,3
2002/08/30,12:01:00,5160,5161,5157,5160,10
2002/08/30,12:02:00,5161,5162,5159,5159,16
2002/08/30,12:03:00,5159,5165,5159,5162,24
2002/08/30,12:04:00,5165,5167,5163,5167,42
2002/08/30,12:05:00,5167,5190,5167,5184,230
2002/08/30,12:06:00,5181,5185,5177,5182,57
2002/08/30,12:07:00,5182,5184,5177,5181,71
2002/08/30,12:08:00,5181,5182,5179,5180,28
2002/08/30,12:09:00,5181,5182,5178,5178,34
2002/08/30,12:10:00,5180,5181,5175,5179,48
2002/08/30,12:11:00,5180,5180,5175,5177,20
2002/08/30,12:12:00,5178,5179,5175,5177,17
2002/08/30,12:13:00,5178,5178,5173,5175,27
2002/08/30,12:14:00,5176,5176,5173,5175,9
2002/08/30,12:15:00,5174,5176,5173,5175,35
2002/08/30,12:16:00,5176,5176,5174,5174,13
2002/08/30,12:17:00,5175,5175,5174,5175,8
2002/08/30,12:18:00,5175,5177,5174,5177,16
2002/08/30,12:19:00,5176,5176,5174,5174,11
2002/08/30,12:20:00,5175,5176,5173,5173,10
2002/08/30,12:21:00,5175,5176,5173,5174,15
2002/08/30,12:22:00,5173,5174,5172,5173,11
2002/08/30,12:23:00,5174,5174,5170,5170,18
2002/08/30,12:24:00,5171,5172,5167,5168,19
2002/08/30,12:25:00,5168,5174,5168,5174,32
2002/08/30,12:26:00,5174,5174,5170,5174,34
2002/08/30,12:27:00,5176,5179,5174,5177,35
2002/08/30,12:28:00,5179,5181,5178,5179,30
2002/08/30,12:29:00,5179,5179,5178,5178,21
2002/08/30,12:30:00,5179,5179,5177,5178,25
2002/08/30,12:31:00,5177,5178,5172,5172,30
2002/08/30,12:32:00,5172,5175,5169,5171,12
2002/08/30,12:33:00,5168,5172,5168,5172,24
2002/08/30,12:34:00,5168,5168,5165,5165,14
2002/08/30,12:35:00,5167,5167,5162,5163,32
2002/08/30,12:36:00,5163,5167,5160,5162,25
2002/08/30,12:37:00,5162,5164,5161,5161,14
2002/08/30,12:38:00,5162,5166,5162,5166,14
2002/08/30,12:39:00,5164,5167,5162,5162,22
2002/08/30,12:40:00,5163,5165,5162,5162,31
2002/08/30,12:41:00,5162,5162,5157,5160,42
2002/08/30,12:42:00,5157,5157,5149,5152,122
2002/08/30,12:43:00,5153,5157,5150,5150,41
2002/08/30,12:44:00,5152,5154,5149,5153,52
2002/08/30,12:45:00,5152,5154,5150,5152,34
2002/08/30,12:46:00,5151,5157,5150,5151,41
2002/08/30,12:47:00,5153,5153,5151,5152,16
2002/08/30,12:48:00,5152,5156,5152,5152,34
2002/08/30,12:49:00,5152,5152,5151,5152,16
2002/08/30,12:50:00,5152,5152,5151,5152,15
2002/08/30,12:51:00,5151,5153,5150,5152,21
2002/08/30,12:52:00,5151,5152,5151,5151,7
2002/08/30,12:53:00,5151,5151,5148,5150,26
2002/08/30,12:54:00,5150,5151,5146,5146,72
2002/08/30,12:55:00,5146,5150,5146,5147,34
2002/08/30,12:56:00,5147,5149,5146,5149,44
2002/08/30,12:57:00,5147,5149,5146,5147,39
2002/08/30,12:58:00,5148,5150,5148,5149,16
2002/08/30,12:59:00,5149,5152,5148,5151,16
2002/08/30,13:00:00,5151,5153,5151,5152,32
2002/08/30,13:01:00,5155,5155,5152,5152,17
2002/08/30,13:02:00,5152,5156,5150,5154,43
2002/08/30,13:03:00,5153,5154,5149,5149,29
2002/08/30,13:04:00,5149,5150,5147,5147,43
2002/08/30,13:05:00,5147,5148,5143,5145,67
2002/08/30,13:06:00,5144,5146,5142,5142,71
2002/08/30,13:07:00,5143,5146,5143,5145,33
2002/08/30,13:08:00,5143,5148,5143,5144,43
2002/08/30,13:09:00,5147,5147,5144,5145,5
2002/08/30,13:10:00,5147,5147,5142,5142,118
2002/08/30,13:11:00,5140,5142,5138,5138,67
2002/08/30,13:12:00,5138,5142,5138,5139,47
2002/08/30,13:13:00,5140,5142,5138,5139,32
2002/08/30,13:14:00,5140,5141,5138,5139,33
2002/08/30,13:15:00,5139,5140,5135,5135,65
2002/08/30,13:16:00,5137,5137,5134,5136,21
2002/08/30,13:17:00,5135,5137,5135,5136,48
2002/08/30,13:18:00,5135,5137,5133,5133,63
2002/08/30,13:19:00,5134,5134,5132,5132,89
2002/08/30,13:20:00,5133,5137,5131,5134,78
2002/08/30,13:21:00,5135,5136,5133,5134,21
2002/08/30,13:22:00,5135,5137,5134,5135,34
2002/08/30,13:23:00,5135,5138,5134,5137,23
2002/08/30,13:24:00,5136,5138,5135,5137,19
2002/08/30,13:25:00,5137,5137,5135,5135,46
2002/08/30,13:26:00,5135,5137,5133,5134,69
2002/08/30,13:27:00,5133,5135,5132,5132,64
2002/08/30,13:28:00,5132,5133,5131,5131,138
2002/08/30,13:29:00,5132,5133,5130,5132,112
2002/08/30,13:30:00,5132,5135,5132,5132,85
2002/08/30,13:31:00,5132,5135,5132,5133,65
2002/08/30,13:32:00,5132,5132,5130,5130,57
2002/08/30,13:33:00,5130,5132,5129,5130,79
2002/08/30,13:34:00,5130,5134,5130,5132,87
2002/08/30,13:35:00,5134,5135,5132,5133,72
2002/08/30,13:36:00,5133,5136,5132,5133,47
2002/08/30,13:37:00,5133,5136,5132,5134,29
2002/08/30,13:38:00,5133,5136,5132,5133,45
2002/08/30,13:39:00,5133,5137,5133,5137,65
2002/08/30,13:40:00,5135,5138,5135,5136,57
2002/08/30,13:41:00,5137,5137,5137,5137,2
2002/08/30,13:42:00,5137,5137,5137,5137,0
2002/08/30,13:43:00,5137,5137,5137,5137,0
2002/08/30,13:44:00,5137,5137,5137,5137,0
2002/08/30,13:45:00,5138,5138,5138,5138,446
