Date,Time,Open,High,Low,Close,Volume
2012/10/18,08:46:00,11714,11722,11709,11718,1724
2012/10/18,08:47:00,11718,11719,11716,11718,486
2012/10/18,08:48:00,11718,11719,11716,11719,481
2012/10/18,08:49:00,11719,11725,11719,11724,894
2012/10/18,08:50:00,11724,11725,11719,11720,391
2012/10/18,08:51:00,11720,11721,11719,11721,194
2012/10/18,08:52:00,11722,11726,11721,11724,482
2012/10/18,08:53:00,11724,11726,11723,11724,270
2012/10/18,08:54:00,11724,11724,11721,11722,277
2012/10/18,08:55:00,11721,11722,11719,11719,357
2012/10/18,08:56:00,11719,11722,11719,11720,176
2012/10/18,08:57:00,11721,11721,11719,11720,115
2012/10/18,08:58:00,11719,11721,11718,11720,174
2012/10/18,08:59:00,11721,11722,11720,11722,141
2012/10/18,09:00:00,11721,11724,11721,11721,200
2012/10/18,09:01:00,11722,11725,11721,11724,577
2012/10/18,09:02:00,11723,11725,11720,11720,279
2012/10/18,09:03:00,11720,11723,11716,11716,512
2012/10/18,09:04:00,11716,11717,11711,11715,709
2012/10/18,09:05:00,11716,11717,11712,11712,453
2012/10/18,09:06:00,11712,11719,11712,11718,593
2012/10/18,09:07:00,11718,11719,11716,11718,199
2012/10/18,09:08:00,11717,11719,11716,11717,403
2012/10/18,09:09:00,11717,11718,11715,11718,197
2012/10/18,09:10:00,11718,11719,11716,11717,170
2012/10/18,09:11:00,11717,11717,11710,11713,517
2012/10/18,09:12:00,11713,11713,11705,11705,872
2012/10/18,09:13:00,11705,11709,11705,11708,483
2012/10/18,09:14:00,11709,11710,11708,11708,268
2012/10/18,09:15:00,11708,11711,11708,11711,238
2012/10/18,09:16:00,11710,11714,11709,11712,473
2012/10/18,09:17:00,11713,11717,11712,11714,457
2012/10/18,09:18:00,11715,11715,11710,11713,518
2012/10/18,09:19:00,11713,11715,11711,11712,166
2012/10/18,09:20:00,11712,11713,11710,11710,82
2012/10/18,09:21:00,11710,11712,11709,11709,168
2012/10/18,09:22:00,11709,11711,11708,11710,196
2012/10/18,09:23:00,11710,11711,11708,11709,129
2012/10/18,09:24:00,11710,11711,11708,11709,158
2012/10/18,09:25:00,11709,11712,11709,11711,205
2012/10/18,09:26:00,11711,11714,11710,11713,273
2012/10/18,09:27:00,11713,11714,11712,11712,151
2012/10/18,09:28:00,11712,11715,11712,11713,187
2012/10/18,09:29:00,11713,11713,11710,11711,113
2012/10/18,09:30:00,11710,11711,11709,11711,160
2012/10/18,09:31:00,11710,11711,11703,11705,616
2012/10/18,09:32:00,11704,11710,11703,11709,358
2012/10/18,09:33:00,11709,11710,11705,11707,295
2012/10/18,09:34:00,11706,11707,11705,11706,129
2012/10/18,09:35:00,11706,11710,11706,11710,384
2012/10/18,09:36:00,11709,11711,11708,11710,173
2012/10/18,09:37:00,11711,11713,11710,11712,311
2012/10/18,09:38:00,11712,11714,11711,11713,203
2012/10/18,09:39:00,11714,11715,11713,11715,170
2012/10/18,09:40:00,11715,11717,11714,11717,339
2012/10/18,09:41:00,11717,11719,11715,11715,457
2012/10/18,09:42:00,11715,11715,11712,11712,254
2012/10/18,09:43:00,11713,11713,11711,11713,285
2012/10/18,09:44:00,11713,11713,11711,11712,159
2012/10/18,09:45:00,11712,11713,11710,11712,231
2012/10/18,09:46:00,11713,11713,11711,11712,135
2012/10/18,09:47:00,11712,11712,11709,11711,235
2012/10/18,09:48:00,11711,11717,11711,11717,357
2012/10/18,09:49:00,11716,11717,11714,11717,244
2012/10/18,09:50:00,11716,11717,11713,11714,158
2012/10/18,09:51:00,11714,11717,11714,11716,206
2012/10/18,09:52:00,11716,11716,11714,11716,95
2012/10/18,09:53:00,11715,11717,11715,11717,106
2012/10/18,09:54:00,11717,11717,11714,11716,214
2012/10/18,09:55:00,11715,11715,11713,11714,145
2012/10/18,09:56:00,11714,11715,11712,11712,136
2012/10/18,09:57:00,11713,11713,11711,11711,148
2012/10/18,09:58:00,11710,11711,11709,11709,226
2012/10/18,09:59:00,11709,11710,11706,11707,467
2012/10/18,10:00:00,11707,11709,11706,11707,255
2012/10/18,10:01:00,11707,11713,11706,11710,483
2012/10/18,10:02:00,11709,11710,11708,11709,62
2012/10/18,10:03:00,11709,11710,11706,11707,281
2012/10/18,10:04:00,11707,11709,11706,11706,311
2012/10/18,10:05:00,11706,11707,11702,11703,627
2012/10/18,10:06:00,11704,11706,11700,11701,722
2012/10/18,10:07:00,11700,11702,11697,11700,778
2012/10/18,10:08:00,11700,11704,11699,11704,282
2012/10/18,10:09:00,11703,11704,11700,11700,235
2012/10/18,10:10:00,11701,11702,11699,11701,175
2012/10/18,10:11:00,11702,11704,11701,11703,139
2012/10/18,10:12:00,11704,11704,11700,11700,165
2012/10/18,10:13:00,11701,11701,11695,11696,711
2012/10/18,10:14:00,11696,11697,11694,11695,348
2012/10/18,10:15:00,11695,11700,11694,11700,467
2012/10/18,10:16:00,11700,11700,11697,11697,324
2012/10/18,10:17:00,11698,11698,11695,11695,211
2012/10/18,10:18:00,11695,11697,11691,11696,670
2012/10/18,10:19:00,11697,11697,11695,11697,199
2012/10/18,10:20:00,11697,11700,11696,11699,360
2012/10/18,10:21:00,11700,11702,11698,11699,374
2012/10/18,10:22:00,11699,11700,11698,11699,129
2012/10/18,10:23:00,11698,11699,11698,11698,64
2012/10/18,10:24:00,11698,11699,11694,11695,317
2012/10/18,10:25:00,11695,11698,11693,11697,176
2012/10/18,10:26:00,11697,11699,11696,11699,138
2012/10/18,10:27:00,11699,11702,11698,11701,393
2012/10/18,10:28:00,11700,11703,11700,11703,239
2012/10/18,10:29:00,11702,11702,11699,11700,110
2012/10/18,10:30:00,11700,11700,11699,11699,74
2012/10/18,10:31:00,11699,11700,11698,11699,70
2012/10/18,10:32:00,11700,11700,11698,11698,76
2012/10/18,10:33:00,11698,11699,11698,11699,53
2012/10/18,10:34:00,11699,11699,11697,11698,135
2012/10/18,10:35:00,11698,11700,11697,11699,83
2012/10/18,10:36:00,11698,11698,11696,11696,142
2012/10/18,10:37:00,11696,11698,11695,11698,166
2012/10/18,10:38:00,11698,11700,11698,11700,65
2012/10/18,10:39:00,11699,11700,11698,11698,55
2012/10/18,10:40:00,11698,11699,11698,11698,23
2012/10/18,10:41:00,11698,11700,11698,11699,25
2012/10/18,10:42:00,11699,11701,11699,11701,83
2012/10/18,10:43:00,11701,11702,11700,11701,131
2012/10/18,10:44:00,11702,11702,11698,11698,181
2012/10/18,10:45:00,11698,11699,11697,11698,206
2012/10/18,10:46:00,11699,11699,11698,11699,43
2012/10/18,10:47:00,11699,11700,11696,11696,124
2012/10/18,10:48:00,11696,11697,11695,11697,148
2012/10/18,10:49:00,11697,11700,11697,11700,72
2012/10/18,10:50:00,11700,11700,11699,11699,27
2012/10/18,10:51:00,11700,11700,11698,11700,72
2012/10/18,10:52:00,11700,11700,11699,11699,45
2012/10/18,10:53:00,11700,11700,11699,11700,64
2012/10/18,10:54:00,11701,11703,11700,11701,289
2012/10/18,10:55:00,11702,11704,11701,11703,193
2012/10/18,10:56:00,11703,11704,11701,11702,139
2012/10/18,10:57:00,11702,11703,11701,11702,61
2012/10/18,10:58:00,11702,11703,11701,11703,45
2012/10/18,10:59:00,11702,11703,11701,11702,44
2012/10/18,11:00:00,11702,11702,11702,11702,32
2012/10/18,11:01:00,11702,11702,11700,11701,63
2012/10/18,11:02:00,11700,11702,11700,11701,23
2012/10/18,11:03:00,11701,11702,11699,11700,149
2012/10/18,11:04:00,11699,11700,11699,11699,43
2012/10/18,11:05:00,11700,11701,11700,11700,93
2012/10/18,11:06:00,11700,11701,11699,11700,34
2012/10/18,11:07:00,11699,11700,11698,11698,54
2012/10/18,11:08:00,11699,11700,11697,11698,214
2012/10/18,11:09:00,11697,11698,11692,11692,576
2012/10/18,11:10:00,11692,11696,11692,11696,220
2012/10/18,11:11:00,11695,11700,11695,11698,210
2012/10/18,11:12:00,11698,11703,11698,11703,346
2012/10/18,11:13:00,11703,11704,11700,11700,193
2012/10/18,11:14:00,11700,11702,11700,11701,37
2012/10/18,11:15:00,11701,11703,11701,11702,86
2012/10/18,11:16:00,11703,11703,11700,11701,55
2012/10/18,11:17:00,11700,11701,11700,11701,46
2012/10/18,11:18:00,11701,11703,11701,11702,89
2012/10/18,11:19:00,11703,11704,11702,11703,133
2012/10/18,11:20:00,11703,11703,11701,11701,54
2012/10/18,11:21:00,11701,11702,11700,11701,58
2012/10/18,11:22:00,11701,11702,11701,11702,28
2012/10/18,11:23:00,11702,11702,11701,11701,56
2012/10/18,11:24:00,11702,11702,11700,11701,42
2012/10/18,11:25:00,11701,11701,11699,11699,53
2012/10/18,11:26:00,11699,11700,11699,11699,22
2012/10/18,11:27:00,11700,11700,11699,11700,21
2012/10/18,11:28:00,11700,11700,11698,11698,111
2012/10/18,11:29:00,11698,11699,11697,11698,88
2012/10/18,11:30:00,11699,11700,11698,11700,31
2012/10/18,11:31:00,11699,11702,11699,11702,84
2012/10/18,11:32:00,11702,11703,11702,11702,178
2012/10/18,11:33:00,11702,11702,11699,11701,67
2012/10/18,11:34:00,11700,11703,11700,11703,95
2012/10/18,11:35:00,11702,11704,11700,11701,197
2012/10/18,11:36:00,11701,11702,11701,11701,37
2012/10/18,11:37:00,11700,11701,11700,11701,15
2012/10/18,11:38:00,11701,11702,11701,11701,39
2012/10/18,11:39:00,11700,11701,11700,11700,27
2012/10/18,11:40:00,11701,11701,11700,11700,8
2012/10/18,11:41:00,11701,11701,11697,11697,252
2012/10/18,11:42:00,11698,11699,11696,11698,179
2012/10/18,11:43:00,11698,11698,11697,11698,43
2012/10/18,11:44:00,11698,11699,11697,11698,50
2012/10/18,11:45:00,11698,11698,11697,11697,26
2012/10/18,11:46:00,11697,11699,11696,11697,161
2012/10/18,11:47:00,11698,11699,11697,11697,54
2012/10/18,11:48:00,11698,11699,11697,11698,51
2012/10/18,11:49:00,11698,11699,11697,11699,55
2012/10/18,11:50:00,11698,11699,11697,11699,36
2012/10/18,11:51:00,11698,11699,11697,11698,39
2012/10/18,11:52:00,11698,11699,11697,11698,78
2012/10/18,11:53:00,11698,11699,11697,11698,46
2012/10/18,11:54:00,11698,11699,11697,11698,30
2012/10/18,11:55:00,11698,11699,11698,11698,42
2012/10/18,11:56:00,11698,11698,11697,11697,47
2012/10/18,11:57:00,11698,11698,11696,11697,130
2012/10/18,11:58:00,11697,11697,11696,11696,47
2012/10/18,11:59:00,11696,11697,11695,11696,105
2012/10/18,12:00:00,11696,11696,11696,11696,45
2012/10/18,12:01:00,11696,11699,11696,11698,80
2012/10/18,12:02:00,11698,11699,11698,11698,27
2012/10/18,12:03:00,11697,11698,11697,11697,27
2012/10/18,12:04:00,11697,11697,11696,11697,39
2012/10/18,12:05:00,11696,11697,11695,11696,90
2012/10/18,12:06:00,11696,11697,11696,11697,63
2012/10/18,12:07:00,11696,11696,11693,11696,370
2012/10/18,12:08:00,11695,11695,11693,11695,104
2012/10/18,12:09:00,11694,11695,11692,11692,324
2012/10/18,12:10:00,11692,11695,11691,11694,415
2012/10/18,12:11:00,11694,11701,11693,11700,604
2012/10/18,12:12:00,11700,11701,11697,11698,195
2012/10/18,12:13:00,11698,11699,11697,11698,32
2012/10/18,12:14:00,11698,11701,11698,11701,281
2012/10/18,12:15:00,11700,11701,11699,11701,90
2012/10/18,12:16:00,11701,11701,11699,11699,78
2012/10/18,12:17:00,11699,11700,11699,11699,53
2012/10/18,12:18:00,11700,11700,11699,11699,93
2012/10/18,12:19:00,11699,11699,11698,11698,46
2012/10/18,12:20:00,11699,11699,11697,11698,47
2012/10/18,12:21:00,11697,11698,11697,11697,55
2012/10/18,12:22:00,11697,11698,11696,11698,42
2012/10/18,12:23:00,11698,11698,11697,11698,21
2012/10/18,12:24:00,11698,11701,11698,11700,130
2012/10/18,12:25:00,11699,11700,11698,11698,63
2012/10/18,12:26:00,11698,11699,11698,11699,39
2012/10/18,12:27:00,11698,11699,11698,11699,34
2012/10/18,12:28:00,11699,11700,11699,11699,29
2012/10/18,12:29:00,11700,11700,11698,11699,63
2012/10/18,12:30:00,11698,11699,11697,11697,69
2012/10/18,12:31:00,11697,11699,11697,11698,75
2012/10/18,12:32:00,11699,11699,11698,11699,33
2012/10/18,12:33:00,11699,11699,11697,11698,24
2012/10/18,12:34:00,11698,11698,11695,11695,166
2012/10/18,12:35:00,11695,11697,11694,11695,102
2012/10/18,12:36:00,11696,11697,11695,11696,49
2012/10/18,12:37:00,11697,11699,11697,11698,74
2012/10/18,12:38:00,11698,11698,11697,11698,54
2012/10/18,12:39:00,11697,11700,11697,11699,147
2012/10/18,12:40:00,11698,11699,11698,11698,48
2012/10/18,12:41:00,11698,11698,11697,11698,45
2012/10/18,12:42:00,11697,11699,11697,11698,32
2012/10/18,12:43:00,11698,11698,11697,11697,36
2012/10/18,12:44:00,11698,11699,11698,11698,12
2012/10/18,12:45:00,11698,11698,11697,11697,53
2012/10/18,12:46:00,11697,11698,11697,11697,81
2012/10/18,12:47:00,11697,11697,11697,11697,12
2012/10/18,12:48:00,11697,11697,11696,11696,66
2012/10/18,12:49:00,11696,11697,11695,11697,55
2012/10/18,12:50:00,11697,11697,11696,11696,43
2012/10/18,12:51:00,11696,11699,11696,11698,81
2012/10/18,12:52:00,11698,11699,11698,11698,31
2012/10/18,12:53:00,11698,11700,11698,11700,155
2012/10/18,12:54:00,11699,11700,11699,11699,46
2012/10/18,12:55:00,11700,11701,11699,11701,159
2012/10/18,12:56:00,11700,11701,11699,11699,85
2012/10/18,12:57:00,11700,11701,11700,11701,52
2012/10/18,12:58:00,11700,11703,11700,11702,382
2012/10/18,12:59:00,11701,11704,11701,11704,310
2012/10/18,13:00:00,11704,11705,11703,11705,290
2012/10/18,13:01:00,11705,11707,11703,11703,532
2012/10/18,13:02:00,11704,11704,11703,11703,74
2012/10/18,13:03:00,11704,11704,11702,11703,83
2012/10/18,13:04:00,11703,11704,11702,11702,117
2012/10/18,13:05:00,11702,11703,11701,11701,73
2012/10/18,13:06:00,11701,11702,11700,11700,83
2012/10/18,13:07:00,11700,11702,11699,11701,71
2012/10/18,13:08:00,11702,11702,11700,11700,37
2012/10/18,13:09:00,11700,11702,11700,11701,59
2012/10/18,13:10:00,11702,11702,11700,11701,41
2012/10/18,13:11:00,11701,11701,11700,11701,57
2012/10/18,13:12:00,11700,11701,11700,11700,79
2012/10/18,13:13:00,11700,11701,11699,11701,169
2012/10/18,13:14:00,11700,11701,11700,11701,67
2012/10/18,13:15:00,11701,11702,11699,11699,68
2012/10/18,13:16:00,11700,11701,11699,11699,64
2012/10/18,13:17:00,11699,11701,11699,11699,122
2012/10/18,13:18:00,11700,11701,11700,11700,110
2012/10/18,13:19:00,11700,11702,11700,11702,177
2012/10/18,13:20:00,11702,11704,11702,11703,264
2012/10/18,13:21:00,11703,11705,11703,11705,208
2012/10/18,13:22:00,11705,11707,11704,11707,378
2012/10/18,13:23:00,11707,11707,11705,11705,292
2012/10/18,13:24:00,11705,11707,11704,11705,220
2012/10/18,13:25:00,11705,11705,11701,11702,238
2012/10/18,13:26:00,11702,11703,11701,11702,98
2012/10/18,13:27:00,11701,11702,11700,11701,113
2012/10/18,13:28:00,11701,11702,11700,11700,163
2012/10/18,13:29:00,11701,11701,11699,11699,147
2012/10/18,13:30:00,11699,11700,11696,11700,591
2012/10/18,13:31:00,11700,11702,11697,11700,521
2012/10/18,13:32:00,11701,11701,11699,11700,188
2012/10/18,13:33:00,11701,11701,11699,11699,123
2012/10/18,13:34:00,11700,11701,11699,11700,128
2012/10/18,13:35:00,11700,11702,11700,11702,157
2012/10/18,13:36:00,11701,11703,11701,11702,177
2012/10/18,13:37:00,11702,11703,11701,11701,137
2012/10/18,13:38:00,11701,11702,11701,11701,69
2012/10/18,13:39:00,11701,11703,11701,11702,140
2012/10/18,13:40:00,11703,11704,11702,11703,302
2012/10/18,13:41:00,11704,11704,11701,11702,227
2012/10/18,13:42:00,11702,11703,11702,11703,153
2012/10/18,13:43:00,11703,11703,11701,11701,352
2012/10/18,13:44:00,11701,11702,11700,11702,514
2012/10/18,13:45:00,11700,11702,11699,11699,902
