Date,Time,Open,High,Low,Close,Volume
2008/09/30,08:46:00,7509,7509,7509,7509,2554
2008/09/30,08:47:00,7509,7513,7509,7509,1469
2008/09/30,08:48:00,7509,7510,7509,7509,512
2008/09/30,08:49:00,7509,7514,7509,7510,428
2008/09/30,08:50:00,7510,7514,7509,7509,346
2008/09/30,08:51:00,7509,7509,7509,7509,163
2008/09/30,08:52:00,7509,7509,7509,7509,57
2008/09/30,08:53:00,7509,7509,7509,7509,33
2008/09/30,08:54:00,7509,7509,7509,7509,39
2008/09/30,08:55:00,7509,7509,7509,7509,179
2008/09/30,08:56:00,7509,7509,7509,7509,36
2008/09/30,08:57:00,7509,7509,7509,7509,45
2008/09/30,08:58:00,7509,7509,7509,7509,13
2008/09/30,08:59:00,7509,7509,7509,7509,12
2008/09/30,09:00:00,7509,7509,7509,7509,22
2008/09/30,09:01:00,7509,7509,7509,7509,15
2008/09/30,09:02:00,7509,7509,7509,7509,13
2008/09/30,09:03:00,7509,7509,7509,7509,9
2008/09/30,09:04:00,7509,7509,7509,7509,4
2008/09/30,09:05:00,7509,7509,7509,7509,19
2008/09/30,09:06:00,7509,7509,7509,7509,9
2008/09/30,09:07:00,7509,7509,7509,7509,22
2008/09/30,09:08:00,7509,7509,7509,7509,20
2008/09/30,09:09:00,7509,7509,7509,7509,10
2008/09/30,09:10:00,7509,7509,7509,7509,21
2008/09/30,09:11:00,7509,7509,7509,7509,8
2008/09/30,09:12:00,7509,7509,7509,7509,10
2008/09/30,09:13:00,7509,7509,7509,7509,33
2008/09/30,09:14:00,7509,7509,7509,7509,3
2008/09/30,09:15:00,7509,7509,7509,7509,27
2008/09/30,09:16:00,7509,7509,7509,7509,9
2008/09/30,09:17:00,7509,7509,7509,7509,11
2008/09/30,09:18:00,7509,7509,7509,7509,2
2008/09/30,09:19:00,7509,7509,7509,7509,10
2008/09/30,09:20:00,7509,7509,7509,7509,22
2008/09/30,09:21:00,7509,7509,7509,7509,5
2008/09/30,09:22:00,7509,7509,7509,7509,6
2008/09/30,09:23:00,7509,7509,7509,7509,8
2008/09/30,09:24:00,7509,7509,7509,7509,3
2008/09/30,09:25:00,7509,7509,7509,7509,24
2008/09/30,09:26:00,7509,7509,7509,7509,53
2008/09/30,09:27:00,7509,7509,7509,7509,14
2008/09/30,09:28:00,7509,7509,7509,7509,26
2008/09/30,09:29:00,7509,7509,7509,7509,33
2008/09/30,09:30:00,7509,7509,7509,7509,64
2008/09/30,09:31:00,7509,7509,7509,7509,57
2008/09/30,09:32:00,7509,7509,7509,7509,26
2008/09/30,09:33:00,7509,7509,7509,7509,760
2008/09/30,09:34:00,7509,7525,7509,7516,2598
2008/09/30,09:35:00,7514,7520,7509,7512,513
2008/09/30,09:36:00,7511,7515,7509,7510,219
2008/09/30,09:37:00,7511,7511,7509,7509,268
2008/09/30,09:38:00,7511,7515,7509,7514,157
2008/09/30,09:39:00,7514,7516,7509,7509,209
2008/09/30,09:40:00,7510,7511,7509,7509,111
2008/09/30,09:41:00,7509,7509,7509,7509,56
2008/09/30,09:42:00,7509,7509,7509,7509,111
2008/09/30,09:43:00,7509,7509,7509,7509,85
2008/09/30,09:44:00,7509,7509,7509,7509,42
2008/09/30,09:45:00,7509,7509,7509,7509,22
2008/09/30,09:46:00,7509,7509,7509,7509,7
2008/09/30,09:47:00,7509,7509,7509,7509,16
2008/09/30,09:48:00,7509,7509,7509,7509,47
2008/09/30,09:49:00,7509,7509,7509,7509,24
2008/09/30,09:50:00,7509,7509,7509,7509,5
2008/09/30,09:51:00,7509,7509,7509,7509,4
2008/09/30,09:52:00,7509,7509,7509,7509,6
2008/09/30,09:53:00,7509,7509,7509,7509,5
2008/09/30,09:54:00,7509,7509,7509,7509,2
2008/09/30,09:55:00,7509,7509,7509,7509,2
2008/09/30,09:56:00,7509,7509,7509,7509,0
2008/09/30,09:57:00,7509,7509,7509,7509,8
2008/09/30,09:58:00,7509,7509,7509,7509,2
2008/09/30,09:59:00,7509,7509,7509,7509,0
2008/09/30,10:00:00,7509,7509,7509,7509,3
2008/09/30,10:01:00,7509,7509,7509,7509,3
2008/09/30,10:02:00,7509,7509,7509,7509,5
2008/09/30,10:03:00,7509,7509,7509,7509,1
2008/09/30,10:04:00,7509,7509,7509,7509,0
2008/09/30,10:05:00,7509,7509,7509,7509,0
2008/09/30,10:06:00,7509,7509,7509,7509,2
2008/09/30,10:07:00,7509,7509,7509,7509,2
2008/09/30,10:08:00,7509,7509,7509,7509,1
2008/09/30,10:09:00,7509,7509,7509,7509,5
2008/09/30,10:10:00,7509,7509,7509,7509,0
2008/09/30,10:11:00,7509,7509,7509,7509,1
2008/09/30,10:12:00,7509,7509,7509,7509,3
2008/09/30,10:13:00,7509,7509,7509,7509,0
2008/09/30,10:14:00,7509,7509,7509,7509,0
2008/09/30,10:15:00,7509,7509,7509,7509,4
2008/09/30,10:16:00,7509,7509,7509,7509,705
2008/09/30,10:17:00,7509,7509,7509,7509,79
2008/09/30,10:18:00,7509,7509,7509,7509,76
2008/09/30,10:19:00,7509,7509,7509,7509,68
2008/09/30,10:20:00,7509,7509,7509,7509,234
2008/09/30,10:21:00,7509,7509,7509,7509,82
2008/09/30,10:22:00,7509,7509,7509,7509,12
2008/09/30,10:23:00,7509,7509,7509,7509,8
2008/09/30,10:24:00,7509,7509,7509,7509,0
2008/09/30,10:25:00,7509,7509,7509,7509,7
2008/09/30,10:26:00,7509,7509,7509,7509,5
2008/09/30,10:27:00,7509,7509,7509,7509,3
2008/09/30,10:28:00,7509,7509,7509,7509,2
2008/09/30,10:29:00,7509,7509,7509,7509,8
2008/09/30,10:30:00,7509,7509,7509,7509,1
2008/09/30,10:31:00,7509,7509,7509,7509,7
2008/09/30,10:32:00,7509,7509,7509,7509,1
2008/09/30,10:33:00,7509,7509,7509,7509,5
2008/09/30,10:34:00,7509,7509,7509,7509,1
2008/09/30,10:35:00,7509,7509,7509,7509,2
2008/09/30,10:36:00,7509,7509,7509,7509,0
2008/09/30,10:37:00,7509,7509,7509,7509,2
2008/09/30,10:38:00,7509,7509,7509,7509,5
2008/09/30,10:39:00,7509,7509,7509,7509,2
2008/09/30,10:40:00,7509,7509,7509,7509,20
2008/09/30,10:41:00,7509,7509,7509,7509,15
2008/09/30,10:42:00,7509,7509,7509,7509,510
2008/09/30,10:43:00,7509,7509,7509,7509,112
2008/09/30,10:44:00,7509,7514,7509,7509,1455
2008/09/30,10:45:00,7509,7517,7509,7513,408
2008/09/30,10:46:00,7513,7515,7509,7510,408
2008/09/30,10:47:00,7510,7513,7509,7510,87
2008/09/30,10:48:00,7512,7513,7511,7513,54
2008/09/30,10:49:00,7513,7520,7513,7514,203
2008/09/30,10:50:00,7513,7530,7513,7528,376
2008/09/30,10:51:00,7528,7528,7516,7527,229
2008/09/30,10:52:00,7528,7532,7520,7522,286
2008/09/30,10:53:00,7524,7526,7513,7516,169
2008/09/30,10:54:00,7516,7519,7511,7516,171
2008/09/30,10:55:00,7518,7519,7512,7517,178
2008/09/30,10:56:00,7515,7515,7512,7513,123
2008/09/30,10:57:00,7514,7518,7513,7516,96
2008/09/30,10:58:00,7517,7522,7515,7520,106
2008/09/30,10:59:00,7520,7522,7517,7522,90
2008/09/30,11:00:00,7523,7527,7521,7522,96
2008/09/30,11:01:00,7521,7529,7520,7529,149
2008/09/30,11:02:00,7527,7538,7525,7531,264
2008/09/30,11:03:00,7532,7533,7521,7528,184
2008/09/30,11:04:00,7529,7529,7519,7521,102
2008/09/30,11:05:00,7519,7523,7516,7518,98
2008/09/30,11:06:00,7516,7520,7516,7519,40
2008/09/30,11:07:00,7520,7523,7520,7520,105
2008/09/30,11:08:00,7519,7526,7519,7524,172
2008/09/30,11:09:00,7521,7525,7521,7522,43
2008/09/30,11:10:00,7522,7526,7522,7525,160
2008/09/30,11:11:00,7525,7526,7521,7524,60
2008/09/30,11:12:00,7524,7524,7516,7522,139
2008/09/30,11:13:00,7522,7528,7520,7524,120
2008/09/30,11:14:00,7525,7526,7522,7522,63
2008/09/30,11:15:00,7522,7525,7521,7523,45
2008/09/30,11:16:00,7523,7528,7523,7524,86
2008/09/30,11:17:00,7524,7525,7523,7524,57
2008/09/30,11:18:00,7524,7528,7523,7526,100
2008/09/30,11:19:00,7526,7530,7525,7530,144
2008/09/30,11:20:00,7528,7530,7527,7530,52
2008/09/30,11:21:00,7528,7533,7527,7533,205
2008/09/30,11:22:00,7533,7535,7528,7531,137
2008/09/30,11:23:00,7532,7545,7532,7543,377
2008/09/30,11:24:00,7538,7542,7536,7538,138
2008/09/30,11:25:00,7537,7540,7535,7536,123
2008/09/30,11:26:00,7536,7539,7535,7538,112
2008/09/30,11:27:00,7539,7543,7537,7540,190
2008/09/30,11:28:00,7540,7548,7536,7536,301
2008/09/30,11:29:00,7535,7540,7531,7538,149
2008/09/30,11:30:00,7536,7538,7532,7532,83
2008/09/30,11:31:00,7533,7534,7530,7531,75
2008/09/30,11:32:00,7531,7534,7530,7534,105
2008/09/30,11:33:00,7534,7537,7533,7536,93
2008/09/30,11:34:00,7536,7537,7534,7536,64
2008/09/30,11:35:00,7537,7538,7535,7536,85
2008/09/30,11:36:00,7535,7538,7535,7538,47
2008/09/30,11:37:00,7538,7543,7538,7542,119
2008/09/30,11:38:00,7541,7547,7539,7544,121
2008/09/30,11:39:00,7544,7545,7539,7542,189
2008/09/30,11:40:00,7542,7542,7537,7540,143
2008/09/30,11:41:00,7540,7542,7538,7541,66
2008/09/30,11:42:00,7542,7542,7536,7538,150
2008/09/30,11:43:00,7537,7540,7534,7536,122
2008/09/30,11:44:00,7535,7542,7535,7539,80
2008/09/30,11:45:00,7539,7545,7536,7542,139
2008/09/30,11:46:00,7544,7549,7541,7547,245
2008/09/30,11:47:00,7546,7555,7545,7551,484
2008/09/30,11:48:00,7553,7553,7549,7551,153
2008/09/30,11:49:00,7552,7560,7550,7553,304
2008/09/30,11:50:00,7555,7567,7554,7564,245
2008/09/30,11:51:00,7565,7569,7561,7569,291
2008/09/30,11:52:00,7569,7587,7568,7581,552
2008/09/30,11:53:00,7581,7599,7581,7594,522
2008/09/30,11:54:00,7594,7595,7587,7588,343
2008/09/30,11:55:00,7587,7588,7583,7584,263
2008/09/30,11:56:00,7587,7604,7584,7604,526
2008/09/30,11:57:00,7604,7623,7602,7618,535
2008/09/30,11:58:00,7617,7619,7610,7616,437
2008/09/30,11:59:00,7616,7617,7605,7608,258
2008/09/30,12:00:00,7609,7618,7605,7607,231
2008/09/30,12:01:00,7609,7637,7607,7637,466
2008/09/30,12:02:00,7635,7637,7621,7621,262
2008/09/30,12:03:00,7622,7623,7614,7618,209
2008/09/30,12:04:00,7618,7626,7613,7625,198
2008/09/30,12:05:00,7623,7630,7620,7630,253
2008/09/30,12:06:00,7631,7637,7622,7626,360
2008/09/30,12:07:00,7626,7626,7620,7623,222
2008/09/30,12:08:00,7622,7622,7610,7613,272
2008/09/30,12:09:00,7614,7623,7613,7623,242
2008/09/30,12:10:00,7622,7630,7621,7622,325
2008/09/30,12:11:00,7621,7624,7615,7617,158
2008/09/30,12:12:00,7617,7621,7616,7618,135
2008/09/30,12:13:00,7618,7622,7616,7618,119
2008/09/30,12:14:00,7619,7622,7615,7617,241
2008/09/30,12:15:00,7617,7618,7605,7606,261
2008/09/30,12:16:00,7606,7610,7593,7594,365
2008/09/30,12:17:00,7595,7596,7583,7586,377
2008/09/30,12:18:00,7586,7589,7581,7589,349
2008/09/30,12:19:00,7589,7592,7586,7590,206
2008/09/30,12:20:00,7591,7591,7582,7583,115
2008/09/30,12:21:00,7583,7586,7570,7570,283
2008/09/30,12:22:00,7571,7574,7560,7561,356
2008/09/30,12:23:00,7562,7564,7558,7561,418
2008/09/30,12:24:00,7560,7569,7560,7562,344
2008/09/30,12:25:00,7563,7568,7560,7560,131
2008/09/30,12:26:00,7560,7565,7551,7554,350
2008/09/30,12:27:00,7554,7562,7554,7562,154
2008/09/30,12:28:00,7562,7570,7560,7570,204
2008/09/30,12:29:00,7570,7571,7558,7560,186
2008/09/30,12:30:00,7560,7563,7560,7562,115
2008/09/30,12:31:00,7561,7563,7552,7552,177
2008/09/30,12:32:00,7552,7560,7548,7555,283
2008/09/30,12:33:00,7555,7560,7555,7557,60
2008/09/30,12:34:00,7558,7570,7556,7570,176
2008/09/30,12:35:00,7570,7583,7569,7575,211
2008/09/30,12:36:00,7572,7576,7571,7571,108
2008/09/30,12:37:00,7571,7571,7565,7565,215
2008/09/30,12:38:00,7565,7572,7565,7570,68
2008/09/30,12:39:00,7571,7572,7561,7562,144
2008/09/30,12:40:00,7562,7566,7560,7566,113
2008/09/30,12:41:00,7567,7580,7567,7575,172
2008/09/30,12:42:00,7574,7575,7568,7568,90
2008/09/30,12:43:00,7568,7570,7550,7550,177
2008/09/30,12:44:00,7553,7553,7536,7543,426
2008/09/30,12:45:00,7544,7548,7542,7546,110
2008/09/30,12:46:00,7547,7557,7547,7552,239
2008/09/30,12:47:00,7552,7556,7550,7552,100
2008/09/30,12:48:00,7553,7554,7546,7550,136
2008/09/30,12:49:00,7550,7557,7548,7550,226
2008/09/30,12:50:00,7550,7554,7549,7554,73
2008/09/30,12:51:00,7553,7557,7551,7554,117
2008/09/30,12:52:00,7554,7554,7549,7552,54
2008/09/30,12:53:00,7553,7554,7549,7549,63
2008/09/30,12:54:00,7550,7551,7547,7550,141
2008/09/30,12:55:00,7551,7566,7550,7561,247
2008/09/30,12:56:00,7563,7564,7555,7559,170
2008/09/30,12:57:00,7557,7560,7553,7559,82
2008/09/30,12:58:00,7560,7564,7559,7564,70
2008/09/30,12:59:00,7564,7568,7562,7567,142
2008/09/30,13:00:00,7568,7569,7561,7563,175
2008/09/30,13:01:00,7563,7565,7561,7563,113
2008/09/30,13:02:00,7564,7571,7563,7570,184
2008/09/30,13:03:00,7569,7570,7563,7567,90
2008/09/30,13:04:00,7567,7569,7565,7569,121
2008/09/30,13:05:00,7567,7572,7565,7570,182
2008/09/30,13:06:00,7570,7572,7568,7570,117
2008/09/30,13:07:00,7570,7571,7567,7571,121
2008/09/30,13:08:00,7572,7574,7568,7568,138
2008/09/30,13:09:00,7569,7571,7565,7565,149
2008/09/30,13:10:00,7566,7572,7564,7571,153
2008/09/30,13:11:00,7571,7578,7571,7574,188
2008/09/30,13:12:00,7574,7575,7570,7572,105
2008/09/30,13:13:00,7572,7577,7569,7575,255
2008/09/30,13:14:00,7574,7586,7573,7583,266
2008/09/30,13:15:00,7582,7593,7580,7593,263
2008/09/30,13:16:00,7591,7593,7585,7589,233
2008/09/30,13:17:00,7589,7590,7583,7585,167
2008/09/30,13:18:00,7585,7593,7583,7588,191
2008/09/30,13:19:00,7588,7593,7586,7592,145
2008/09/30,13:20:00,7592,7598,7590,7594,213
2008/09/30,13:21:00,7594,7595,7591,7593,185
2008/09/30,13:22:00,7592,7593,7583,7592,323
2008/09/30,13:23:00,7589,7593,7588,7590,166
2008/09/30,13:24:00,7590,7591,7586,7588,178
2008/09/30,13:25:00,7588,7589,7585,7585,97
2008/09/30,13:26:00,7585,7587,7580,7583,190
2008/09/30,13:27:00,7583,7584,7582,7583,107
2008/09/30,13:28:00,7583,7584,7582,7583,101
2008/09/30,13:29:00,7583,7590,7582,7588,208
2008/09/30,13:30:00,7588,7590,7585,7590,206
2008/09/30,13:31:00,7589,7612,7589,7600,645
2008/09/30,13:32:00,7600,7604,7591,7600,249
2008/09/30,13:33:00,7601,7610,7600,7608,315
2008/09/30,13:34:00,7608,7609,7603,7605,158
2008/09/30,13:35:00,7604,7610,7602,7605,291
2008/09/30,13:36:00,7605,7606,7597,7597,291
2008/09/30,13:37:00,7596,7602,7595,7601,166
2008/09/30,13:38:00,7600,7609,7599,7607,275
2008/09/30,13:39:00,7608,7608,7602,7602,144
2008/09/30,13:40:00,7604,7604,7596,7599,255
2008/09/30,13:41:00,7599,7600,7596,7598,282
2008/09/30,13:42:00,7598,7599,7595,7595,263
2008/09/30,13:43:00,7595,7595,7591,7593,228
2008/09/30,13:44:00,7594,7599,7593,7598,382
2008/09/30,13:45:00,7598,7603,7593,7599,664
