Date,Time,Open,High,Low,Close,Volume
2004/07/21,08:50:00,6142,6195,6138,6165,622
2004/07/21,08:55:00,6159,6165,6150,6157,337
2004/07/21,09:00:00,6157,6174,6151,6173,355
2004/07/21,09:05:00,6173,6174,6153,6153,312
2004/07/21,09:10:00,6154,6154,6139,6153,383
2004/07/21,09:15:00,6153,6173,6153,6171,470
2004/07/21,09:20:00,6170,6215,6170,6196,723
2004/07/21,09:25:00,6197,6205,6186,6190,397
2004/07/21,09:30:00,6190,6195,6185,6195,246
2004/07/21,09:35:00,6195,6200,6177,6185,221
2004/07/21,09:40:00,6183,6200,6183,6200,232
2004/07/21,09:45:00,6200,6202,6189,6189,205
2004/07/21,09:50:00,6189,6194,6170,6190,227
2004/07/21,09:55:00,6191,6215,6191,6209,564
2004/07/21,10:00:00,6209,6209,6197,6201,220
2004/07/21,10:05:00,6204,6205,6196,6197,137
2004/07/21,10:10:00,6198,6200,6193,6195,176
2004/07/21,10:15:00,6195,6200,6192,6198,127
2004/07/21,10:20:00,6197,6206,6197,6205,172
2004/07/21,10:25:00,6203,6209,6200,6200,158
2004/07/21,10:30:00,6201,6204,6189,6190,174
2004/07/21,10:35:00,6189,6194,6181,6188,168
2004/07/21,10:40:00,6180,6195,6180,6185,160
2004/07/21,10:45:00,6186,6186,6176,6180,84
2004/07/21,10:50:00,6179,6180,6162,6166,327
2004/07/21,10:55:00,6166,6175,6166,6175,247
2004/07/21,11:00:00,6175,6190,6174,6179,235
2004/07/21,11:05:00,6179,6182,6176,6179,110
2004/07/21,11:10:00,6179,6183,6175,6176,230
2004/07/21,11:15:00,6176,6180,6171,6173,162
2004/07/21,11:20:00,6172,6176,6165,6168,186
2004/07/21,11:25:00,6166,6173,6165,6165,132
2004/07/21,11:30:00,6165,6165,6145,6153,247
2004/07/21,11:35:00,6148,6154,6141,6150,302
2004/07/21,11:40:00,6150,6155,6146,6154,102
2004/07/21,11:45:00,6155,6158,6152,6154,81
2004/07/21,11:50:00,6155,6158,6152,6155,80
2004/07/21,11:55:00,6157,6169,6156,6169,121
2004/07/21,12:00:00,6169,6172,6168,6169,127
2004/07/21,12:05:00,6170,6170,6164,6165,77
2004/07/21,12:10:00,6166,6175,6166,6173,126
2004/07/21,12:15:00,6173,6175,6170,6175,68
2004/07/21,12:20:00,6173,6189,6173,6188,209
2004/07/21,12:25:00,6186,6187,6172,6177,169
2004/07/21,12:30:00,6163,6181,6163,6173,136
2004/07/21,12:35:00,6172,6181,6172,6181,81
2004/07/21,12:40:00,6179,6185,6179,6183,78
2004/07/21,12:45:00,6183,6192,6183,6191,210
2004/07/21,12:50:00,6191,6195,6190,6193,156
2004/07/21,12:55:00,6193,6195,6184,6185,178
2004/07/21,13:00:00,6184,6190,6184,6189,151
2004/07/21,13:05:00,6190,6190,6185,6187,93
2004/07/21,13:10:00,6187,6188,6183,6183,163
2004/07/21,13:15:00,6184,6190,6184,6189,218
2004/07/21,13:20:00,6188,6194,6186,6190,196
2004/07/21,13:25:00,6193,6197,6190,6194,291
2004/07/21,13:30:00,6195,6200,6195,6200,376
