Date,Time,Open,High,Low,Close,Volume
2019/11/18,08:46:00,19256,19260,19246,19247,1483
2019/11/18,08:47:00,19247,19248,19243,19245,706
2019/11/18,08:48:00,19244,19245,19232,19235,1216
2019/11/18,08:49:00,19234,19235,19230,19233,774
2019/11/18,08:50:00,19234,19238,19233,19237,342
2019/11/18,08:51:00,19237,19237,19233,19235,291
2019/11/18,08:52:00,19235,19236,19234,19236,154
2019/11/18,08:53:00,19236,19244,19235,19243,512
2019/11/18,08:54:00,19243,19246,19243,19243,480
2019/11/18,08:55:00,19243,19243,19241,19241,115
2019/11/18,08:56:00,19241,19242,19240,19242,206
2019/11/18,08:57:00,19242,19246,19242,19246,313
2019/11/18,08:58:00,19246,19248,19244,19244,316
2019/11/18,08:59:00,19245,19253,19243,19253,560
2019/11/18,09:00:00,19253,19256,19252,19254,478
2019/11/18,09:01:00,19255,19268,19254,19266,1328
2019/11/18,09:02:00,19266,19271,19263,19268,955
2019/11/18,09:03:00,19269,19269,19264,19265,910
2019/11/18,09:04:00,19266,19268,19264,19266,359
2019/11/18,09:05:00,19266,19268,19264,19267,319
2019/11/18,09:06:00,19268,19268,19264,19265,345
2019/11/18,09:07:00,19264,19265,19259,19259,728
2019/11/18,09:08:00,19260,19267,19257,19266,841
2019/11/18,09:09:00,19266,19267,19260,19267,343
2019/11/18,09:10:00,19266,19267,19258,19258,301
2019/11/18,09:11:00,19258,19263,19255,19262,594
2019/11/18,09:12:00,19262,19265,19261,19262,271
2019/11/18,09:13:00,19263,19264,19259,19260,175
2019/11/18,09:14:00,19260,19262,19254,19254,362
2019/11/18,09:15:00,19255,19256,19251,19254,520
2019/11/18,09:16:00,19254,19262,19254,19260,561
2019/11/18,09:17:00,19260,19264,19259,19263,327
2019/11/18,09:18:00,19264,19268,19263,19267,711
2019/11/18,09:19:00,19267,19268,19260,19261,402
2019/11/18,09:20:00,19262,19265,19260,19265,229
2019/11/18,09:21:00,19265,19266,19261,19261,282
2019/11/18,09:22:00,19261,19267,19261,19265,302
2019/11/18,09:23:00,19265,19266,19260,19265,336
2019/11/18,09:24:00,19265,19266,19263,19265,155
2019/11/18,09:25:00,19265,19267,19260,19260,298
2019/11/18,09:26:00,19261,19265,19258,19264,404
2019/11/18,09:27:00,19263,19265,19261,19263,127
2019/11/18,09:28:00,19263,19263,19256,19256,323
2019/11/18,09:29:00,19256,19258,19252,19253,509
2019/11/18,09:30:00,19253,19257,19253,19256,199
2019/11/18,09:31:00,19256,19265,19255,19261,537
2019/11/18,09:32:00,19262,19263,19260,19262,112
2019/11/18,09:33:00,19262,19263,19255,19261,314
2019/11/18,09:34:00,19261,19262,19256,19259,157
2019/11/18,09:35:00,19260,19263,19260,19262,213
2019/11/18,09:36:00,19261,19267,19259,19267,475
2019/11/18,09:37:00,19267,19276,19265,19275,1481
2019/11/18,09:38:00,19276,19278,19274,19275,686
2019/11/18,09:39:00,19275,19278,19274,19276,442
2019/11/18,09:40:00,19276,19278,19273,19274,438
2019/11/18,09:41:00,19273,19276,19269,19269,382
2019/11/18,09:42:00,19269,19270,19267,19270,329
2019/11/18,09:43:00,19270,19271,19267,19268,209
2019/11/18,09:44:00,19268,19270,19266,19270,209
2019/11/18,09:45:00,19270,19271,19265,19269,250
2019/11/18,09:46:00,19269,19270,19264,19267,386
2019/11/18,09:47:00,19266,19267,19263,19265,278
2019/11/18,09:48:00,19264,19266,19263,19265,71
2019/11/18,09:49:00,19265,19271,19265,19270,169
2019/11/18,09:50:00,19269,19272,19266,19270,364
2019/11/18,09:51:00,19270,19271,19269,19271,185
2019/11/18,09:52:00,19271,19276,19271,19275,632
2019/11/18,09:53:00,19275,19279,19274,19277,680
2019/11/18,09:54:00,19278,19279,19274,19275,244
2019/11/18,09:55:00,19276,19277,19274,19275,132
2019/11/18,09:56:00,19276,19281,19275,19281,411
2019/11/18,09:57:00,19281,19282,19277,19277,447
2019/11/18,09:58:00,19277,19280,19276,19276,166
2019/11/18,09:59:00,19276,19278,19274,19278,221
2019/11/18,10:00:00,19278,19279,19277,19279,80
2019/11/18,10:01:00,19278,19281,19278,19279,334
2019/11/18,10:02:00,19280,19284,19279,19279,469
2019/11/18,10:03:00,19280,19282,19279,19281,202
2019/11/18,10:04:00,19282,19288,19281,19287,1418
2019/11/18,10:05:00,19287,19291,19286,19290,607
2019/11/18,10:06:00,19289,19292,19288,19290,515
2019/11/18,10:07:00,19290,19291,19284,19287,604
2019/11/18,10:08:00,19286,19288,19285,19288,250
2019/11/18,10:09:00,19288,19291,19285,19289,470
2019/11/18,10:10:00,19289,19292,19288,19292,326
2019/11/18,10:11:00,19291,19292,19288,19289,286
2019/11/18,10:12:00,19288,19289,19285,19286,352
2019/11/18,10:13:00,19286,19287,19283,19284,268
2019/11/18,10:14:00,19284,19286,19281,19282,350
2019/11/18,10:15:00,19281,19284,19281,19282,261
2019/11/18,10:16:00,19282,19287,19281,19286,286
2019/11/18,10:17:00,19285,19286,19283,19284,102
2019/11/18,10:18:00,19283,19283,19277,19277,484
2019/11/18,10:19:00,19278,19281,19276,19278,257
2019/11/18,10:20:00,19279,19280,19278,19279,87
2019/11/18,10:21:00,19279,19279,19275,19275,304
2019/11/18,10:22:00,19275,19278,19273,19277,606
2019/11/18,10:23:00,19277,19278,19274,19274,242
2019/11/18,10:24:00,19275,19280,19274,19278,371
2019/11/18,10:25:00,19277,19278,19275,19277,149
2019/11/18,10:26:00,19277,19277,19275,19275,128
2019/11/18,10:27:00,19275,19275,19273,19273,141
2019/11/18,10:28:00,19273,19277,19272,19276,266
2019/11/18,10:29:00,19276,19276,19275,19276,78
2019/11/18,10:30:00,19276,19276,19273,19274,118
2019/11/18,10:31:00,19274,19274,19272,19274,192
2019/11/18,10:32:00,19273,19275,19273,19273,171
2019/11/18,10:33:00,19274,19275,19272,19274,192
2019/11/18,10:34:00,19273,19273,19271,19272,218
2019/11/18,10:35:00,19272,19278,19272,19277,214
2019/11/18,10:36:00,19277,19278,19275,19278,113
2019/11/18,10:37:00,19278,19281,19277,19281,283
2019/11/18,10:38:00,19281,19282,19279,19281,190
2019/11/18,10:39:00,19282,19282,19281,19282,123
2019/11/18,10:40:00,19282,19283,19280,19282,195
2019/11/18,10:41:00,19283,19283,19280,19282,226
2019/11/18,10:42:00,19282,19284,19281,19284,129
2019/11/18,10:43:00,19284,19284,19283,19284,75
2019/11/18,10:44:00,19284,19286,19284,19285,226
2019/11/18,10:45:00,19285,19288,19285,19288,273
2019/11/18,10:46:00,19288,19289,19286,19288,378
2019/11/18,10:47:00,19287,19288,19284,19285,170
2019/11/18,10:48:00,19285,19286,19284,19284,81
2019/11/18,10:49:00,19285,19286,19283,19284,149
2019/11/18,10:50:00,19284,19285,19283,19285,86
2019/11/18,10:51:00,19285,19286,19284,19286,84
2019/11/18,10:52:00,19286,19287,19284,19287,188
2019/11/18,10:53:00,19286,19289,19286,19287,270
2019/11/18,10:54:00,19288,19288,19286,19288,89
2019/11/18,10:55:00,19288,19289,19286,19289,139
2019/11/18,10:56:00,19289,19296,19288,19293,1148
2019/11/18,10:57:00,19292,19293,19290,19293,294
2019/11/18,10:58:00,19293,19294,19292,19294,268
2019/11/18,10:59:00,19294,19298,19293,19296,669
2019/11/18,11:00:00,19295,19297,19292,19295,411
2019/11/18,11:01:00,19296,19299,19295,19296,742
2019/11/18,11:02:00,19296,19297,19293,19294,247
2019/11/18,11:03:00,19294,19296,19293,19296,259
2019/11/18,11:04:00,19296,19298,19296,19296,147
2019/11/18,11:05:00,19296,19298,19296,19298,147
2019/11/18,11:06:00,19297,19299,19296,19298,237
2019/11/18,11:07:00,19297,19299,19296,19297,124
2019/11/18,11:08:00,19297,19298,19293,19293,205
2019/11/18,11:09:00,19293,19294,19290,19291,282
2019/11/18,11:10:00,19291,19292,19290,19290,58
2019/11/18,11:11:00,19290,19291,19287,19288,342
2019/11/18,11:12:00,19288,19290,19287,19290,173
2019/11/18,11:13:00,19289,19291,19288,19290,115
2019/11/18,11:14:00,19290,19291,19288,19290,66
2019/11/18,11:15:00,19290,19292,19290,19290,100
2019/11/18,11:16:00,19290,19292,19290,19291,76
2019/11/18,11:17:00,19291,19292,19291,19292,93
2019/11/18,11:18:00,19292,19295,19291,19292,225
2019/11/18,11:19:00,19292,19295,19291,19295,73
2019/11/18,11:20:00,19294,19296,19294,19296,122
2019/11/18,11:21:00,19296,19296,19295,19295,30
2019/11/18,11:22:00,19295,19300,19295,19298,444
2019/11/18,11:23:00,19298,19300,19296,19299,297
2019/11/18,11:24:00,19299,19302,19297,19300,566
2019/11/18,11:25:00,19300,19302,19298,19301,143
2019/11/18,11:26:00,19302,19306,19301,19303,831
2019/11/18,11:27:00,19304,19306,19302,19303,364
2019/11/18,11:28:00,19303,19304,19300,19302,213
2019/11/18,11:29:00,19302,19302,19299,19300,116
2019/11/18,11:30:00,19300,19300,19298,19300,228
2019/11/18,11:31:00,19300,19301,19298,19300,218
2019/11/18,11:32:00,19300,19301,19299,19300,84
2019/11/18,11:33:00,19301,19302,19301,19302,34
2019/11/18,11:34:00,19301,19302,19300,19301,87
2019/11/18,11:35:00,19300,19302,19300,19301,53
2019/11/18,11:36:00,19301,19302,19300,19300,52
2019/11/18,11:37:00,19300,19303,19300,19301,125
2019/11/18,11:38:00,19301,19301,19299,19299,137
2019/11/18,11:39:00,19299,19301,19299,19299,162
2019/11/18,11:40:00,19298,19301,19297,19300,298
2019/11/18,11:41:00,19300,19302,19300,19301,92
2019/11/18,11:42:00,19301,19301,19298,19298,97
2019/11/18,11:43:00,19298,19299,19297,19298,45
2019/11/18,11:44:00,19298,19298,19296,19298,133
2019/11/18,11:45:00,19297,19299,19297,19297,61
2019/11/18,11:46:00,19297,19298,19297,19298,65
2019/11/18,11:47:00,19299,19299,19298,19298,27
2019/11/18,11:48:00,19299,19299,19297,19298,52
2019/11/18,11:49:00,19298,19300,19298,19298,126
2019/11/18,11:50:00,19298,19298,19298,19298,29
2019/11/18,11:51:00,19297,19298,19297,19297,80
2019/11/18,11:52:00,19297,19297,19296,19296,48
2019/11/18,11:53:00,19296,19296,19294,19294,160
2019/11/18,11:54:00,19294,19296,19293,19296,155
2019/11/18,11:55:00,19296,19296,19295,19296,28
2019/11/18,11:56:00,19295,19296,19294,19294,58
2019/11/18,11:57:00,19295,19295,19294,19294,52
2019/11/18,11:58:00,19294,19294,19294,19294,18
2019/11/18,11:59:00,19295,19295,19294,19294,10
2019/11/18,12:00:00,19294,19295,19293,19294,71
2019/11/18,12:01:00,19293,19295,19293,19295,70
2019/11/18,12:02:00,19294,19295,19294,19295,20
2019/11/18,12:03:00,19295,19295,19294,19295,27
2019/11/18,12:04:00,19295,19296,19294,19295,103
2019/11/18,12:05:00,19296,19296,19294,19294,30
2019/11/18,12:06:00,19295,19296,19295,19296,55
2019/11/18,12:07:00,19296,19297,19295,19295,32
2019/11/18,12:08:00,19296,19296,19295,19295,6
2019/11/18,12:09:00,19295,19299,19295,19298,273
2019/11/18,12:10:00,19298,19298,19295,19296,66
2019/11/18,12:11:00,19296,19297,19295,19295,21
2019/11/18,12:12:00,19296,19296,19296,19296,16
2019/11/18,12:13:00,19296,19296,19295,19296,23
2019/11/18,12:14:00,19296,19297,19296,19296,24
2019/11/18,12:15:00,19296,19296,19294,19295,131
2019/11/18,12:16:00,19295,19297,19294,19295,122
2019/11/18,12:17:00,19296,19296,19294,19296,38
2019/11/18,12:18:00,19295,19295,19294,19295,36
2019/11/18,12:19:00,19295,19296,19294,19295,45
2019/11/18,12:20:00,19295,19296,19295,19295,17
2019/11/18,12:21:00,19296,19297,19295,19295,76
2019/11/18,12:22:00,19296,19297,19295,19296,16
2019/11/18,12:23:00,19296,19298,19296,19298,83
2019/11/18,12:24:00,19297,19298,19297,19298,43
2019/11/18,12:25:00,19297,19298,19296,19296,72
2019/11/18,12:26:00,19297,19297,19295,19295,107
2019/11/18,12:27:00,19294,19295,19294,19295,25
2019/11/18,12:28:00,19294,19295,19290,19291,566
2019/11/18,12:29:00,19291,19292,19290,19291,96
2019/11/18,12:30:00,19292,19292,19289,19290,191
2019/11/18,12:31:00,19290,19291,19289,19290,167
2019/11/18,12:32:00,19291,19293,19290,19293,110
2019/11/18,12:33:00,19293,19293,19290,19292,132
2019/11/18,12:34:00,19291,19292,19291,19292,20
2019/11/18,12:35:00,19292,19293,19291,19292,56
2019/11/18,12:36:00,19293,19293,19291,19292,24
2019/11/18,12:37:00,19292,19292,19291,19291,84
2019/11/18,12:38:00,19291,19292,19291,19292,48
2019/11/18,12:39:00,19292,19292,19291,19291,8
2019/11/18,12:40:00,19291,19292,19291,19292,27
2019/11/18,12:41:00,19291,19292,19289,19289,120
2019/11/18,12:42:00,19289,19290,19289,19289,69
2019/11/18,12:43:00,19289,19290,19289,19289,130
2019/11/18,12:44:00,19290,19291,19289,19290,110
2019/11/18,12:45:00,19290,19290,19289,19289,31
2019/11/18,12:46:00,19289,19289,19288,19288,106
2019/11/18,12:47:00,19288,19292,19288,19292,228
2019/11/18,12:48:00,19291,19293,19291,19293,117
2019/11/18,12:49:00,19293,19294,19292,19293,129
2019/11/18,12:50:00,19294,19294,19292,19292,53
2019/11/18,12:51:00,19292,19293,19290,19291,140
2019/11/18,12:52:00,19292,19293,19290,19290,54
2019/11/18,12:53:00,19290,19290,19288,19288,146
2019/11/18,12:54:00,19288,19290,19288,19289,91
2019/11/18,12:55:00,19289,19289,19288,19289,55
2019/11/18,12:56:00,19288,19289,19287,19288,115
2019/11/18,12:57:00,19288,19289,19288,19289,28
2019/11/18,12:58:00,19289,19289,19288,19289,51
2019/11/18,12:59:00,19289,19292,19288,19292,85
2019/11/18,13:00:00,19290,19293,19290,19292,66
2019/11/18,13:01:00,19291,19292,19291,19292,60
2019/11/18,13:02:00,19292,19292,19290,19291,90
2019/11/18,13:03:00,19291,19291,19290,19291,74
2019/11/18,13:04:00,19291,19291,19290,19291,65
2019/11/18,13:05:00,19292,19295,19291,19295,211
2019/11/18,13:06:00,19295,19297,19294,19297,251
2019/11/18,13:07:00,19298,19298,19295,19296,108
2019/11/18,13:08:00,19295,19296,19295,19295,45
2019/11/18,13:09:00,19295,19296,19295,19295,10
2019/11/18,13:10:00,19295,19296,19294,19294,51
2019/11/18,13:11:00,19294,19295,19290,19291,249
2019/11/18,13:12:00,19291,19291,19286,19288,534
2019/11/18,13:13:00,19288,19291,19288,19289,115
2019/11/18,13:14:00,19289,19290,19288,19290,72
2019/11/18,13:15:00,19290,19290,19289,19290,25
2019/11/18,13:16:00,19290,19290,19289,19290,52
2019/11/18,13:17:00,19289,19291,19289,19291,57
2019/11/18,13:18:00,19291,19292,19290,19291,107
2019/11/18,13:19:00,19291,19291,19290,19290,30
2019/11/18,13:20:00,19290,19291,19290,19291,11
2019/11/18,13:21:00,19290,19295,19289,19294,302
2019/11/18,13:22:00,19295,19298,19295,19297,287
2019/11/18,13:23:00,19298,19299,19296,19299,143
2019/11/18,13:24:00,19298,19299,19297,19298,124
2019/11/18,13:25:00,19298,19300,19296,19297,349
2019/11/18,13:26:00,19297,19301,19295,19300,410
2019/11/18,13:27:00,19299,19301,19299,19301,120
2019/11/18,13:28:00,19300,19304,19300,19302,528
2019/11/18,13:29:00,19302,19307,19302,19307,444
2019/11/18,13:30:00,19307,19310,19305,19310,520
2019/11/18,13:31:00,19309,19314,19307,19311,1212
2019/11/18,13:32:00,19311,19312,19310,19312,183
2019/11/18,13:33:00,19312,19312,19311,19312,157
2019/11/18,13:34:00,19312,19315,19310,19315,399
2019/11/18,13:35:00,19315,19317,19313,19316,465
2019/11/18,13:36:00,19315,19317,19313,19315,560
2019/11/18,13:37:00,19315,19316,19314,19314,146
2019/11/18,13:38:00,19315,19315,19313,19314,238
2019/11/18,13:39:00,19314,19315,19314,19315,82
2019/11/18,13:40:00,19314,19315,19312,19313,410
2019/11/18,13:41:00,19314,19315,19313,19315,336
2019/11/18,13:42:00,19315,19316,19314,19316,206
2019/11/18,13:43:00,19315,19317,19315,19316,411
2019/11/18,13:44:00,19316,19317,19315,19317,247
2019/11/18,13:45:00,19316,19317,19315,19316,754
