Date,Time,Open,High,Low,Close,Volume
2021/01/11,08:46:00,24278,24280,24246,24251,1974
2021/01/11,08:47:00,24249,24256,24248,24249,542
2021/01/11,08:48:00,24249,24263,24241,24260,907
2021/01/11,08:49:00,24261,24270,24255,24264,610
2021/01/11,08:50:00,24263,24279,24260,24272,551
2021/01/11,08:51:00,24271,24282,24271,24280,516
2021/01/11,08:52:00,24281,24286,24274,24276,435
2021/01/11,08:53:00,24276,24285,24275,24279,286
2021/01/11,08:54:00,24279,24279,24270,24274,291
2021/01/11,08:55:00,24273,24273,24261,24266,404
2021/01/11,08:56:00,24264,24272,24263,24269,245
2021/01/11,08:57:00,24269,24270,24262,24268,138
2021/01/11,08:58:00,24268,24279,24263,24278,325
2021/01/11,08:59:00,24278,24278,24272,24275,150
2021/01/11,09:00:00,24274,24279,24272,24274,278
2021/01/11,09:01:00,24275,24283,24262,24274,1464
2021/01/11,09:02:00,24275,24292,24274,24292,863
2021/01/11,09:03:00,24290,24306,24288,24302,1193
2021/01/11,09:04:00,24302,24306,24290,24295,751
2021/01/11,09:05:00,24295,24297,24275,24286,790
2021/01/11,09:06:00,24286,24299,24286,24295,561
2021/01/11,09:07:00,24295,24295,24272,24285,613
2021/01/11,09:08:00,24285,24288,24275,24288,519
2021/01/11,09:09:00,24287,24305,24285,24300,895
2021/01/11,09:10:00,24301,24302,24286,24294,429
2021/01/11,09:11:00,24294,24320,24294,24318,1254
2021/01/11,09:12:00,24318,24323,24309,24311,658
2021/01/11,09:13:00,24310,24312,24291,24297,943
2021/01/11,09:14:00,24297,24304,24292,24300,408
2021/01/11,09:15:00,24298,24314,24297,24303,383
2021/01/11,09:16:00,24302,24308,24278,24278,1142
2021/01/11,09:17:00,24279,24293,24276,24293,651
2021/01/11,09:18:00,24291,24296,24282,24290,384
2021/01/11,09:19:00,24289,24312,24285,24311,885
2021/01/11,09:20:00,24310,24316,24305,24314,663
2021/01/11,09:21:00,24314,24337,24312,24330,1690
2021/01/11,09:22:00,24332,24341,24327,24340,1104
2021/01/11,09:23:00,24340,24347,24335,24346,891
2021/01/11,09:24:00,24346,24351,24331,24342,1024
2021/01/11,09:25:00,24342,24349,24336,24338,540
2021/01/11,09:26:00,24339,24354,24336,24348,748
2021/01/11,09:27:00,24350,24362,24345,24355,1076
2021/01/11,09:28:00,24355,24359,24347,24356,728
2021/01/11,09:29:00,24357,24366,24353,24365,766
2021/01/11,09:30:00,24365,24368,24356,24362,583
2021/01/11,09:31:00,24362,24366,24345,24352,743
2021/01/11,09:32:00,24353,24364,24350,24352,550
2021/01/11,09:33:00,24351,24353,24332,24333,1060
2021/01/11,09:34:00,24333,24345,24332,24338,547
2021/01/11,09:35:00,24337,24340,24300,24303,1732
2021/01/11,09:36:00,24302,24304,24291,24291,1378
2021/01/11,09:37:00,24291,24315,24289,24315,880
2021/01/11,09:38:00,24313,24314,24303,24310,473
2021/01/11,09:39:00,24310,24312,24290,24296,718
2021/01/11,09:40:00,24297,24306,24292,24298,455
2021/01/11,09:41:00,24299,24325,24298,24319,843
2021/01/11,09:42:00,24320,24330,24313,24328,639
2021/01/11,09:43:00,24327,24334,24318,24322,454
2021/01/11,09:44:00,24324,24331,24318,24319,221
2021/01/11,09:45:00,24318,24318,24295,24298,796
2021/01/11,09:46:00,24300,24301,24279,24285,1412
2021/01/11,09:47:00,24286,24296,24284,24290,459
2021/01/11,09:48:00,24292,24306,24291,24301,508
2021/01/11,09:49:00,24299,24311,24286,24310,566
2021/01/11,09:50:00,24312,24314,24301,24311,377
2021/01/11,09:51:00,24310,24321,24296,24320,598
2021/01/11,09:52:00,24319,24330,24317,24323,583
2021/01/11,09:53:00,24321,24324,24311,24311,478
2021/01/11,09:54:00,24313,24326,24312,24324,312
2021/01/11,09:55:00,24327,24332,24320,24328,433
2021/01/11,09:56:00,24327,24328,24319,24321,217
2021/01/11,09:57:00,24320,24320,24298,24303,778
2021/01/11,09:58:00,24302,24306,24295,24301,553
2021/01/11,09:59:00,24303,24303,24288,24291,481
2021/01/11,10:00:00,24290,24291,24274,24285,1154
2021/01/11,10:01:00,24286,24301,24286,24290,532
2021/01/11,10:02:00,24290,24293,24280,24286,594
2021/01/11,10:03:00,24285,24285,24266,24271,1020
2021/01/11,10:04:00,24272,24273,24250,24258,1753
2021/01/11,10:05:00,24258,24264,24251,24251,598
2021/01/11,10:06:00,24251,24252,24236,24248,1756
2021/01/11,10:07:00,24248,24248,24228,24230,1267
2021/01/11,10:08:00,24230,24246,24227,24239,888
2021/01/11,10:09:00,24239,24260,24231,24255,812
2021/01/11,10:10:00,24253,24266,24249,24262,903
2021/01/11,10:11:00,24264,24275,24261,24270,963
2021/01/11,10:12:00,24269,24276,24265,24275,328
2021/01/11,10:13:00,24274,24283,24272,24278,535
2021/01/11,10:14:00,24277,24281,24270,24271,366
2021/01/11,10:15:00,24271,24272,24253,24268,681
2021/01/11,10:16:00,24269,24274,24259,24261,402
2021/01/11,10:17:00,24262,24265,24251,24260,381
2021/01/11,10:18:00,24260,24260,24244,24248,407
2021/01/11,10:19:00,24247,24268,24244,24261,461
2021/01/11,10:20:00,24260,24275,24260,24275,399
2021/01/11,10:21:00,24275,24279,24256,24258,474
2021/01/11,10:22:00,24257,24265,24249,24261,289
2021/01/11,10:23:00,24261,24277,24261,24268,364
2021/01/11,10:24:00,24269,24280,24268,24274,327
2021/01/11,10:25:00,24273,24287,24273,24284,681
2021/01/11,10:26:00,24286,24294,24283,24289,747
2021/01/11,10:27:00,24291,24300,24289,24298,534
2021/01/11,10:28:00,24297,24303,24297,24300,340
2021/01/11,10:29:00,24302,24308,24299,24303,452
2021/01/11,10:30:00,24303,24309,24303,24303,381
2021/01/11,10:31:00,24304,24314,24303,24305,686
2021/01/11,10:32:00,24308,24314,24304,24312,401
2021/01/11,10:33:00,24313,24318,24313,24316,565
2021/01/11,10:34:00,24315,24321,24315,24318,452
2021/01/11,10:35:00,24319,24321,24315,24316,231
2021/01/11,10:36:00,24318,24319,24301,24302,605
2021/01/11,10:37:00,24303,24311,24302,24306,272
2021/01/11,10:38:00,24306,24315,24306,24312,261
2021/01/11,10:39:00,24312,24313,24303,24304,158
2021/01/11,10:40:00,24304,24313,24301,24301,200
2021/01/11,10:41:00,24300,24310,24300,24307,302
2021/01/11,10:42:00,24307,24316,24307,24313,282
2021/01/11,10:43:00,24312,24315,24311,24314,101
2021/01/11,10:44:00,24312,24314,24300,24303,246
2021/01/11,10:45:00,24302,24313,24302,24308,271
2021/01/11,10:46:00,24308,24315,24303,24314,266
2021/01/11,10:47:00,24315,24316,24307,24309,346
2021/01/11,10:48:00,24310,24324,24307,24324,562
2021/01/11,10:49:00,24324,24329,24323,24329,544
2021/01/11,10:50:00,24329,24331,24324,24328,336
2021/01/11,10:51:00,24329,24331,24316,24318,409
2021/01/11,10:52:00,24319,24330,24319,24328,242
2021/01/11,10:53:00,24329,24330,24324,24325,166
2021/01/11,10:54:00,24325,24326,24322,24325,92
2021/01/11,10:55:00,24326,24329,24320,24327,183
2021/01/11,10:56:00,24327,24327,24302,24305,591
2021/01/11,10:57:00,24305,24312,24303,24303,257
2021/01/11,10:58:00,24302,24308,24296,24302,412
2021/01/11,10:59:00,24301,24315,24300,24307,300
2021/01/11,11:00:00,24306,24316,24306,24316,129
2021/01/11,11:01:00,24317,24322,24310,24319,345
2021/01/11,11:02:00,24323,24327,24314,24315,277
2021/01/11,11:03:00,24315,24318,24302,24306,299
2021/01/11,11:04:00,24307,24315,24307,24310,110
2021/01/11,11:05:00,24310,24321,24310,24316,167
2021/01/11,11:06:00,24315,24323,24315,24319,185
2021/01/11,11:07:00,24320,24323,24318,24321,123
2021/01/11,11:08:00,24320,24322,24318,24320,132
2021/01/11,11:09:00,24322,24326,24319,24323,243
2021/01/11,11:10:00,24322,24330,24321,24327,329
2021/01/11,11:11:00,24328,24330,24319,24319,195
2021/01/11,11:12:00,24322,24323,24309,24320,365
2021/01/11,11:13:00,24321,24323,24319,24321,101
2021/01/11,11:14:00,24322,24324,24315,24323,125
2021/01/11,11:15:00,24321,24324,24317,24323,124
2021/01/11,11:16:00,24323,24324,24314,24317,130
2021/01/11,11:17:00,24318,24321,24316,24317,142
2021/01/11,11:18:00,24317,24319,24315,24315,79
2021/01/11,11:19:00,24315,24318,24310,24316,271
2021/01/11,11:20:00,24316,24320,24312,24318,170
2021/01/11,11:21:00,24318,24319,24309,24318,218
2021/01/11,11:22:00,24318,24318,24308,24312,119
2021/01/11,11:23:00,24312,24314,24309,24313,101
2021/01/11,11:24:00,24314,24319,24313,24315,131
2021/01/11,11:25:00,24315,24318,24313,24313,100
2021/01/11,11:26:00,24313,24318,24311,24314,130
2021/01/11,11:27:00,24312,24312,24296,24298,639
2021/01/11,11:28:00,24298,24298,24285,24289,720
2021/01/11,11:29:00,24288,24294,24286,24293,212
2021/01/11,11:30:00,24292,24293,24281,24286,405
2021/01/11,11:31:00,24286,24295,24284,24289,407
2021/01/11,11:32:00,24288,24293,24284,24293,201
2021/01/11,11:33:00,24293,24298,24292,24298,188
2021/01/11,11:34:00,24298,24306,24298,24303,383
2021/01/11,11:35:00,24303,24310,24300,24309,274
2021/01/11,11:36:00,24310,24316,24309,24313,334
2021/01/11,11:37:00,24314,24314,24305,24309,175
2021/01/11,11:38:00,24309,24311,24302,24303,172
2021/01/11,11:39:00,24302,24312,24301,24310,111
2021/01/11,11:40:00,24309,24313,24303,24308,135
2021/01/11,11:41:00,24308,24311,24307,24310,58
2021/01/11,11:42:00,24309,24310,24303,24308,120
2021/01/11,11:43:00,24308,24308,24297,24301,183
2021/01/11,11:44:00,24300,24303,24294,24301,181
2021/01/11,11:45:00,24301,24301,24295,24297,108
2021/01/11,11:46:00,24298,24304,24291,24291,257
2021/01/11,11:47:00,24290,24292,24287,24288,324
2021/01/11,11:48:00,24289,24291,24283,24284,320
2021/01/11,11:49:00,24285,24290,24276,24289,532
2021/01/11,11:50:00,24289,24289,24281,24284,220
2021/01/11,11:51:00,24285,24288,24278,24281,281
2021/01/11,11:52:00,24281,24284,24277,24283,187
2021/01/11,11:53:00,24282,24298,24279,24297,394
2021/01/11,11:54:00,24297,24300,24294,24298,211
2021/01/11,11:55:00,24299,24299,24290,24291,201
2021/01/11,11:56:00,24291,24300,24291,24293,141
2021/01/11,11:57:00,24294,24299,24293,24299,117
2021/01/11,11:58:00,24299,24306,24298,24300,479
2021/01/11,11:59:00,24300,24303,24294,24303,198
2021/01/11,12:00:00,24304,24307,24296,24297,184
2021/01/11,12:01:00,24298,24302,24294,24300,88
2021/01/11,12:02:00,24300,24306,24297,24298,192
2021/01/11,12:03:00,24298,24304,24297,24301,158
2021/01/11,12:04:00,24303,24306,24298,24304,109
2021/01/11,12:05:00,24304,24305,24298,24299,97
2021/01/11,12:06:00,24298,24303,24297,24297,70
2021/01/11,12:07:00,24296,24303,24295,24298,91
2021/01/11,12:08:00,24297,24303,24293,24302,231
2021/01/11,12:09:00,24302,24304,24298,24302,109
2021/01/11,12:10:00,24303,24304,24301,24302,90
2021/01/11,12:11:00,24303,24305,24301,24304,179
2021/01/11,12:12:00,24304,24312,24303,24309,354
2021/01/11,12:13:00,24309,24311,24306,24307,177
2021/01/11,12:14:00,24306,24310,24305,24306,140
2021/01/11,12:15:00,24308,24311,24307,24308,90
2021/01/11,12:16:00,24308,24308,24296,24296,293
2021/01/11,12:17:00,24296,24300,24294,24297,207
2021/01/11,12:18:00,24298,24301,24294,24300,193
2021/01/11,12:19:00,24300,24308,24295,24306,257
2021/01/11,12:20:00,24306,24311,24295,24299,334
2021/01/11,12:21:00,24299,24300,24295,24297,98
2021/01/11,12:22:00,24297,24299,24289,24290,287
2021/01/11,12:23:00,24290,24295,24284,24285,402
2021/01/11,12:24:00,24286,24288,24285,24287,152
2021/01/11,12:25:00,24286,24288,24283,24286,207
2021/01/11,12:26:00,24286,24288,24284,24287,115
2021/01/11,12:27:00,24288,24293,24281,24282,436
2021/01/11,12:28:00,24282,24282,24270,24274,762
2021/01/11,12:29:00,24273,24273,24265,24269,499
2021/01/11,12:30:00,24268,24272,24261,24263,594
2021/01/11,12:31:00,24262,24262,24255,24256,803
2021/01/11,12:32:00,24256,24256,24247,24253,880
2021/01/11,12:33:00,24252,24262,24249,24259,829
2021/01/11,12:34:00,24259,24268,24255,24267,453
2021/01/11,12:35:00,24268,24269,24262,24263,267
2021/01/11,12:36:00,24264,24274,24262,24272,454
2021/01/11,12:37:00,24272,24275,24271,24272,229
2021/01/11,12:38:00,24273,24273,24266,24272,309
2021/01/11,12:39:00,24272,24282,24270,24279,409
2021/01/11,12:40:00,24279,24285,24278,24284,274
2021/01/11,12:41:00,24285,24286,24280,24282,233
2021/01/11,12:42:00,24282,24283,24275,24281,241
2021/01/11,12:43:00,24282,24283,24280,24281,96
2021/01/11,12:44:00,24280,24284,24278,24278,113
2021/01/11,12:45:00,24279,24279,24270,24271,250
2021/01/11,12:46:00,24272,24279,24270,24274,126
2021/01/11,12:47:00,24274,24275,24266,24274,218
2021/01/11,12:48:00,24274,24276,24273,24275,52
2021/01/11,12:49:00,24276,24280,24273,24280,158
2021/01/11,12:50:00,24281,24281,24276,24276,103
2021/01/11,12:51:00,24277,24291,24277,24283,496
2021/01/11,12:52:00,24282,24282,24277,24278,206
2021/01/11,12:53:00,24280,24280,24265,24269,434
2021/01/11,12:54:00,24270,24278,24269,24275,272
2021/01/11,12:55:00,24275,24275,24270,24272,144
2021/01/11,12:56:00,24271,24275,24264,24265,221
2021/01/11,12:57:00,24264,24273,24260,24272,643
2021/01/11,12:58:00,24272,24275,24269,24275,170
2021/01/11,12:59:00,24275,24283,24274,24281,347
2021/01/11,13:00:00,24281,24292,24279,24291,538
2021/01/11,13:01:00,24291,24294,24287,24293,437
2021/01/11,13:02:00,24292,24303,24292,24303,579
2021/01/11,13:03:00,24303,24307,24301,24304,448
2021/01/11,13:04:00,24305,24313,24304,24313,510
2021/01/11,13:05:00,24313,24320,24313,24319,663
2021/01/11,13:06:00,24318,24325,24318,24323,450
2021/01/11,13:07:00,24324,24328,24320,24321,528
2021/01/11,13:08:00,24320,24327,24319,24327,382
2021/01/11,13:09:00,24327,24330,24323,24330,375
2021/01/11,13:10:00,24330,24335,24328,24332,530
2021/01/11,13:11:00,24332,24334,24324,24326,410
2021/01/11,13:12:00,24326,24333,24322,24331,571
2021/01/11,13:13:00,24332,24337,24330,24332,433
2021/01/11,13:14:00,24333,24335,24328,24334,252
2021/01/11,13:15:00,24335,24347,24334,24342,783
2021/01/11,13:16:00,24343,24351,24343,24344,714
2021/01/11,13:17:00,24345,24355,24342,24355,653
2021/01/11,13:18:00,24355,24361,24354,24358,588
2021/01/11,13:19:00,24359,24374,24359,24367,1848
2021/01/11,13:20:00,24368,24377,24368,24376,606
2021/01/11,13:21:00,24377,24380,24375,24378,752
2021/01/11,13:22:00,24378,24380,24374,24375,586
2021/01/11,13:23:00,24375,24379,24373,24377,453
2021/01/11,13:24:00,24377,24386,24376,24379,916
2021/01/11,13:25:00,24380,24384,24376,24381,570
2021/01/11,13:26:00,24381,24392,24380,24391,1202
2021/01/11,13:27:00,24392,24393,24385,24390,673
2021/01/11,13:28:00,24390,24392,24382,24386,568
2021/01/11,13:29:00,24385,24395,24385,24393,441
2021/01/11,13:30:00,24393,24396,24391,24393,390
2021/01/11,13:31:00,24393,24394,24376,24383,1163
2021/01/11,13:32:00,24383,24384,24377,24379,561
2021/01/11,13:33:00,24378,24383,24377,24382,286
2021/01/11,13:34:00,24382,24385,24380,24384,195
2021/01/11,13:35:00,24384,24389,24383,24387,602
2021/01/11,13:36:00,24386,24395,24384,24392,493
2021/01/11,13:37:00,24392,24393,24387,24387,269
2021/01/11,13:38:00,24388,24391,24386,24390,210
2021/01/11,13:39:00,24391,24391,24387,24387,238
2021/01/11,13:40:00,24387,24390,24386,24389,196
2021/01/11,13:41:00,24390,24394,24389,24392,346
2021/01/11,13:42:00,24391,24392,24387,24390,362
2021/01/11,13:43:00,24390,24394,24389,24394,259
2021/01/11,13:44:00,24393,24394,24384,24384,741
2021/01/11,13:45:00,24385,24395,24383,24392,965
