Date,Time,Open,High,Low,Close,Volume
2004/03/26,08:46:00,6723,6737,6723,6732,746
2004/03/26,08:47:00,6732,6733,6725,6732,395
2004/03/26,08:48:00,6728,6731,6708,6715,233
2004/03/26,08:49:00,6713,6720,6713,6716,177
2004/03/26,08:50:00,6717,6720,6715,6718,207
2004/03/26,08:51:00,6718,6722,6717,6722,228
2004/03/26,08:52:00,6721,6722,6719,6721,202
2004/03/26,08:53:00,6720,6722,6720,6720,137
2004/03/26,08:54:00,6721,6723,6720,6722,176
2004/03/26,08:55:00,6721,6723,6718,6719,241
2004/03/26,08:56:00,6718,6718,6714,6716,205
2004/03/26,08:57:00,6717,6718,6714,6717,142
2004/03/26,08:58:00,6717,6718,6714,6715,300
2004/03/26,08:59:00,6716,6719,6716,6719,179
2004/03/26,09:00:00,6718,6721,6718,6720,205
2004/03/26,09:01:00,6719,6721,6718,6721,142
2004/03/26,09:02:00,6721,6721,6715,6715,149
2004/03/26,09:03:00,6717,6718,6704,6711,440
2004/03/26,09:04:00,6703,6711,6702,6707,276
2004/03/26,09:05:00,6707,6709,6705,6706,238
2004/03/26,09:06:00,6705,6706,6694,6703,379
2004/03/26,09:07:00,6699,6702,6696,6700,244
2004/03/26,09:08:00,6699,6704,6699,6704,379
2004/03/26,09:09:00,6703,6705,6702,6703,180
2004/03/26,09:10:00,6703,6703,6699,6701,151
2004/03/26,09:11:00,6701,6704,6701,6703,253
2004/03/26,09:12:00,6703,6704,6701,6702,127
2004/03/26,09:13:00,6701,6702,6696,6699,230
2004/03/26,09:14:00,6699,6702,6696,6700,167
2004/03/26,09:15:00,6700,6702,6696,6696,162
2004/03/26,09:16:00,6696,6697,6685,6687,497
2004/03/26,09:17:00,6686,6693,6685,6690,327
2004/03/26,09:18:00,6689,6693,6689,6691,136
2004/03/26,09:19:00,6692,6693,6689,6693,98
2004/03/26,09:20:00,6692,6693,6690,6690,81
2004/03/26,09:21:00,6691,6692,6690,6692,119
2004/03/26,09:22:00,6692,6703,6692,6700,333
2004/03/26,09:23:00,6700,6700,6693,6695,159
2004/03/26,09:24:00,6694,6694,6690,6691,209
2004/03/26,09:25:00,6690,6693,6688,6692,233
2004/03/26,09:26:00,6692,6694,6690,6691,149
2004/03/26,09:27:00,6690,6693,6687,6689,226
2004/03/26,09:28:00,6688,6689,6683,6683,218
2004/03/26,09:29:00,6684,6685,6678,6679,257
2004/03/26,09:30:00,6681,6683,6678,6679,134
2004/03/26,09:31:00,6678,6683,6678,6681,201
2004/03/26,09:32:00,6681,6685,6681,6684,280
2004/03/26,09:33:00,6683,6688,6683,6684,107
2004/03/26,09:34:00,6684,6686,6679,6679,146
2004/03/26,09:35:00,6682,6683,6678,6681,128
2004/03/26,09:36:00,6679,6683,6679,6681,101
2004/03/26,09:37:00,6681,6685,6680,6685,223
2004/03/26,09:38:00,6685,6688,6684,6688,110
2004/03/26,09:39:00,6687,6691,6686,6689,95
2004/03/26,09:40:00,6691,6691,6688,6690,109
2004/03/26,09:41:00,6689,6691,6688,6690,117
2004/03/26,09:42:00,6690,6690,6684,6685,134
2004/03/26,09:43:00,6684,6685,6681,6684,110
2004/03/26,09:44:00,6683,6688,6683,6688,96
2004/03/26,09:45:00,6687,6688,6685,6685,75
2004/03/26,09:46:00,6685,6691,6685,6691,104
2004/03/26,09:47:00,6691,6692,6690,6692,53
2004/03/26,09:48:00,6692,6692,6689,6690,48
2004/03/26,09:49:00,6690,6691,6688,6689,63
2004/03/26,09:50:00,6689,6689,6684,6687,129
2004/03/26,09:51:00,6684,6687,6684,6685,45
2004/03/26,09:52:00,6686,6687,6683,6685,111
2004/03/26,09:53:00,6685,6688,6685,6688,39
2004/03/26,09:54:00,6688,6691,6687,6691,34
2004/03/26,09:55:00,6691,6691,6689,6691,22
2004/03/26,09:56:00,6690,6693,6690,6692,76
2004/03/26,09:57:00,6693,6695,6692,6695,117
2004/03/26,09:58:00,6693,6695,6692,6693,159
2004/03/26,09:59:00,6694,6694,6692,6692,65
2004/03/26,10:00:00,6692,6693,6691,6691,27
2004/03/26,10:01:00,6691,6692,6690,6691,30
2004/03/26,10:02:00,6691,6691,6690,6690,18
2004/03/26,10:03:00,6690,6691,6689,6690,71
2004/03/26,10:04:00,6689,6691,6686,6688,104
2004/03/26,10:05:00,6689,6692,6686,6690,42
2004/03/26,10:06:00,6692,6692,6689,6689,17
2004/03/26,10:07:00,6690,6691,6690,6691,40
2004/03/26,10:08:00,6690,6691,6686,6686,94
2004/03/26,10:09:00,6686,6688,6685,6686,55
2004/03/26,10:10:00,6685,6688,6685,6686,55
2004/03/26,10:11:00,6686,6686,6684,6686,46
2004/03/26,10:12:00,6685,6686,6683,6684,72
2004/03/26,10:13:00,6683,6684,6679,6679,131
2004/03/26,10:14:00,6679,6681,6663,6665,493
2004/03/26,10:15:00,6664,6673,6664,6673,214
2004/03/26,10:16:00,6673,6678,6669,6675,175
2004/03/26,10:17:00,6674,6677,6670,6673,71
2004/03/26,10:18:00,6671,6673,6671,6673,63
2004/03/26,10:19:00,6673,6675,6673,6673,39
2004/03/26,10:20:00,6673,6674,6669,6669,89
2004/03/26,10:21:00,6670,6670,6663,6665,163
2004/03/26,10:22:00,6665,6665,6658,6660,261
2004/03/26,10:23:00,6658,6663,6653,6656,215
2004/03/26,10:24:00,6655,6660,6654,6660,147
2004/03/26,10:25:00,6658,6663,6658,6662,139
2004/03/26,10:26:00,6662,6663,6661,6661,100
2004/03/26,10:27:00,6661,6663,6658,6660,117
2004/03/26,10:28:00,6659,6660,6656,6656,92
2004/03/26,10:29:00,6657,6658,6654,6655,114
2004/03/26,10:30:00,6655,6656,6640,6643,295
2004/03/26,10:31:00,6639,6643,6633,6640,356
2004/03/26,10:32:00,6642,6650,6639,6645,214
2004/03/26,10:33:00,6645,6648,6643,6644,134
2004/03/26,10:34:00,6647,6648,6643,6644,167
2004/03/26,10:35:00,6644,6648,6644,6645,121
2004/03/26,10:36:00,6645,6647,6640,6641,233
2004/03/26,10:37:00,6641,6645,6641,6643,174
2004/03/26,10:38:00,6642,6643,6641,6642,126
2004/03/26,10:39:00,6643,6648,6643,6647,115
2004/03/26,10:40:00,6644,6648,6643,6645,128
2004/03/26,10:41:00,6644,6648,6643,6644,137
2004/03/26,10:42:00,6643,6645,6640,6641,105
2004/03/26,10:43:00,6641,6641,6638,6638,102
2004/03/26,10:44:00,6638,6638,6624,6624,431
2004/03/26,10:45:00,6624,6629,6614,6622,368
2004/03/26,10:46:00,6619,6623,6618,6621,216
2004/03/26,10:47:00,6622,6624,6599,6606,461
2004/03/26,10:48:00,6599,6610,6594,6603,292
2004/03/26,10:49:00,6603,6606,6600,6602,273
2004/03/26,10:50:00,6603,6608,6603,6605,144
2004/03/26,10:51:00,6608,6612,6605,6610,191
2004/03/26,10:52:00,6610,6615,6607,6612,172
2004/03/26,10:53:00,6613,6617,6611,6617,158
2004/03/26,10:54:00,6615,6618,6613,6614,99
2004/03/26,10:55:00,6613,6617,6613,6615,65
2004/03/26,10:56:00,6613,6617,6613,6615,105
2004/03/26,10:57:00,6615,6616,6608,6611,166
2004/03/26,10:58:00,6609,6613,6608,6611,117
2004/03/26,10:59:00,6612,6615,6610,6613,113
2004/03/26,11:00:00,6614,6615,6612,6615,104
2004/03/26,11:01:00,6615,6621,6615,6621,108
2004/03/26,11:02:00,6621,6623,6619,6620,212
2004/03/26,11:03:00,6622,6628,6620,6624,214
2004/03/26,11:04:00,6625,6627,6624,6626,116
2004/03/26,11:05:00,6626,6627,6624,6624,87
2004/03/26,11:06:00,6624,6627,6623,6624,94
2004/03/26,11:07:00,6624,6625,6619,6621,161
2004/03/26,11:08:00,6619,6621,6616,6617,90
2004/03/26,11:09:00,6617,6619,6617,6619,57
2004/03/26,11:10:00,6619,6620,6619,6620,36
2004/03/26,11:11:00,6621,6623,6619,6622,57
2004/03/26,11:12:00,6622,6623,6620,6622,51
2004/03/26,11:13:00,6621,6623,6619,6621,56
2004/03/26,11:14:00,6621,6622,6618,6618,73
2004/03/26,11:15:00,6619,6620,6616,6619,67
2004/03/26,11:16:00,6617,6619,6616,6618,61
2004/03/26,11:17:00,6617,6619,6616,6619,67
2004/03/26,11:18:00,6617,6619,6617,6618,73
2004/03/26,11:19:00,6617,6619,6616,6617,43
2004/03/26,11:20:00,6617,6618,6616,6617,65
2004/03/26,11:21:00,6617,6617,6615,6615,24
2004/03/26,11:22:00,6615,6616,6613,6613,122
2004/03/26,11:23:00,6613,6614,6609,6613,170
2004/03/26,11:24:00,6611,6617,6611,6615,73
2004/03/26,11:25:00,6616,6618,6615,6618,53
2004/03/26,11:26:00,6617,6621,6617,6621,65
2004/03/26,11:27:00,6620,6628,6620,6628,209
2004/03/26,11:28:00,6627,6642,6626,6638,206
2004/03/26,11:29:00,6638,6641,6635,6637,143
2004/03/26,11:30:00,6638,6640,6635,6635,176
2004/03/26,11:31:00,6637,6638,6634,6637,77
2004/03/26,11:32:00,6637,6641,6636,6641,160
2004/03/26,11:33:00,6641,6647,6641,6641,312
2004/03/26,11:34:00,6643,6646,6642,6645,108
2004/03/26,11:35:00,6646,6647,6643,6644,51
2004/03/26,11:36:00,6645,6647,6643,6646,154
2004/03/26,11:37:00,6646,6646,6642,6642,116
2004/03/26,11:38:00,6638,6641,6635,6636,69
2004/03/26,11:39:00,6636,6642,6635,6642,61
2004/03/26,11:40:00,6642,6645,6641,6644,64
2004/03/26,11:41:00,6646,6651,6644,6651,109
2004/03/26,11:42:00,6648,6659,6648,6659,229
2004/03/26,11:43:00,6658,6666,6655,6664,354
2004/03/26,11:44:00,6663,6667,6659,6661,285
2004/03/26,11:45:00,6661,6666,6659,6665,261
2004/03/26,11:46:00,6662,6665,6660,6664,148
2004/03/26,11:47:00,6664,6664,6659,6660,114
2004/03/26,11:48:00,6661,6661,6658,6659,164
2004/03/26,11:49:00,6659,6661,6656,6660,229
2004/03/26,11:50:00,6660,6660,6655,6656,108
2004/03/26,11:51:00,6656,6657,6651,6653,143
2004/03/26,11:52:00,6653,6653,6648,6652,113
2004/03/26,11:53:00,6652,6653,6650,6651,62
2004/03/26,11:54:00,6651,6653,6650,6653,54
2004/03/26,11:55:00,6653,6658,6652,6656,99
2004/03/26,11:56:00,6656,6658,6656,6657,54
2004/03/26,11:57:00,6656,6658,6654,6655,30
2004/03/26,11:58:00,6656,6657,6655,6657,36
2004/03/26,11:59:00,6655,6657,6654,6655,50
2004/03/26,12:00:00,6655,6660,6654,6659,159
2004/03/26,12:01:00,6658,6662,6658,6662,87
2004/03/26,12:02:00,6663,6672,6663,6672,277
2004/03/26,12:03:00,6669,6677,6669,6675,299
2004/03/26,12:04:00,6673,6677,6673,6676,235
2004/03/26,12:05:00,6676,6677,6668,6672,193
2004/03/26,12:06:00,6672,6672,6669,6671,62
2004/03/26,12:07:00,6671,6671,6667,6669,104
2004/03/26,12:08:00,6668,6668,6664,6667,110
2004/03/26,12:09:00,6668,6668,6664,6667,42
2004/03/26,12:10:00,6665,6668,6658,6658,151
2004/03/26,12:11:00,6659,6662,6651,6652,88
2004/03/26,12:12:00,6653,6658,6644,6646,141
2004/03/26,12:13:00,6649,6651,6646,6648,119
2004/03/26,12:14:00,6648,6649,6645,6645,117
2004/03/26,12:15:00,6645,6649,6645,6649,86
2004/03/26,12:16:00,6647,6648,6644,6647,59
2004/03/26,12:17:00,6647,6649,6645,6648,48
2004/03/26,12:18:00,6648,6653,6648,6650,49
2004/03/26,12:19:00,6652,6656,6651,6652,54
2004/03/26,12:20:00,6653,6656,6652,6655,18
2004/03/26,12:21:00,6653,6657,6653,6655,55
2004/03/26,12:22:00,6653,6653,6651,6651,55
2004/03/26,12:23:00,6650,6652,6645,6646,98
2004/03/26,12:24:00,6646,6647,6644,6645,56
2004/03/26,12:25:00,6645,6652,6643,6652,137
2004/03/26,12:26:00,6652,6658,6652,6658,36
2004/03/26,12:27:00,6658,6669,6658,6665,118
2004/03/26,12:28:00,6666,6670,6661,6661,79
2004/03/26,12:29:00,6662,6664,6659,6662,45
2004/03/26,12:30:00,6659,6662,6655,6655,69
2004/03/26,12:31:00,6655,6658,6651,6653,48
2004/03/26,12:32:00,6653,6657,6653,6654,49
2004/03/26,12:33:00,6654,6656,6651,6651,62
2004/03/26,12:34:00,6649,6650,6644,6644,63
2004/03/26,12:35:00,6644,6646,6634,6634,235
2004/03/26,12:36:00,6634,6636,6628,6634,318
2004/03/26,12:37:00,6634,6643,6633,6643,91
2004/03/26,12:38:00,6638,6642,6638,6639,62
2004/03/26,12:39:00,6640,6640,6635,6636,125
2004/03/26,12:40:00,6635,6636,6628,6629,202
2004/03/26,12:41:00,6628,6632,6627,6632,127
2004/03/26,12:42:00,6632,6638,6632,6638,64
2004/03/26,12:43:00,6636,6642,6636,6639,64
2004/03/26,12:44:00,6638,6644,6638,6644,80
2004/03/26,12:45:00,6644,6647,6643,6644,78
2004/03/26,12:46:00,6643,6644,6640,6642,55
2004/03/26,12:47:00,6640,6642,6635,6637,43
2004/03/26,12:48:00,6636,6638,6630,6630,161
2004/03/26,12:49:00,6631,6638,6631,6636,88
2004/03/26,12:50:00,6638,6642,6636,6642,51
2004/03/26,12:51:00,6640,6643,6640,6641,77
2004/03/26,12:52:00,6642,6643,6636,6637,78
2004/03/26,12:53:00,6638,6640,6634,6636,26
2004/03/26,12:54:00,6634,6638,6633,6637,110
2004/03/26,12:55:00,6637,6643,6637,6643,114
2004/03/26,12:56:00,6643,6647,6641,6647,108
2004/03/26,12:57:00,6647,6652,6645,6650,98
2004/03/26,12:58:00,6652,6652,6648,6648,35
2004/03/26,12:59:00,6648,6648,6641,6643,91
2004/03/26,13:00:00,6643,6643,6641,6641,29
2004/03/26,13:01:00,6642,6643,6636,6638,57
2004/03/26,13:02:00,6636,6639,6636,6638,78
2004/03/26,13:03:00,6637,6639,6633,6634,75
2004/03/26,13:04:00,6634,6636,6634,6634,58
2004/03/26,13:05:00,6635,6636,6635,6636,40
2004/03/26,13:06:00,6635,6637,6626,6630,228
2004/03/26,13:07:00,6625,6630,6610,6614,387
2004/03/26,13:08:00,6610,6622,6610,6618,178
2004/03/26,13:09:00,6621,6624,6617,6623,128
2004/03/26,13:10:00,6623,6629,6621,6627,115
2004/03/26,13:11:00,6625,6628,6622,6622,114
2004/03/26,13:12:00,6623,6630,6619,6624,152
2004/03/26,13:13:00,6625,6630,6625,6628,60
2004/03/26,13:14:00,6626,6629,6625,6626,84
2004/03/26,13:15:00,6627,6629,6623,6623,102
2004/03/26,13:16:00,6622,6623,6615,6617,127
2004/03/26,13:17:00,6617,6617,6608,6610,346
2004/03/26,13:18:00,6607,6620,6603,6613,376
2004/03/26,13:19:00,6613,6620,6613,6620,131
2004/03/26,13:20:00,6620,6621,6615,6615,98
2004/03/26,13:21:00,6618,6620,6615,6618,40
2004/03/26,13:22:00,6618,6622,6618,6621,90
2004/03/26,13:23:00,6621,6628,6621,6628,217
2004/03/26,13:24:00,6628,6633,6627,6631,168
2004/03/26,13:25:00,6631,6636,6628,6633,180
2004/03/26,13:26:00,6633,6640,6629,6637,151
2004/03/26,13:27:00,6637,6637,6628,6631,173
2004/03/26,13:28:00,6632,6632,6628,6632,101
2004/03/26,13:29:00,6631,6635,6629,6634,150
2004/03/26,13:30:00,6634,6635,6631,6633,142
2004/03/26,13:31:00,6634,6637,6630,6632,111
2004/03/26,13:32:00,6630,6636,6629,6636,159
2004/03/26,13:33:00,6636,6643,6635,6638,228
2004/03/26,13:34:00,6636,6639,6635,6636,125
2004/03/26,13:35:00,6637,6637,6633,6636,146
2004/03/26,13:36:00,6637,6637,6634,6636,97
2004/03/26,13:37:00,6635,6641,6635,6638,192
2004/03/26,13:38:00,6640,6648,6638,6641,231
2004/03/26,13:39:00,6641,6649,6640,6648,208
2004/03/26,13:40:00,6644,6652,6644,6649,217
2004/03/26,13:41:00,6649,6649,6649,6649,0
2004/03/26,13:42:00,6649,6649,6649,6649,0
2004/03/26,13:43:00,6649,6649,6649,6649,0
2004/03/26,13:44:00,6649,6649,6649,6649,0
2004/03/26,13:45:00,6648,6648,6648,6648,1289
