Date,Time,Open,High,Low,Close,Volume
2004/03/30,08:46:00,6958,6978,6958,6971,281
2004/03/30,08:47:00,6970,6974,6966,6973,222
2004/03/30,08:48:00,6972,6980,6970,6976,161
2004/03/30,08:49:00,6975,6978,6974,6978,285
2004/03/30,08:50:00,6977,6981,6975,6978,198
2004/03/30,08:51:00,6976,6979,6976,6977,112
2004/03/30,08:52:00,6975,6976,6973,6974,168
2004/03/30,08:53:00,6973,6975,6970,6972,178
2004/03/30,08:54:00,6970,6973,6970,6972,99
2004/03/30,08:55:00,6973,6976,6971,6976,108
2004/03/30,08:56:00,6976,6981,6974,6978,82
2004/03/30,08:57:00,6978,6987,6978,6985,128
2004/03/30,08:58:00,6986,6992,6983,6992,208
2004/03/30,08:59:00,6988,7003,6988,7001,222
2004/03/30,09:00:00,6998,7000,6995,6996,174
2004/03/30,09:01:00,6995,6998,6986,6992,282
2004/03/30,09:02:00,6986,6992,6983,6983,230
2004/03/30,09:03:00,6983,6984,6975,6979,199
2004/03/30,09:04:00,6977,6979,6974,6975,212
2004/03/30,09:05:00,6974,6975,6969,6969,212
2004/03/30,09:06:00,6970,6973,6966,6969,218
2004/03/30,09:07:00,6968,6969,6963,6966,276
2004/03/30,09:08:00,6966,6967,6961,6967,208
2004/03/30,09:09:00,6966,6971,6965,6971,288
2004/03/30,09:10:00,6972,6981,6971,6974,216
2004/03/30,09:11:00,6975,6978,6973,6975,133
2004/03/30,09:12:00,6974,6976,6973,6973,132
2004/03/30,09:13:00,6975,6978,6973,6976,151
2004/03/30,09:14:00,6975,6982,6975,6982,168
2004/03/30,09:15:00,6978,6983,6978,6982,137
2004/03/30,09:16:00,6982,6983,6978,6978,152
2004/03/30,09:17:00,6978,6981,6975,6979,207
2004/03/30,09:18:00,6977,6983,6977,6983,93
2004/03/30,09:19:00,6984,6988,6983,6987,207
2004/03/30,09:20:00,6985,6987,6978,6978,199
2004/03/30,09:21:00,6978,6981,6974,6978,181
2004/03/30,09:22:00,6978,6981,6975,6981,118
2004/03/30,09:23:00,6981,6982,6976,6981,94
2004/03/30,09:24:00,6979,6982,6978,6980,108
2004/03/30,09:25:00,6979,6981,6978,6980,80
2004/03/30,09:26:00,6978,6979,6977,6978,74
2004/03/30,09:27:00,6978,6979,6976,6978,48
2004/03/30,09:28:00,6977,6978,6974,6976,92
2004/03/30,09:29:00,6974,6976,6969,6970,276
2004/03/30,09:30:00,6968,6971,6968,6971,152
2004/03/30,09:31:00,6971,6977,6970,6977,132
2004/03/30,09:32:00,6977,6978,6975,6977,61
2004/03/30,09:33:00,6977,6978,6976,6978,119
2004/03/30,09:34:00,6978,6980,6977,6978,189
2004/03/30,09:35:00,6978,6979,6975,6977,61
2004/03/30,09:36:00,6977,6978,6974,6976,65
2004/03/30,09:37:00,6975,6979,6975,6978,87
2004/03/30,09:38:00,6979,6988,6978,6988,142
2004/03/30,09:39:00,6985,6988,6979,6983,114
2004/03/30,09:40:00,6983,6985,6980,6985,90
2004/03/30,09:41:00,6983,6986,6981,6983,66
2004/03/30,09:42:00,6983,6987,6983,6985,78
2004/03/30,09:43:00,6985,6987,6983,6987,99
2004/03/30,09:44:00,6985,6986,6983,6984,58
2004/03/30,09:45:00,6984,6984,6979,6980,132
2004/03/30,09:46:00,6979,6983,6979,6982,62
2004/03/30,09:47:00,6982,6986,6981,6984,89
2004/03/30,09:48:00,6983,6988,6983,6988,101
2004/03/30,09:49:00,6988,6993,6987,6993,349
2004/03/30,09:50:00,6992,6998,6992,6996,234
2004/03/30,09:51:00,6993,6997,6993,6995,206
2004/03/30,09:52:00,6995,6995,6992,6994,154
2004/03/30,09:53:00,6993,6994,6991,6993,114
2004/03/30,09:54:00,6993,6997,6993,6997,104
2004/03/30,09:55:00,6997,7021,6997,7018,581
2004/03/30,09:56:00,7012,7021,7009,7011,356
2004/03/30,09:57:00,7009,7013,7004,7007,204
2004/03/30,09:58:00,7005,7008,7005,7008,118
2004/03/30,09:59:00,7008,7013,7004,7013,199
2004/03/30,10:00:00,7008,7013,7003,7003,182
2004/03/30,10:01:00,7003,7006,6997,6998,117
2004/03/30,10:02:00,6999,7000,6992,6992,151
2004/03/30,10:03:00,6992,6993,6988,6992,106
2004/03/30,10:04:00,6989,6993,6989,6991,63
2004/03/30,10:05:00,6992,6993,6989,6989,74
2004/03/30,10:06:00,6991,6991,6988,6989,74
2004/03/30,10:07:00,6990,6992,6989,6991,92
2004/03/30,10:08:00,6992,6993,6990,6993,120
2004/03/30,10:09:00,6991,6993,6990,6992,114
2004/03/30,10:10:00,6993,6994,6991,6992,67
2004/03/30,10:11:00,6993,6993,6989,6989,78
2004/03/30,10:12:00,6988,6991,6988,6991,122
2004/03/30,10:13:00,6990,6993,6988,6990,63
2004/03/30,10:14:00,6993,6993,6990,6993,27
2004/03/30,10:15:00,6992,6992,6990,6990,40
2004/03/30,10:16:00,6989,6990,6986,6987,71
2004/03/30,10:17:00,6986,6988,6981,6982,210
2004/03/30,10:18:00,6981,6986,6981,6983,74
2004/03/30,10:19:00,6984,6990,6984,6988,71
2004/03/30,10:20:00,6990,6992,6988,6991,30
2004/03/30,10:21:00,6992,6992,6989,6992,37
2004/03/30,10:22:00,6991,6994,6988,6990,121
2004/03/30,10:23:00,6991,6996,6989,6993,44
2004/03/30,10:24:00,6993,6997,6993,6997,42
2004/03/30,10:25:00,6997,6997,6995,6997,53
2004/03/30,10:26:00,6995,6999,6995,6997,77
2004/03/30,10:27:00,6999,6999,6996,6997,64
2004/03/30,10:28:00,6996,6998,6995,6996,58
2004/03/30,10:29:00,6997,6998,6993,6994,62
2004/03/30,10:30:00,6993,6995,6989,6989,106
2004/03/30,10:31:00,6989,6991,6989,6989,30
2004/03/30,10:32:00,6990,6991,6989,6990,49
2004/03/30,10:33:00,6989,6991,6989,6989,37
2004/03/30,10:34:00,6989,6991,6989,6990,23
2004/03/30,10:35:00,6990,6992,6990,6991,40
2004/03/30,10:36:00,6991,6993,6990,6993,58
2004/03/30,10:37:00,6992,6998,6991,6998,63
2004/03/30,10:38:00,6997,7003,6996,7002,107
2004/03/30,10:39:00,7002,7002,6996,6998,28
2004/03/30,10:40:00,6996,7000,6996,6997,75
2004/03/30,10:41:00,6997,7001,6996,6997,38
2004/03/30,10:42:00,6997,6999,6994,6998,40
2004/03/30,10:43:00,6994,6997,6992,6993,55
2004/03/30,10:44:00,6993,6995,6993,6995,13
2004/03/30,10:45:00,6994,6997,6994,6996,32
2004/03/30,10:46:00,6994,6996,6994,6996,31
2004/03/30,10:47:00,6995,6996,6992,6992,71
2004/03/30,10:48:00,6991,6993,6989,6991,47
2004/03/30,10:49:00,6989,6992,6989,6991,54
2004/03/30,10:50:00,6988,6992,6987,6987,82
2004/03/30,10:51:00,6986,6991,6986,6988,39
2004/03/30,10:52:00,6988,6998,6988,6994,92
2004/03/30,10:53:00,6998,6998,6994,6995,14
2004/03/30,10:54:00,6996,6997,6994,6995,21
2004/03/30,10:55:00,6995,6995,6993,6995,31
2004/03/30,10:56:00,6993,6995,6993,6994,10
2004/03/30,10:57:00,6994,6997,6994,6997,67
2004/03/30,10:58:00,6997,7001,6996,7001,90
2004/03/30,10:59:00,7001,7002,6999,7002,45
2004/03/30,11:00:00,7000,7003,7000,7001,56
2004/03/30,11:01:00,7002,7003,6999,7001,77
2004/03/30,11:02:00,7001,7001,6995,6997,53
2004/03/30,11:03:00,6995,6997,6994,6994,51
2004/03/30,11:04:00,6995,6998,6994,6998,32
2004/03/30,11:05:00,6997,6998,6996,6996,14
2004/03/30,11:06:00,6996,6999,6995,6999,73
2004/03/30,11:07:00,6999,7002,6998,7000,79
2004/03/30,11:08:00,7000,7002,6999,7002,108
2004/03/30,11:09:00,7002,7002,7000,7002,47
2004/03/30,11:10:00,7002,7003,7000,7003,88
2004/03/30,11:11:00,7002,7008,7002,7008,311
2004/03/30,11:12:00,7008,7011,7006,7010,208
2004/03/30,11:13:00,7009,7009,7004,7007,124
2004/03/30,11:14:00,7006,7007,7004,7006,74
2004/03/30,11:15:00,7006,7007,7004,7006,67
2004/03/30,11:16:00,7007,7008,7005,7007,89
2004/03/30,11:17:00,7007,7011,7006,7009,144
2004/03/30,11:18:00,7011,7013,7008,7008,121
2004/03/30,11:19:00,7008,7010,7006,7008,180
2004/03/30,11:20:00,7008,7009,7005,7008,71
2004/03/30,11:21:00,7009,7011,7008,7010,73
2004/03/30,11:22:00,7010,7015,7009,7015,261
2004/03/30,11:23:00,7014,7015,7011,7014,93
2004/03/30,11:24:00,7012,7015,7012,7014,83
2004/03/30,11:25:00,7013,7015,7013,7013,83
2004/03/30,11:26:00,7013,7016,7013,7016,150
2004/03/30,11:27:00,7013,7014,7011,7014,127
2004/03/30,11:28:00,7013,7013,7010,7013,98
2004/03/30,11:29:00,7012,7013,7008,7011,120
2004/03/30,11:30:00,7010,7012,7008,7011,71
2004/03/30,11:31:00,7011,7013,7010,7013,101
2004/03/30,11:32:00,7012,7014,7010,7011,125
2004/03/30,11:33:00,7010,7015,7008,7010,56
2004/03/30,11:34:00,7010,7011,7008,7011,70
2004/03/30,11:35:00,7009,7012,7009,7010,91
2004/03/30,11:36:00,7012,7012,7010,7012,20
2004/03/30,11:37:00,7011,7013,7011,7013,47
2004/03/30,11:38:00,7012,7015,7011,7015,102
2004/03/30,11:39:00,7014,7015,7012,7014,77
2004/03/30,11:40:00,7013,7014,7010,7012,62
2004/03/30,11:41:00,7011,7012,7003,7003,196
2004/03/30,11:42:00,7003,7006,7002,7005,57
2004/03/30,11:43:00,7004,7005,7003,7004,34
2004/03/30,11:44:00,7004,7005,7002,7003,72
2004/03/30,11:45:00,7002,7004,7002,7003,56
2004/03/30,11:46:00,7004,7005,7003,7003,27
2004/03/30,11:47:00,7003,7004,7003,7004,45
2004/03/30,11:48:00,7003,7003,6995,6995,155
2004/03/30,11:49:00,6995,6997,6993,6996,95
2004/03/30,11:50:00,6996,7001,6994,6997,65
2004/03/30,11:51:00,6996,6999,6995,6996,41
2004/03/30,11:52:00,6997,6998,6995,6997,36
2004/03/30,11:53:00,6996,6999,6996,6999,54
2004/03/30,11:54:00,6997,6999,6997,6999,48
2004/03/30,11:55:00,6998,6998,6996,6997,44
2004/03/30,11:56:00,6997,6997,6994,6995,62
2004/03/30,11:57:00,6996,6996,6994,6994,77
2004/03/30,11:58:00,6995,6995,6984,6985,284
2004/03/30,11:59:00,6984,6986,6981,6981,197
2004/03/30,12:00:00,6982,6990,6982,6990,142
2004/03/30,12:01:00,6987,6989,6985,6985,100
2004/03/30,12:02:00,6985,6985,6979,6983,276
2004/03/30,12:03:00,6979,6981,6967,6969,570
2004/03/30,12:04:00,6973,6977,6969,6977,201
2004/03/30,12:05:00,6975,6977,6974,6974,213
2004/03/30,12:06:00,6975,6977,6973,6977,167
2004/03/30,12:07:00,6975,6979,6974,6977,215
2004/03/30,12:08:00,6976,6978,6975,6976,117
2004/03/30,12:09:00,6977,6979,6975,6977,209
2004/03/30,12:10:00,6978,6980,6977,6980,163
2004/03/30,12:11:00,6978,6980,6978,6979,108
2004/03/30,12:12:00,6979,6983,6978,6982,132
2004/03/30,12:13:00,6982,6987,6981,6986,71
2004/03/30,12:14:00,6986,6988,6983,6988,120
2004/03/30,12:15:00,6988,6988,6985,6987,129
2004/03/30,12:16:00,6985,6987,6984,6987,65
2004/03/30,12:17:00,6986,6987,6985,6987,60
2004/03/30,12:18:00,6987,6987,6983,6983,113
2004/03/30,12:19:00,6982,6982,6979,6979,60
2004/03/30,12:20:00,6979,6980,6978,6979,102
2004/03/30,12:21:00,6978,6979,6976,6976,95
2004/03/30,12:22:00,6976,6978,6975,6976,75
2004/03/30,12:23:00,6978,6979,6976,6979,64
2004/03/30,12:24:00,6978,6982,6978,6981,62
2004/03/30,12:25:00,6980,6985,6980,6983,53
2004/03/30,12:26:00,6983,6985,6983,6985,45
2004/03/30,12:27:00,6985,6985,6981,6983,54
2004/03/30,12:28:00,6982,6983,6981,6982,35
2004/03/30,12:29:00,6982,6983,6980,6981,72
2004/03/30,12:30:00,6981,6983,6981,6982,33
2004/03/30,12:31:00,6981,6983,6981,6983,68
2004/03/30,12:32:00,6982,6983,6981,6982,48
2004/03/30,12:33:00,6981,6983,6979,6982,118
2004/03/30,12:34:00,6980,6981,6979,6979,51
2004/03/30,12:35:00,6979,6984,6979,6982,104
2004/03/30,12:36:00,6983,6985,6982,6985,46
2004/03/30,12:37:00,6983,6985,6983,6983,39
2004/03/30,12:38:00,6985,6985,6983,6984,41
2004/03/30,12:39:00,6984,6989,6984,6989,93
2004/03/30,12:40:00,6989,6990,6987,6989,57
2004/03/30,12:41:00,6989,6990,6988,6990,89
2004/03/30,12:42:00,6989,6990,6987,6989,67
2004/03/30,12:43:00,6989,6991,6988,6988,103
2004/03/30,12:44:00,6989,6990,6988,6989,33
2004/03/30,12:45:00,6990,6990,6987,6987,68
2004/03/30,12:46:00,6987,6988,6985,6986,55
2004/03/30,12:47:00,6985,6987,6983,6983,80
2004/03/30,12:48:00,6983,6984,6981,6981,46
2004/03/30,12:49:00,6981,6983,6978,6983,147
2004/03/30,12:50:00,6983,6986,6981,6986,127
2004/03/30,12:51:00,6986,6987,6985,6987,107
2004/03/30,12:52:00,6986,6986,6984,6984,64
2004/03/30,12:53:00,6985,6986,6982,6983,58
2004/03/30,12:54:00,6983,6984,6982,6983,45
2004/03/30,12:55:00,6983,6984,6982,6984,38
2004/03/30,12:56:00,6983,6984,6981,6982,46
2004/03/30,12:57:00,6981,6982,6975,6976,162
2004/03/30,12:58:00,6975,6977,6974,6977,158
2004/03/30,12:59:00,6976,6980,6975,6978,52
2004/03/30,13:00:00,6979,6983,6979,6983,18
2004/03/30,13:01:00,6983,6983,6978,6979,26
2004/03/30,13:02:00,6979,6980,6978,6978,45
2004/03/30,13:03:00,6978,6980,6976,6977,61
2004/03/30,13:04:00,6976,6978,6975,6976,48
2004/03/30,13:05:00,6977,6981,6976,6981,50
2004/03/30,13:06:00,6979,6983,6977,6979,87
2004/03/30,13:07:00,6982,6983,6979,6980,26
2004/03/30,13:08:00,6982,6983,6980,6983,41
2004/03/30,13:09:00,6983,6984,6981,6984,61
2004/03/30,13:10:00,6984,6984,6981,6982,94
2004/03/30,13:11:00,6983,6983,6979,6979,80
2004/03/30,13:12:00,6981,6983,6981,6983,31
2004/03/30,13:13:00,6981,6983,6981,6983,40
2004/03/30,13:14:00,6983,6987,6983,6986,111
2004/03/30,13:15:00,6985,6985,6984,6984,49
2004/03/30,13:16:00,6985,6985,6983,6984,60
2004/03/30,13:17:00,6983,6984,6981,6982,62
2004/03/30,13:18:00,6982,6984,6982,6984,60
2004/03/30,13:19:00,6984,6990,6984,6988,168
2004/03/30,13:20:00,6988,6990,6986,6986,94
2004/03/30,13:21:00,6986,6988,6986,6988,28
2004/03/30,13:22:00,6988,6991,6987,6991,95
2004/03/30,13:23:00,6989,6998,6989,6998,243
2004/03/30,13:24:00,6998,7004,6996,7003,179
2004/03/30,13:25:00,6998,7005,6995,7001,142
2004/03/30,13:26:00,7001,7006,7000,7003,130
2004/03/30,13:27:00,7002,7003,6998,6998,88
2004/03/30,13:28:00,7000,7004,6996,6997,115
2004/03/30,13:29:00,6996,7000,6995,6997,64
2004/03/30,13:30:00,6998,7000,6997,7000,133
2004/03/30,13:31:00,6999,7001,6987,6987,365
2004/03/30,13:32:00,6986,7001,6986,7001,147
2004/03/30,13:33:00,6997,7004,6997,7004,305
2004/03/30,13:34:00,7003,7008,7001,7006,296
2004/03/30,13:35:00,7003,7007,7001,7006,129
2004/03/30,13:36:00,7006,7007,7003,7005,132
2004/03/30,13:37:00,7006,7008,7005,7008,226
2004/03/30,13:38:00,7008,7010,7007,7010,176
2004/03/30,13:39:00,7009,7011,7008,7011,193
2004/03/30,13:40:00,7010,7015,7009,7013,297
2004/03/30,13:41:00,7013,7018,7013,7018,102
2004/03/30,13:42:00,7018,7018,7018,7018,0
2004/03/30,13:43:00,7018,7018,7018,7018,0
2004/03/30,13:44:00,7018,7018,7018,7018,0
2004/03/30,13:45:00,7010,7010,7010,7010,970
