Date,Time,Open,High,Low,Close,Volume
2003/05/23,08:46:00,4821,4821,4815,4819,332
2003/05/23,08:47:00,4819,4824,4816,4820,288
2003/05/23,08:48:00,4820,4823,4818,4820,201
2003/05/23,08:49:00,4821,4822,4818,4819,137
2003/05/23,08:50:00,4819,4820,4816,4818,93
2003/05/23,08:51:00,4817,4819,4816,4817,141
2003/05/23,08:52:00,4817,4817,4811,4811,202
2003/05/23,08:53:00,4812,4816,4811,4815,158
2003/05/23,08:54:00,4815,4820,4814,4820,133
2003/05/23,08:55:00,4820,4821,4819,4820,99
2003/05/23,08:56:00,4820,4824,4818,4824,172
2003/05/23,08:57:00,4824,4824,4819,4822,83
2003/05/23,08:58:00,4822,4822,4819,4822,108
2003/05/23,08:59:00,4821,4822,4820,4821,59
2003/05/23,09:00:00,4822,4823,4820,4822,121
2003/05/23,09:01:00,4821,4824,4821,4823,125
2003/05/23,09:02:00,4822,4823,4816,4817,183
2003/05/23,09:03:00,4816,4819,4814,4818,136
2003/05/23,09:04:00,4816,4818,4814,4814,128
2003/05/23,09:05:00,4815,4816,4813,4813,80
2003/05/23,09:06:00,4813,4816,4811,4813,114
2003/05/23,09:07:00,4814,4814,4810,4810,177
2003/05/23,09:08:00,4814,4814,4807,4808,86
2003/05/23,09:09:00,4808,4811,4808,4810,111
2003/05/23,09:10:00,4810,4812,4809,4811,123
2003/05/23,09:11:00,4811,4815,4811,4815,155
2003/05/23,09:12:00,4814,4818,4813,4818,189
2003/05/23,09:13:00,4818,4820,4814,4820,111
2003/05/23,09:14:00,4820,4820,4817,4818,82
2003/05/23,09:15:00,4818,4821,4817,4817,101
2003/05/23,09:16:00,4819,4821,4817,4821,192
2003/05/23,09:17:00,4821,4827,4820,4827,424
2003/05/23,09:18:00,4826,4831,4826,4831,244
2003/05/23,09:19:00,4831,4831,4828,4829,220
2003/05/23,09:20:00,4828,4831,4828,4829,136
2003/05/23,09:21:00,4830,4832,4829,4831,115
2003/05/23,09:22:00,4831,4832,4829,4829,147
2003/05/23,09:23:00,4830,4830,4828,4828,134
2003/05/23,09:24:00,4828,4829,4822,4822,229
2003/05/23,09:25:00,4822,4826,4822,4824,100
2003/05/23,09:26:00,4824,4825,4822,4825,87
2003/05/23,09:27:00,4825,4826,4824,4825,144
2003/05/23,09:28:00,4825,4828,4824,4827,91
2003/05/23,09:29:00,4825,4828,4824,4826,117
2003/05/23,09:30:00,4826,4829,4826,4826,77
2003/05/23,09:31:00,4828,4828,4826,4828,39
2003/05/23,09:32:00,4827,4829,4826,4828,66
2003/05/23,09:33:00,4827,4830,4827,4829,116
2003/05/23,09:34:00,4829,4833,4829,4833,244
2003/05/23,09:35:00,4833,4834,4831,4834,162
2003/05/23,09:36:00,4832,4836,4832,4834,188
2003/05/23,09:37:00,4833,4834,4830,4833,197
2003/05/23,09:38:00,4833,4833,4831,4831,90
2003/05/23,09:39:00,4832,4832,4830,4830,73
2003/05/23,09:40:00,4832,4834,4830,4834,71
2003/05/23,09:41:00,4832,4836,4832,4836,125
2003/05/23,09:42:00,4836,4839,4832,4839,159
2003/05/23,09:43:00,4839,4841,4836,4838,155
2003/05/23,09:44:00,4840,4841,4838,4838,170
2003/05/23,09:45:00,4839,4841,4839,4839,113
2003/05/23,09:46:00,4838,4841,4837,4837,163
2003/05/23,09:47:00,4838,4839,4836,4838,109
2003/05/23,09:48:00,4838,4839,4836,4837,72
2003/05/23,09:49:00,4837,4838,4836,4836,80
2003/05/23,09:50:00,4836,4838,4836,4837,66
2003/05/23,09:51:00,4837,4838,4836,4837,72
2003/05/23,09:52:00,4838,4839,4837,4837,88
2003/05/23,09:53:00,4838,4839,4836,4836,99
2003/05/23,09:54:00,4836,4838,4834,4834,168
2003/05/23,09:55:00,4834,4834,4833,4833,78
2003/05/23,09:56:00,4834,4835,4833,4834,93
2003/05/23,09:57:00,4834,4835,4833,4833,49
2003/05/23,09:58:00,4834,4835,4833,4834,46
2003/05/23,09:59:00,4834,4835,4834,4834,46
2003/05/23,10:00:00,4835,4835,4833,4833,71
2003/05/23,10:01:00,4833,4834,4832,4832,103
2003/05/23,10:02:00,4833,4834,4832,4832,76
2003/05/23,10:03:00,4831,4833,4831,4833,72
2003/05/23,10:04:00,4831,4833,4830,4832,72
2003/05/23,10:05:00,4832,4833,4832,4833,59
2003/05/23,10:06:00,4833,4834,4833,4834,48
2003/05/23,10:07:00,4833,4835,4833,4834,63
2003/05/23,10:08:00,4834,4836,4833,4835,60
2003/05/23,10:09:00,4836,4839,4835,4838,177
2003/05/23,10:10:00,4839,4841,4838,4841,93
2003/05/23,10:11:00,4841,4844,4839,4844,178
2003/05/23,10:12:00,4842,4844,4840,4841,210
2003/05/23,10:13:00,4842,4845,4842,4844,211
2003/05/23,10:14:00,4844,4851,4844,4850,536
2003/05/23,10:15:00,4850,4852,4846,4848,194
2003/05/23,10:16:00,4849,4852,4848,4852,218
2003/05/23,10:17:00,4850,4852,4849,4852,141
2003/05/23,10:18:00,4849,4854,4849,4854,130
2003/05/23,10:19:00,4852,4855,4850,4854,196
2003/05/23,10:20:00,4854,4856,4852,4856,256
2003/05/23,10:21:00,4855,4866,4855,4864,389
2003/05/23,10:22:00,4864,4866,4856,4866,368
2003/05/23,10:23:00,4864,4866,4859,4861,157
2003/05/23,10:24:00,4863,4864,4859,4862,132
2003/05/23,10:25:00,4862,4864,4859,4863,173
2003/05/23,10:26:00,4862,4864,4861,4861,146
2003/05/23,10:27:00,4861,4864,4860,4862,133
2003/05/23,10:28:00,4862,4865,4862,4862,180
2003/05/23,10:29:00,4862,4864,4862,4862,104
2003/05/23,10:30:00,4862,4864,4861,4862,91
2003/05/23,10:31:00,4862,4863,4859,4861,125
2003/05/23,10:32:00,4861,4862,4859,4861,97
2003/05/23,10:33:00,4860,4862,4859,4859,134
2003/05/23,10:34:00,4859,4862,4859,4861,102
2003/05/23,10:35:00,4861,4863,4860,4863,137
2003/05/23,10:36:00,4863,4865,4862,4864,151
2003/05/23,10:37:00,4864,4865,4864,4865,100
2003/05/23,10:38:00,4865,4865,4863,4863,93
2003/05/23,10:39:00,4863,4864,4862,4863,48
2003/05/23,10:40:00,4862,4863,4861,4863,116
2003/05/23,10:41:00,4862,4863,4860,4863,49
2003/05/23,10:42:00,4863,4864,4861,4862,59
2003/05/23,10:43:00,4863,4864,4861,4861,54
2003/05/23,10:44:00,4862,4863,4861,4862,97
2003/05/23,10:45:00,4862,4863,4861,4862,64
2003/05/23,10:46:00,4862,4863,4862,4862,64
2003/05/23,10:47:00,4862,4863,4861,4862,42
2003/05/23,10:48:00,4861,4863,4861,4861,40
2003/05/23,10:49:00,4861,4862,4861,4861,64
2003/05/23,10:50:00,4861,4862,4860,4861,42
2003/05/23,10:51:00,4862,4862,4860,4862,69
2003/05/23,10:52:00,4860,4863,4860,4862,45
2003/05/23,10:53:00,4862,4864,4861,4863,144
2003/05/23,10:54:00,4863,4865,4862,4865,117
2003/05/23,10:55:00,4865,4873,4865,4873,470
2003/05/23,10:56:00,4873,4874,4869,4872,177
2003/05/23,10:57:00,4872,4873,4869,4871,96
2003/05/23,10:58:00,4871,4872,4869,4871,100
2003/05/23,10:59:00,4869,4871,4868,4870,68
2003/05/23,11:00:00,4869,4871,4869,4870,66
2003/05/23,11:01:00,4871,4874,4870,4871,83
2003/05/23,11:02:00,4873,4876,4871,4874,165
2003/05/23,11:03:00,4874,4876,4872,4874,118
2003/05/23,11:04:00,4874,4874,4872,4873,52
2003/05/23,11:05:00,4873,4874,4873,4873,45
2003/05/23,11:06:00,4873,4879,4872,4879,251
2003/05/23,11:07:00,4878,4884,4878,4882,196
2003/05/23,11:08:00,4882,4883,4877,4881,137
2003/05/23,11:09:00,4881,4885,4879,4881,144
2003/05/23,11:10:00,4884,4887,4882,4886,236
2003/05/23,11:11:00,4886,4889,4885,4887,177
2003/05/23,11:12:00,4887,4889,4885,4887,146
2003/05/23,11:13:00,4889,4890,4885,4886,157
2003/05/23,11:14:00,4885,4887,4884,4886,80
2003/05/23,11:15:00,4886,4886,4878,4881,66
2003/05/23,11:16:00,4878,4882,4877,4882,67
2003/05/23,11:17:00,4881,4882,4879,4879,52
2003/05/23,11:18:00,4878,4880,4878,4879,40
2003/05/23,11:19:00,4880,4881,4878,4880,87
2003/05/23,11:20:00,4879,4881,4878,4879,36
2003/05/23,11:21:00,4880,4880,4878,4880,35
2003/05/23,11:22:00,4879,4880,4879,4880,18
2003/05/23,11:23:00,4880,4880,4878,4878,34
2003/05/23,11:24:00,4878,4880,4878,4879,67
2003/05/23,11:25:00,4880,4881,4879,4879,48
2003/05/23,11:26:00,4879,4881,4879,4879,51
2003/05/23,11:27:00,4881,4881,4879,4879,36
2003/05/23,11:28:00,4878,4881,4878,4880,51
2003/05/23,11:29:00,4880,4881,4879,4879,35
2003/05/23,11:30:00,4879,4880,4877,4879,66
2003/05/23,11:31:00,4876,4879,4873,4874,70
2003/05/23,11:32:00,4873,4874,4872,4874,51
2003/05/23,11:33:00,4872,4874,4872,4873,62
2003/05/23,11:34:00,4872,4874,4870,4871,60
2003/05/23,11:35:00,4870,4871,4869,4869,49
2003/05/23,11:36:00,4869,4870,4867,4867,115
2003/05/23,11:37:00,4867,4867,4862,4864,282
2003/05/23,11:38:00,4866,4866,4864,4865,88
2003/05/23,11:39:00,4865,4866,4864,4866,60
2003/05/23,11:40:00,4865,4868,4864,4867,120
2003/05/23,11:41:00,4866,4868,4865,4866,32
2003/05/23,11:42:00,4867,4867,4866,4866,35
2003/05/23,11:43:00,4867,4871,4867,4869,85
2003/05/23,11:44:00,4871,4871,4869,4871,40
2003/05/23,11:45:00,4871,4871,4868,4868,32
2003/05/23,11:46:00,4869,4870,4868,4869,46
2003/05/23,11:47:00,4868,4869,4868,4869,32
2003/05/23,11:48:00,4868,4869,4866,4866,43
2003/05/23,11:49:00,4866,4869,4866,4868,37
2003/05/23,11:50:00,4866,4869,4866,4869,37
2003/05/23,11:51:00,4869,4871,4869,4870,58
2003/05/23,11:52:00,4871,4875,4871,4875,46
2003/05/23,11:53:00,4874,4875,4874,4875,51
2003/05/23,11:54:00,4874,4875,4872,4872,50
2003/05/23,11:55:00,4872,4874,4871,4873,18
2003/05/23,11:56:00,4871,4873,4870,4870,37
2003/05/23,11:57:00,4870,4870,4868,4868,35
2003/05/23,11:58:00,4869,4869,4867,4868,43
2003/05/23,11:59:00,4868,4869,4867,4869,38
2003/05/23,12:00:00,4867,4872,4867,4870,37
2003/05/23,12:01:00,4870,4874,4869,4871,27
2003/05/23,12:02:00,4872,4873,4870,4872,16
2003/05/23,12:03:00,4871,4872,4869,4869,26
2003/05/23,12:04:00,4869,4871,4869,4869,36
2003/05/23,12:05:00,4871,4872,4869,4871,18
2003/05/23,12:06:00,4871,4872,4870,4872,25
2003/05/23,12:07:00,4872,4874,4870,4872,31
2003/05/23,12:08:00,4874,4876,4874,4876,65
2003/05/23,12:09:00,4876,4879,4875,4878,119
2003/05/23,12:10:00,4879,4881,4878,4881,50
2003/05/23,12:11:00,4879,4881,4878,4880,53
2003/05/23,12:12:00,4880,4880,4875,4876,27
2003/05/23,12:13:00,4875,4875,4873,4873,11
2003/05/23,12:14:00,4872,4875,4869,4872,37
2003/05/23,12:15:00,4871,4871,4866,4866,93
2003/05/23,12:16:00,4866,4868,4861,4863,99
2003/05/23,12:17:00,4863,4867,4862,4867,40
2003/05/23,12:18:00,4864,4868,4864,4866,21
2003/05/23,12:19:00,4867,4868,4866,4867,12
2003/05/23,12:20:00,4868,4868,4866,4867,22
2003/05/23,12:21:00,4869,4869,4867,4867,14
2003/05/23,12:22:00,4869,4869,4867,4869,14
2003/05/23,12:23:00,4869,4870,4869,4869,14
2003/05/23,12:24:00,4869,4870,4869,4870,15
2003/05/23,12:25:00,4870,4871,4868,4868,28
2003/05/23,12:26:00,4868,4869,4866,4867,35
2003/05/23,12:27:00,4867,4867,4863,4863,76
2003/05/23,12:28:00,4864,4866,4862,4865,40
2003/05/23,12:29:00,4864,4867,4864,4867,48
2003/05/23,12:30:00,4867,4868,4867,4867,23
2003/05/23,12:31:00,4867,4868,4866,4867,24
2003/05/23,12:32:00,4868,4868,4867,4868,32
2003/05/23,12:33:00,4868,4871,4868,4869,59
2003/05/23,12:34:00,4871,4876,4869,4873,83
2003/05/23,12:35:00,4873,4876,4872,4876,24
2003/05/23,12:36:00,4875,4876,4873,4873,43
2003/05/23,12:37:00,4874,4874,4871,4873,31
2003/05/23,12:38:00,4872,4874,4872,4874,28
2003/05/23,12:39:00,4874,4874,4871,4872,86
2003/05/23,12:40:00,4872,4874,4872,4872,53
2003/05/23,12:41:00,4873,4878,4873,4878,100
2003/05/23,12:42:00,4878,4879,4877,4878,60
2003/05/23,12:43:00,4878,4881,4878,4880,96
2003/05/23,12:44:00,4879,4880,4879,4879,44
2003/05/23,12:45:00,4880,4880,4878,4879,38
2003/05/23,12:46:00,4879,4881,4878,4881,57
2003/05/23,12:47:00,4881,4883,4879,4880,74
2003/05/23,12:48:00,4881,4884,4881,4883,74
2003/05/23,12:49:00,4884,4884,4882,4883,64
2003/05/23,12:50:00,4883,4886,4881,4886,147
2003/05/23,12:51:00,4882,4885,4882,4885,48
2003/05/23,12:52:00,4884,4886,4883,4883,50
2003/05/23,12:53:00,4883,4885,4882,4884,33
2003/05/23,12:54:00,4883,4885,4883,4885,34
2003/05/23,12:55:00,4883,4884,4881,4881,35
2003/05/23,12:56:00,4881,4882,4879,4879,39
2003/05/23,12:57:00,4879,4880,4878,4878,32
2003/05/23,12:58:00,4878,4880,4878,4878,29
2003/05/23,12:59:00,4878,4878,4873,4873,67
2003/05/23,13:00:00,4876,4876,4875,4876,24
2003/05/23,13:01:00,4876,4878,4875,4876,18
2003/05/23,13:02:00,4876,4878,4874,4874,42
2003/05/23,13:03:00,4876,4876,4874,4875,14
2003/05/23,13:04:00,4876,4876,4874,4874,17
2003/05/23,13:05:00,4874,4876,4874,4876,10
2003/05/23,13:06:00,4875,4876,4874,4874,32
2003/05/23,13:07:00,4875,4875,4871,4871,57
2003/05/23,13:08:00,4872,4873,4871,4872,54
2003/05/23,13:09:00,4871,4873,4869,4871,46
2003/05/23,13:10:00,4869,4873,4869,4873,53
2003/05/23,13:11:00,4873,4875,4872,4875,15
2003/05/23,13:12:00,4873,4875,4872,4875,54
2003/05/23,13:13:00,4875,4876,4875,4876,55
2003/05/23,13:14:00,4875,4879,4875,4879,98
2003/05/23,13:15:00,4877,4879,4875,4877,18
2003/05/23,13:16:00,4877,4878,4876,4876,36
2003/05/23,13:17:00,4876,4876,4873,4874,46
2003/05/23,13:18:00,4872,4874,4870,4870,71
2003/05/23,13:19:00,4870,4871,4868,4868,59
2003/05/23,13:20:00,4869,4870,4868,4868,42
2003/05/23,13:21:00,4869,4873,4869,4870,30
2003/05/23,13:22:00,4873,4875,4871,4873,19
2003/05/23,13:23:00,4874,4874,4871,4871,21
2003/05/23,13:24:00,4872,4875,4871,4875,29
2003/05/23,13:25:00,4875,4878,4874,4878,89
2003/05/23,13:26:00,4877,4879,4875,4878,60
2003/05/23,13:27:00,4878,4879,4877,4879,35
2003/05/23,13:28:00,4880,4880,4878,4880,37
2003/05/23,13:29:00,4878,4880,4877,4877,40
2003/05/23,13:30:00,4877,4880,4877,4880,41
2003/05/23,13:31:00,4879,4884,4879,4881,222
2003/05/23,13:32:00,4882,4883,4880,4882,123
2003/05/23,13:33:00,4882,4882,4878,4879,95
2003/05/23,13:34:00,4881,4881,4877,4877,104
2003/05/23,13:35:00,4878,4878,4873,4876,123
2003/05/23,13:36:00,4876,4878,4872,4875,77
2003/05/23,13:37:00,4875,4878,4875,4878,72
2003/05/23,13:38:00,4878,4879,4876,4878,76
2003/05/23,13:39:00,4878,4880,4877,4880,84
2003/05/23,13:40:00,4880,4880,4878,4879,121
2003/05/23,13:41:00,4879,4879,4879,4879,0
2003/05/23,13:42:00,4879,4879,4879,4879,0
2003/05/23,13:43:00,4879,4879,4879,4879,0
2003/05/23,13:44:00,4879,4879,4879,4879,0
2003/05/23,13:45:00,4886,4886,4886,4886,849
