Date,Time,Open,High,Low,Close,Volume
2001/01/09,08:46:00,5221,5229,5221,5229,40
2001/01/09,08:47:00,5235,5235,5226,5230,41
2001/01/09,08:48:00,5235,5240,5231,5240,26
2001/01/09,08:49:00,5240,5244,5240,5240,31
2001/01/09,08:50:00,5246,5246,5237,5237,46
2001/01/09,08:51:00,5238,5240,5237,5237,34
2001/01/09,08:52:00,5237,5240,5236,5236,37
2001/01/09,08:53:00,5236,5238,5236,5238,25
2001/01/09,08:54:00,5238,5240,5238,5240,26
2001/01/09,08:55:00,5240,5242,5240,5240,28
2001/01/09,08:56:00,5240,5245,5240,5245,40
2001/01/09,08:57:00,5245,5249,5245,5248,26
2001/01/09,08:58:00,5249,5250,5248,5249,48
2001/01/09,08:59:00,5251,5251,5250,5250,38
2001/01/09,09:00:00,5249,5249,5243,5243,67
2001/01/09,09:01:00,5244,5250,5244,5250,34
2001/01/09,09:02:00,5250,5259,5246,5246,36
2001/01/09,09:03:00,5259,5259,5253,5253,42
2001/01/09,09:04:00,5250,5250,5245,5245,70
2001/01/09,09:05:00,5244,5244,5240,5240,47
2001/01/09,09:06:00,5240,5240,5232,5232,78
2001/01/09,09:07:00,5232,5235,5225,5225,63
2001/01/09,09:08:00,5225,5235,5224,5235,66
2001/01/09,09:09:00,5231,5240,5231,5240,61
2001/01/09,09:10:00,5249,5249,5240,5248,52
2001/01/09,09:11:00,5246,5250,5240,5245,56
2001/01/09,09:12:00,5250,5260,5250,5260,104
2001/01/09,09:13:00,5260,5266,5260,5266,63
2001/01/09,09:14:00,5266,5268,5265,5266,64
2001/01/09,09:15:00,5265,5266,5262,5266,61
2001/01/09,09:16:00,5268,5280,5268,5280,140
2001/01/09,09:17:00,5275,5280,5270,5275,109
2001/01/09,09:18:00,5271,5275,5270,5271,46
2001/01/09,09:19:00,5271,5271,5268,5268,58
2001/01/09,09:20:00,5268,5268,5265,5268,57
2001/01/09,09:21:00,5271,5271,5268,5269,42
2001/01/09,09:22:00,5268,5270,5266,5268,48
2001/01/09,09:23:00,5268,5275,5266,5269,81
2001/01/09,09:24:00,5270,5285,5267,5285,89
2001/01/09,09:25:00,5286,5299,5286,5299,150
2001/01/09,09:26:00,5299,5300,5296,5300,103
2001/01/09,09:27:00,5300,5305,5299,5299,87
2001/01/09,09:28:00,5299,5299,5289,5289,41
2001/01/09,09:29:00,5282,5294,5282,5287,38
2001/01/09,09:30:00,5289,5289,5285,5285,52
2001/01/09,09:31:00,5283,5285,5280,5280,61
2001/01/09,09:32:00,5280,5285,5280,5283,36
2001/01/09,09:33:00,5281,5282,5280,5280,55
2001/01/09,09:34:00,5280,5285,5280,5285,36
2001/01/09,09:35:00,5282,5285,5282,5285,28
2001/01/09,09:36:00,5285,5286,5285,5285,23
2001/01/09,09:37:00,5285,5290,5282,5282,39
2001/01/09,09:38:00,5282,5290,5281,5281,33
2001/01/09,09:39:00,5281,5284,5279,5279,20
2001/01/09,09:40:00,5275,5275,5261,5264,54
2001/01/09,09:41:00,5265,5269,5265,5269,9
2001/01/09,09:42:00,5270,5275,5270,5271,20
2001/01/09,09:43:00,5271,5271,5264,5264,36
2001/01/09,09:44:00,5264,5265,5260,5260,64
2001/01/09,09:45:00,5260,5269,5260,5269,31
2001/01/09,09:46:00,5261,5265,5261,5265,21
2001/01/09,09:47:00,5269,5285,5269,5285,38
2001/01/09,09:48:00,5290,5290,5275,5275,48
2001/01/09,09:49:00,5284,5294,5276,5294,81
2001/01/09,09:50:00,5295,5296,5290,5295,49
2001/01/09,09:51:00,5295,5299,5291,5299,49
2001/01/09,09:52:00,5295,5300,5295,5300,124
2001/01/09,09:53:00,5300,5305,5300,5300,70
2001/01/09,09:54:00,5298,5300,5298,5300,34
2001/01/09,09:55:00,5299,5299,5291,5291,30
2001/01/09,09:56:00,5290,5290,5280,5290,29
2001/01/09,09:57:00,5290,5290,5289,5289,28
2001/01/09,09:58:00,5288,5294,5288,5294,13
2001/01/09,09:59:00,5286,5291,5286,5288,13
2001/01/09,10:00:00,5286,5289,5285,5289,19
2001/01/09,10:01:00,5290,5294,5290,5293,21
2001/01/09,10:02:00,5290,5290,5286,5290,20
2001/01/09,10:03:00,5290,5290,5286,5286,12
2001/01/09,10:04:00,5285,5285,5280,5280,31
2001/01/09,10:05:00,5280,5285,5280,5281,15
2001/01/09,10:06:00,5284,5290,5284,5290,32
2001/01/09,10:07:00,5284,5284,5281,5281,33
2001/01/09,10:08:00,5281,5285,5280,5280,11
2001/01/09,10:09:00,5280,5285,5280,5285,15
2001/01/09,10:10:00,5280,5280,5276,5276,32
2001/01/09,10:11:00,5280,5280,5276,5276,20
2001/01/09,10:12:00,5276,5276,5265,5270,33
2001/01/09,10:13:00,5279,5279,5270,5275,16
2001/01/09,10:14:00,5270,5277,5268,5277,17
2001/01/09,10:15:00,5267,5278,5267,5275,21
2001/01/09,10:16:00,5275,5276,5273,5276,7
2001/01/09,10:17:00,5270,5280,5270,5280,30
2001/01/09,10:18:00,5281,5289,5281,5289,21
2001/01/09,10:19:00,5289,5290,5289,5290,23
2001/01/09,10:20:00,5290,5290,5289,5290,45
2001/01/09,10:21:00,5290,5290,5289,5290,45
2001/01/09,10:22:00,5290,5294,5290,5290,40
2001/01/09,10:23:00,5286,5295,5286,5295,53
2001/01/09,10:24:00,5295,5300,5295,5300,204
2001/01/09,10:25:00,5300,5300,5298,5300,96
2001/01/09,10:26:00,5298,5298,5295,5295,38
2001/01/09,10:27:00,5291,5295,5291,5295,24
2001/01/09,10:28:00,5291,5294,5287,5287,17
2001/01/09,10:29:00,5285,5293,5285,5290,19
2001/01/09,10:30:00,5290,5290,5286,5287,17
2001/01/09,10:31:00,5290,5290,5286,5286,21
2001/01/09,10:32:00,5286,5286,5285,5285,14
2001/01/09,10:33:00,5286,5290,5285,5290,17
2001/01/09,10:34:00,5286,5290,5286,5288,11
2001/01/09,10:35:00,5290,5295,5290,5292,17
2001/01/09,10:36:00,5291,5295,5290,5290,10
2001/01/09,10:37:00,5293,5295,5290,5295,13
2001/01/09,10:38:00,5286,5287,5285,5287,28
2001/01/09,10:39:00,5285,5285,5281,5282,30
2001/01/09,10:40:00,5285,5285,5281,5285,19
2001/01/09,10:41:00,5286,5295,5286,5290,19
2001/01/09,10:42:00,5289,5295,5289,5295,13
2001/01/09,10:43:00,5295,5299,5295,5295,36
2001/01/09,10:44:00,5299,5299,5297,5297,23
2001/01/09,10:45:00,5296,5296,5290,5290,17
2001/01/09,10:46:00,5295,5295,5290,5294,25
2001/01/09,10:47:00,5290,5295,5290,5295,17
2001/01/09,10:48:00,5296,5300,5296,5300,41
2001/01/09,10:49:00,5305,5317,5305,5314,150
2001/01/09,10:50:00,5320,5320,5319,5319,109
2001/01/09,10:51:00,5315,5325,5315,5325,109
2001/01/09,10:52:00,5329,5331,5323,5330,121
2001/01/09,10:53:00,5327,5334,5327,5334,88
2001/01/09,10:54:00,5331,5335,5330,5334,59
2001/01/09,10:55:00,5331,5332,5328,5332,44
2001/01/09,10:56:00,5332,5334,5330,5334,50
2001/01/09,10:57:00,5333,5340,5333,5340,74
2001/01/09,10:58:00,5340,5340,5335,5335,98
2001/01/09,10:59:00,5333,5335,5315,5315,67
2001/01/09,11:00:00,5315,5329,5315,5329,24
2001/01/09,11:01:00,5320,5325,5316,5320,11
2001/01/09,11:02:00,5319,5320,5318,5318,30
2001/01/09,11:03:00,5318,5318,5316,5317,56
2001/01/09,11:04:00,5320,5320,5310,5310,77
2001/01/09,11:05:00,5311,5320,5311,5313,67
2001/01/09,11:06:00,5312,5312,5311,5311,39
2001/01/09,11:07:00,5311,5311,5306,5309,38
2001/01/09,11:08:00,5305,5309,5303,5309,42
2001/01/09,11:09:00,5305,5320,5305,5320,87
2001/01/09,11:10:00,5322,5322,5310,5310,36
2001/01/09,11:11:00,5315,5315,5311,5311,22
2001/01/09,11:12:00,5315,5318,5312,5314,22
2001/01/09,11:13:00,5312,5314,5311,5311,33
2001/01/09,11:14:00,5312,5312,5311,5311,34
2001/01/09,11:15:00,5310,5310,5305,5305,44
2001/01/09,11:16:00,5302,5302,5301,5301,47
2001/01/09,11:17:00,5300,5301,5296,5296,59
2001/01/09,11:18:00,5299,5310,5299,5310,86
2001/01/09,11:19:00,5304,5304,5300,5300,31
2001/01/09,11:20:00,5295,5295,5290,5290,91
2001/01/09,11:21:00,5290,5290,5285,5285,41
2001/01/09,11:22:00,5286,5286,5280,5280,64
2001/01/09,11:23:00,5281,5285,5280,5281,52
2001/01/09,11:24:00,5290,5290,5280,5285,65
2001/01/09,11:25:00,5285,5285,5280,5280,50
2001/01/09,11:26:00,5276,5280,5276,5280,73
2001/01/09,11:27:00,5281,5285,5280,5285,52
2001/01/09,11:28:00,5280,5280,5280,5280,39
2001/01/09,11:29:00,5280,5280,5275,5275,56
2001/01/09,11:30:00,5275,5279,5271,5271,57
2001/01/09,11:31:00,5270,5280,5270,5280,70
2001/01/09,11:32:00,5270,5279,5270,5273,21
2001/01/09,11:33:00,5275,5280,5275,5275,28
2001/01/09,11:34:00,5280,5280,5271,5280,43
2001/01/09,11:35:00,5280,5286,5276,5286,20
2001/01/09,11:36:00,5285,5290,5285,5290,51
2001/01/09,11:37:00,5289,5290,5288,5288,40
2001/01/09,11:38:00,5288,5290,5285,5285,70
2001/01/09,11:39:00,5288,5296,5288,5296,41
2001/01/09,11:40:00,5298,5298,5291,5293,27
2001/01/09,11:41:00,5293,5296,5292,5296,48
2001/01/09,11:42:00,5295,5295,5290,5290,32
2001/01/09,11:43:00,5290,5290,5280,5280,71
2001/01/09,11:44:00,5280,5281,5277,5278,24
2001/01/09,11:45:00,5276,5276,5275,5276,34
2001/01/09,11:46:00,5275,5286,5275,5280,67
2001/01/09,11:47:00,5275,5278,5275,5275,35
2001/01/09,11:48:00,5275,5279,5275,5275,61
2001/01/09,11:49:00,5275,5279,5273,5273,24
2001/01/09,11:50:00,5274,5274,5270,5270,54
2001/01/09,11:51:00,5270,5270,5269,5269,123
2001/01/09,11:52:00,5267,5267,5260,5260,110
2001/01/09,11:53:00,5255,5260,5251,5258,78
2001/01/09,11:54:00,5254,5256,5252,5253,50
2001/01/09,11:55:00,5252,5252,5248,5248,108
2001/01/09,11:56:00,5246,5250,5245,5250,95
2001/01/09,11:57:00,5250,5260,5250,5260,44
2001/01/09,11:58:00,5259,5266,5259,5264,48
2001/01/09,11:59:00,5269,5269,5264,5268,44
2001/01/09,12:00:00,5268,5268,5265,5268,49
2001/01/09,12:01:00,5268,5279,5268,5279,44
2001/01/09,12:02:00,5280,5280,5273,5278,52
2001/01/09,12:03:00,5277,5277,5275,5275,12
2001/01/09,12:04:00,5273,5276,5271,5276,23
2001/01/09,12:05:00,5277,5277,5273,5273,27
2001/01/09,12:06:00,5271,5276,5270,5270,31
2001/01/09,12:07:00,5276,5281,5273,5273,59
2001/01/09,12:08:00,5273,5276,5273,5276,24
2001/01/09,12:09:00,5279,5280,5275,5279,42
2001/01/09,12:10:00,5285,5287,5280,5285,32
2001/01/09,12:11:00,5279,5280,5279,5279,23
2001/01/09,12:12:00,5279,5290,5279,5290,49
2001/01/09,12:13:00,5290,5290,5281,5288,39
2001/01/09,12:14:00,5285,5295,5285,5295,37
2001/01/09,12:15:00,5295,5295,5290,5290,44
2001/01/09,12:16:00,5293,5295,5288,5294,29
2001/01/09,12:17:00,5292,5294,5285,5290,40
2001/01/09,12:18:00,5290,5295,5290,5295,31
2001/01/09,12:19:00,5290,5299,5290,5299,36
2001/01/09,12:20:00,5299,5300,5299,5300,73
2001/01/09,12:21:00,5300,5300,5291,5299,34
2001/01/09,12:22:00,5299,5299,5290,5290,24
2001/01/09,12:23:00,5290,5295,5286,5289,17
2001/01/09,12:24:00,5295,5295,5289,5290,10
2001/01/09,12:25:00,5290,5294,5289,5294,10
2001/01/09,12:26:00,5287,5300,5287,5298,50
2001/01/09,12:27:00,5298,5298,5290,5292,14
2001/01/09,12:28:00,5292,5292,5285,5285,25
2001/01/09,12:29:00,5285,5285,5282,5285,11
2001/01/09,12:30:00,5285,5285,5281,5281,23
2001/01/09,12:31:00,5281,5285,5281,5282,29
2001/01/09,12:32:00,5284,5284,5280,5280,44
2001/01/09,12:33:00,5282,5285,5280,5280,34
2001/01/09,12:34:00,5285,5286,5282,5285,20
2001/01/09,12:35:00,5285,5287,5285,5285,13
2001/01/09,12:36:00,5285,5285,5283,5283,15
2001/01/09,12:37:00,5283,5293,5283,5285,37
2001/01/09,12:38:00,5295,5310,5295,5310,129
2001/01/09,12:39:00,5310,5315,5310,5315,60
2001/01/09,12:40:00,5315,5325,5315,5325,140
2001/01/09,12:41:00,5325,5329,5320,5329,87
2001/01/09,12:42:00,5329,5330,5320,5320,102
2001/01/09,12:43:00,5319,5320,5316,5316,33
2001/01/09,12:44:00,5320,5322,5315,5320,55
2001/01/09,12:45:00,5316,5319,5316,5316,34
2001/01/09,12:46:00,5316,5325,5316,5325,29
2001/01/09,12:47:00,5320,5320,5320,5320,9
2001/01/09,12:48:00,5317,5317,5311,5311,20
2001/01/09,12:49:00,5312,5314,5310,5310,17
2001/01/09,12:50:00,5314,5320,5310,5320,41
2001/01/09,12:51:00,5320,5328,5320,5328,46
2001/01/09,12:52:00,5328,5329,5325,5329,35
2001/01/09,12:53:00,5329,5330,5325,5330,60
2001/01/09,12:54:00,5335,5340,5335,5340,78
2001/01/09,12:55:00,5340,5345,5340,5340,63
2001/01/09,12:56:00,5345,5345,5336,5336,58
2001/01/09,12:57:00,5335,5337,5334,5336,22
2001/01/09,12:58:00,5331,5333,5328,5328,30
2001/01/09,12:59:00,5328,5334,5321,5321,37
2001/01/09,13:00:00,5322,5326,5320,5320,30
2001/01/09,13:01:00,5320,5320,5310,5311,36
2001/01/09,13:02:00,5315,5315,5311,5311,51
2001/01/09,13:03:00,5315,5315,5312,5315,33
2001/01/09,13:04:00,5315,5317,5315,5317,31
2001/01/09,13:05:00,5315,5319,5315,5317,21
2001/01/09,13:06:00,5317,5336,5317,5336,49
2001/01/09,13:07:00,5340,5349,5340,5349,97
2001/01/09,13:08:00,5350,5358,5350,5356,174
2001/01/09,13:09:00,5356,5358,5351,5356,91
2001/01/09,13:10:00,5352,5356,5350,5350,39
2001/01/09,13:11:00,5350,5350,5345,5350,40
2001/01/09,13:12:00,5351,5360,5351,5360,78
2001/01/09,13:13:00,5360,5375,5360,5369,106
2001/01/09,13:14:00,5365,5374,5365,5372,79
2001/01/09,13:15:00,5372,5373,5366,5373,52
2001/01/09,13:16:00,5369,5372,5367,5368,56
2001/01/09,13:17:00,5368,5368,5366,5366,40
2001/01/09,13:18:00,5369,5370,5365,5370,42
2001/01/09,13:19:00,5370,5370,5364,5364,32
2001/01/09,13:20:00,5365,5370,5362,5362,42
2001/01/09,13:21:00,5366,5373,5366,5373,28
2001/01/09,13:22:00,5370,5375,5370,5375,42
2001/01/09,13:23:00,5375,5378,5375,5378,73
2001/01/09,13:24:00,5380,5387,5380,5387,96
2001/01/09,13:25:00,5387,5387,5375,5375,71
2001/01/09,13:26:00,5380,5380,5372,5375,36
2001/01/09,13:27:00,5380,5384,5374,5384,56
2001/01/09,13:28:00,5380,5390,5380,5390,120
2001/01/09,13:29:00,5396,5400,5396,5400,135
2001/01/09,13:30:00,5418,5419,5410,5410,89
2001/01/09,13:31:00,5400,5400,5400,5400,61
2001/01/09,13:32:00,5401,5409,5401,5408,57
2001/01/09,13:33:00,5408,5411,5408,5409,60
2001/01/09,13:34:00,5412,5415,5412,5415,65
2001/01/09,13:35:00,5412,5418,5412,5418,75
2001/01/09,13:36:00,5415,5415,5408,5410,81
2001/01/09,13:37:00,5405,5416,5405,5415,52
2001/01/09,13:38:00,5416,5417,5415,5415,80
2001/01/09,13:39:00,5415,5417,5413,5415,57
2001/01/09,13:40:00,5413,5417,5411,5411,75
2001/01/09,13:41:00,5411,5411,5411,5411,4
2001/01/09,13:42:00,5411,5411,5411,5411,0
2001/01/09,13:43:00,5411,5411,5411,5411,0
2001/01/09,13:44:00,5411,5411,5411,5411,0
2001/01/09,13:45:00,5400,5400,5400,5400,325
