Date,Time,Open,High,Low,Close,Volume
2001/01/12,08:46:00,5385,5385,5371,5382,52
2001/01/12,08:47:00,5384,5385,5383,5384,40
2001/01/12,08:48:00,5384,5386,5381,5386,32
2001/01/12,08:49:00,5389,5390,5389,5389,30
2001/01/12,08:50:00,5389,5390,5389,5390,39
2001/01/12,08:51:00,5388,5390,5388,5390,21
2001/01/12,08:52:00,5390,5392,5390,5390,26
2001/01/12,08:53:00,5392,5393,5390,5390,24
2001/01/12,08:54:00,5390,5390,5389,5389,18
2001/01/12,08:55:00,5389,5390,5388,5388,20
2001/01/12,08:56:00,5386,5388,5385,5385,26
2001/01/12,08:57:00,5385,5385,5375,5383,62
2001/01/12,08:58:00,5381,5383,5381,5381,11
2001/01/12,08:59:00,5385,5385,5381,5384,22
2001/01/12,09:00:00,5390,5390,5389,5389,45
2001/01/12,09:01:00,5387,5390,5386,5387,33
2001/01/12,09:02:00,5385,5385,5379,5379,45
2001/01/12,09:03:00,5366,5366,5355,5361,101
2001/01/12,09:04:00,5370,5374,5365,5365,36
2001/01/12,09:05:00,5361,5362,5356,5356,70
2001/01/12,09:06:00,5352,5356,5351,5351,41
2001/01/12,09:07:00,5351,5351,5345,5345,50
2001/01/12,09:08:00,5346,5346,5345,5346,57
2001/01/12,09:09:00,5348,5352,5348,5352,50
2001/01/12,09:10:00,5360,5360,5355,5359,47
2001/01/12,09:11:00,5360,5360,5355,5358,30
2001/01/12,09:12:00,5360,5360,5357,5360,40
2001/01/12,09:13:00,5364,5368,5361,5363,25
2001/01/12,09:14:00,5360,5363,5358,5360,28
2001/01/12,09:15:00,5361,5364,5351,5355,44
2001/01/12,09:16:00,5355,5355,5350,5351,35
2001/01/12,09:17:00,5352,5352,5339,5339,67
2001/01/12,09:18:00,5338,5338,5330,5330,39
2001/01/12,09:19:00,5333,5333,5323,5324,51
2001/01/12,09:20:00,5324,5329,5323,5326,41
2001/01/12,09:21:00,5326,5330,5325,5325,47
2001/01/12,09:22:00,5335,5335,5320,5320,64
2001/01/12,09:23:00,5320,5320,5310,5310,72
2001/01/12,09:24:00,5310,5311,5306,5311,68
2001/01/12,09:25:00,5311,5316,5311,5316,60
2001/01/12,09:26:00,5318,5318,5311,5311,34
2001/01/12,09:27:00,5311,5318,5311,5318,60
2001/01/12,09:28:00,5316,5316,5316,5316,46
2001/01/12,09:29:00,5317,5320,5317,5320,50
2001/01/12,09:30:00,5320,5322,5320,5322,34
2001/01/12,09:31:00,5323,5323,5320,5320,32
2001/01/12,09:32:00,5317,5319,5310,5310,52
2001/01/12,09:33:00,5310,5310,5302,5308,78
2001/01/12,09:34:00,5308,5310,5308,5308,20
2001/01/12,09:35:00,5308,5310,5302,5302,39
2001/01/12,09:36:00,5306,5306,5300,5300,65
2001/01/12,09:37:00,5298,5298,5290,5290,55
2001/01/12,09:38:00,5290,5290,5287,5287,57
2001/01/12,09:39:00,5290,5292,5285,5286,58
2001/01/12,09:40:00,5285,5290,5285,5290,42
2001/01/12,09:41:00,5297,5297,5290,5290,26
2001/01/12,09:42:00,5290,5297,5290,5295,32
2001/01/12,09:43:00,5295,5298,5295,5298,26
2001/01/12,09:44:00,5298,5300,5298,5300,86
2001/01/12,09:45:00,5301,5309,5301,5309,46
2001/01/12,09:46:00,5310,5310,5308,5309,43
2001/01/12,09:47:00,5309,5309,5306,5306,27
2001/01/12,09:48:00,5306,5306,5301,5305,25
2001/01/12,09:49:00,5305,5306,5301,5301,25
2001/01/12,09:50:00,5300,5307,5300,5307,17
2001/01/12,09:51:00,5310,5310,5310,5310,42
2001/01/12,09:52:00,5310,5317,5310,5312,65
2001/01/12,09:53:00,5312,5319,5312,5313,32
2001/01/12,09:54:00,5314,5314,5310,5311,36
2001/01/12,09:55:00,5310,5312,5309,5310,42
2001/01/12,09:56:00,5307,5307,5300,5300,44
2001/01/12,09:57:00,5306,5306,5301,5301,43
2001/01/12,09:58:00,5308,5308,5300,5301,28
2001/01/12,09:59:00,5300,5300,5298,5300,19
2001/01/12,10:00:00,5300,5300,5292,5292,28
2001/01/12,10:01:00,5300,5300,5297,5297,21
2001/01/12,10:02:00,5297,5300,5297,5300,30
2001/01/12,10:03:00,5308,5309,5302,5309,15
2001/01/12,10:04:00,5309,5317,5309,5317,56
2001/01/12,10:05:00,5318,5325,5318,5325,87
2001/01/12,10:06:00,5325,5327,5325,5327,54
2001/01/12,10:07:00,5328,5330,5328,5329,48
2001/01/12,10:08:00,5329,5329,5324,5324,49
2001/01/12,10:09:00,5324,5324,5320,5320,41
2001/01/12,10:10:00,5320,5322,5320,5321,31
2001/01/12,10:11:00,5320,5329,5320,5326,40
2001/01/12,10:12:00,5328,5328,5322,5325,28
2001/01/12,10:13:00,5326,5326,5325,5325,20
2001/01/12,10:14:00,5325,5327,5325,5327,20
2001/01/12,10:15:00,5326,5326,5323,5323,18
2001/01/12,10:16:00,5325,5326,5322,5322,27
2001/01/12,10:17:00,5324,5324,5318,5318,35
2001/01/12,10:18:00,5318,5322,5318,5322,18
2001/01/12,10:19:00,5324,5325,5321,5325,16
2001/01/12,10:20:00,5327,5330,5327,5330,26
2001/01/12,10:21:00,5330,5330,5330,5330,47
2001/01/12,10:22:00,5330,5330,5328,5328,21
2001/01/12,10:23:00,5325,5326,5320,5320,28
2001/01/12,10:24:00,5311,5315,5305,5306,38
2001/01/12,10:25:00,5306,5315,5306,5311,18
2001/01/12,10:26:00,5315,5315,5310,5310,34
2001/01/12,10:27:00,5310,5314,5310,5312,20
2001/01/12,10:28:00,5311,5312,5309,5309,35
2001/01/12,10:29:00,5309,5309,5306,5306,16
2001/01/12,10:30:00,5309,5310,5309,5310,12
2001/01/12,10:31:00,5310,5312,5309,5312,13
2001/01/12,10:32:00,5310,5311,5310,5310,9
2001/01/12,10:33:00,5309,5315,5307,5310,19
2001/01/12,10:34:00,5315,5315,5311,5311,14
2001/01/12,10:35:00,5306,5306,5300,5300,82
2001/01/12,10:36:00,5300,5300,5292,5295,45
2001/01/12,10:37:00,5292,5295,5292,5295,25
2001/01/12,10:38:00,5298,5300,5295,5300,24
2001/01/12,10:39:00,5300,5300,5298,5299,11
2001/01/12,10:40:00,5300,5309,5300,5309,11
2001/01/12,10:41:00,5301,5308,5301,5308,7
2001/01/12,10:42:00,5303,5310,5300,5310,20
2001/01/12,10:43:00,5310,5310,5296,5296,19
2001/01/12,10:44:00,5303,5305,5303,5305,5
2001/01/12,10:45:00,5309,5309,5309,5309,6
2001/01/12,10:46:00,5305,5305,5305,5305,5
2001/01/12,10:47:00,5310,5310,5309,5309,8
2001/01/12,10:48:00,5310,5310,5300,5300,21
2001/01/12,10:49:00,5300,5301,5300,5301,10
2001/01/12,10:50:00,5301,5301,5300,5301,21
2001/01/12,10:51:00,5305,5309,5302,5302,21
2001/01/12,10:52:00,5305,5308,5301,5308,20
2001/01/12,10:53:00,5301,5301,5300,5301,20
2001/01/12,10:54:00,5301,5301,5296,5300,33
2001/01/12,10:55:00,5296,5296,5293,5293,20
2001/01/12,10:56:00,5296,5300,5294,5296,13
2001/01/12,10:57:00,5305,5305,5292,5292,35
2001/01/12,10:58:00,5291,5292,5289,5292,36
2001/01/12,10:59:00,5287,5291,5286,5289,34
2001/01/12,11:00:00,5287,5287,5286,5286,13
2001/01/12,11:01:00,5289,5292,5287,5292,20
2001/01/12,11:02:00,5298,5298,5291,5291,3
2001/01/12,11:03:00,5291,5292,5291,5291,11
2001/01/12,11:04:00,5291,5291,5289,5290,32
2001/01/12,11:05:00,5291,5300,5291,5300,21
2001/01/12,11:06:00,5300,5309,5300,5308,20
2001/01/12,11:07:00,5308,5314,5308,5310,42
2001/01/12,11:08:00,5310,5310,5310,5310,12
2001/01/12,11:09:00,5310,5310,5307,5307,11
2001/01/12,11:10:00,5305,5310,5305,5310,6
2001/01/12,11:11:00,5308,5308,5307,5307,4
2001/01/12,11:12:00,5307,5307,5305,5305,7
2001/01/12,11:13:00,5307,5308,5305,5308,8
2001/01/12,11:14:00,5310,5315,5310,5315,24
2001/01/12,11:15:00,5310,5320,5310,5320,27
2001/01/12,11:16:00,5320,5320,5320,5320,32
2001/01/12,11:17:00,5322,5324,5320,5320,23
2001/01/12,11:18:00,5320,5320,5319,5320,16
2001/01/12,11:19:00,5320,5325,5320,5325,27
2001/01/12,11:20:00,5322,5323,5315,5315,15
2001/01/12,11:21:00,5315,5320,5315,5320,5
2001/01/12,11:22:00,5321,5321,5290,5317,54
2001/01/12,11:23:00,5301,5320,5301,5317,16
2001/01/12,11:24:00,5314,5314,5310,5310,7
2001/01/12,11:25:00,5305,5306,5304,5306,6
2001/01/12,11:26:00,5310,5314,5310,5314,13
2001/01/12,11:27:00,5315,5316,5315,5315,44
2001/01/12,11:28:00,5316,5316,5310,5310,13
2001/01/12,11:29:00,5306,5306,5300,5300,43
2001/01/12,11:30:00,5302,5302,5301,5301,6
2001/01/12,11:31:00,5300,5305,5300,5301,16
2001/01/12,11:32:00,5301,5304,5301,5302,6
2001/01/12,11:33:00,5302,5305,5302,5305,13
2001/01/12,11:34:00,5305,5305,5302,5302,3
2001/01/12,11:35:00,5305,5307,5303,5307,4
2001/01/12,11:36:00,5303,5303,5303,5303,2
2001/01/12,11:37:00,5303,5303,5301,5301,14
2001/01/12,11:38:00,5301,5303,5301,5303,8
2001/01/12,11:39:00,5302,5308,5302,5308,20
2001/01/12,11:40:00,5306,5310,5306,5310,7
2001/01/12,11:41:00,5313,5315,5313,5315,14
2001/01/12,11:42:00,5315,5315,5310,5310,10
2001/01/12,11:43:00,5310,5310,5305,5305,8
2001/01/12,11:44:00,5305,5305,5305,5305,2
2001/01/12,11:45:00,5301,5307,5301,5301,18
2001/01/12,11:46:00,5303,5306,5302,5306,7
2001/01/12,11:47:00,5309,5309,5303,5303,5
2001/01/12,11:48:00,5305,5305,5302,5302,6
2001/01/12,11:49:00,5302,5302,5291,5291,36
2001/01/12,11:50:00,5290,5290,5290,5290,40
2001/01/12,11:51:00,5290,5290,5290,5290,20
2001/01/12,11:52:00,5290,5295,5290,5295,30
2001/01/12,11:53:00,5291,5293,5291,5293,5
2001/01/12,11:54:00,5292,5294,5292,5294,10
2001/01/12,11:55:00,5295,5295,5291,5291,11
2001/01/12,11:56:00,5292,5295,5292,5295,6
2001/01/12,11:57:00,5299,5300,5292,5300,14
2001/01/12,11:58:00,5305,5305,5299,5301,18
2001/01/12,11:59:00,5301,5304,5297,5297,7
2001/01/12,12:00:00,5304,5304,5295,5295,15
2001/01/12,12:01:00,5293,5295,5293,5295,18
2001/01/12,12:02:00,5299,5300,5295,5295,16
2001/01/12,12:03:00,5295,5295,5291,5291,12
2001/01/12,12:04:00,5291,5291,5281,5281,55
2001/01/12,12:05:00,5280,5280,5270,5270,70
2001/01/12,12:06:00,5271,5275,5271,5275,44
2001/01/12,12:07:00,5275,5280,5274,5280,31
2001/01/12,12:08:00,5274,5280,5274,5280,40
2001/01/12,12:09:00,5283,5283,5280,5281,22
2001/01/12,12:10:00,5283,5283,5280,5281,29
2001/01/12,12:11:00,5285,5289,5285,5289,19
2001/01/12,12:12:00,5289,5298,5289,5290,20
2001/01/12,12:13:00,5291,5291,5285,5290,13
2001/01/12,12:14:00,5290,5290,5290,5290,14
2001/01/12,12:15:00,5286,5288,5286,5288,15
2001/01/12,12:16:00,5289,5290,5289,5290,11
2001/01/12,12:17:00,5290,5290,5287,5290,13
2001/01/12,12:18:00,5290,5290,5285,5285,22
2001/01/12,12:19:00,5281,5281,5280,5280,39
2001/01/12,12:20:00,5280,5285,5280,5285,23
2001/01/12,12:21:00,5282,5282,5274,5274,21
2001/01/12,12:22:00,5272,5272,5270,5270,49
2001/01/12,12:23:00,5270,5270,5269,5269,34
2001/01/12,12:24:00,5269,5270,5269,5270,28
2001/01/12,12:25:00,5271,5275,5270,5270,36
2001/01/12,12:26:00,5270,5272,5270,5270,27
2001/01/12,12:27:00,5280,5280,5271,5273,25
2001/01/12,12:28:00,5272,5275,5271,5275,18
2001/01/12,12:29:00,5280,5282,5277,5277,39
2001/01/12,12:30:00,5278,5280,5276,5280,9
2001/01/12,12:31:00,5280,5280,5280,5280,11
2001/01/12,12:32:00,5284,5284,5280,5280,12
2001/01/12,12:33:00,5280,5282,5275,5275,20
2001/01/12,12:34:00,5276,5281,5276,5281,7
2001/01/12,12:35:00,5276,5279,5275,5275,23
2001/01/12,12:36:00,5275,5279,5275,5279,3
2001/01/12,12:37:00,5278,5280,5275,5280,20
2001/01/12,12:38:00,5275,5276,5275,5275,15
2001/01/12,12:39:00,5275,5276,5275,5276,5
2001/01/12,12:40:00,5279,5280,5276,5276,16
2001/01/12,12:41:00,5275,5279,5272,5275,26
2001/01/12,12:42:00,5272,5272,5269,5269,47
2001/01/12,12:43:00,5268,5268,5260,5262,29
2001/01/12,12:44:00,5261,5265,5260,5265,35
2001/01/12,12:45:00,5260,5261,5258,5261,34
2001/01/12,12:46:00,5265,5265,5259,5259,31
2001/01/12,12:47:00,5258,5262,5258,5262,34
2001/01/12,12:48:00,5263,5267,5263,5267,47
2001/01/12,12:49:00,5266,5269,5265,5269,34
2001/01/12,12:50:00,5270,5270,5267,5268,18
2001/01/12,12:51:00,5269,5272,5269,5272,20
2001/01/12,12:52:00,5270,5273,5270,5271,31
2001/01/12,12:53:00,5271,5273,5271,5273,7
2001/01/12,12:54:00,5271,5274,5271,5274,14
2001/01/12,12:55:00,5274,5275,5271,5275,29
2001/01/12,12:56:00,5275,5275,5275,5275,17
2001/01/12,12:57:00,5276,5280,5276,5280,31
2001/01/12,12:58:00,5280,5280,5276,5276,24
2001/01/12,12:59:00,5276,5280,5276,5280,8
2001/01/12,13:00:00,5280,5280,5277,5279,19
2001/01/12,13:01:00,5276,5279,5276,5279,35
2001/01/12,13:02:00,5285,5300,5285,5300,104
2001/01/12,13:03:00,5305,5309,5298,5309,45
2001/01/12,13:04:00,5310,5310,5303,5307,21
2001/01/12,13:05:00,5305,5307,5305,5307,60
2001/01/12,13:06:00,5307,5309,5306,5309,40
2001/01/12,13:07:00,5302,5305,5293,5293,40
2001/01/12,13:08:00,5291,5293,5291,5293,22
2001/01/12,13:09:00,5294,5307,5294,5300,34
2001/01/12,13:10:00,5300,5305,5300,5300,12
2001/01/12,13:11:00,5300,5301,5299,5299,9
2001/01/12,13:12:00,5300,5300,5294,5299,13
2001/01/12,13:13:00,5299,5300,5296,5297,25
2001/01/12,13:14:00,5300,5300,5297,5300,32
2001/01/12,13:15:00,5298,5300,5298,5300,12
2001/01/12,13:16:00,5298,5300,5298,5298,33
2001/01/12,13:17:00,5297,5297,5294,5294,17
2001/01/12,13:18:00,5292,5297,5292,5297,37
2001/01/12,13:19:00,5297,5298,5291,5298,23
2001/01/12,13:20:00,5290,5300,5290,5300,10
2001/01/12,13:21:00,5300,5300,5296,5300,30
2001/01/12,13:22:00,5305,5323,5305,5323,119
2001/01/12,13:23:00,5328,5330,5328,5329,90
2001/01/12,13:24:00,5338,5338,5328,5334,98
2001/01/12,13:25:00,5337,5340,5335,5340,77
2001/01/12,13:26:00,5340,5341,5339,5341,53
2001/01/12,13:27:00,5340,5343,5340,5340,47
2001/01/12,13:28:00,5340,5343,5340,5340,65
2001/01/12,13:29:00,5339,5339,5323,5323,50
2001/01/12,13:30:00,5323,5330,5323,5323,24
2001/01/12,13:31:00,5329,5330,5326,5330,24
2001/01/12,13:32:00,5330,5330,5330,5330,34
2001/01/12,13:33:00,5326,5331,5326,5331,36
2001/01/12,13:34:00,5338,5346,5338,5346,101
2001/01/12,13:35:00,5349,5350,5345,5345,77
2001/01/12,13:36:00,5346,5350,5346,5349,45
2001/01/12,13:37:00,5349,5349,5348,5349,26
2001/01/12,13:38:00,5348,5351,5348,5351,54
2001/01/12,13:39:00,5354,5360,5354,5360,54
2001/01/12,13:40:00,5356,5365,5356,5360,81
2001/01/12,13:41:00,5365,5365,5365,5365,6
2001/01/12,13:42:00,5365,5365,5365,5365,0
2001/01/12,13:43:00,5365,5365,5365,5365,0
2001/01/12,13:44:00,5365,5365,5365,5365,0
2001/01/12,13:45:00,5378,5378,5378,5378,271
