Date,Time,Open,High,Low,Close,Volume
2004/03/29,08:50:00,6922,6923,6798,6823,2786
2004/03/29,08:55:00,6824,6828,6806,6815,1738
2004/03/29,09:00:00,6815,6822,6814,6821,1183
2004/03/29,09:05:00,6820,6852,6818,6831,1816
2004/03/29,09:10:00,6831,6858,6825,6853,1625
2004/03/29,09:15:00,6851,6866,6848,6866,1530
2004/03/29,09:20:00,6864,6882,6859,6863,2277
2004/03/29,09:25:00,6864,6866,6856,6858,598
2004/03/29,09:30:00,6856,6861,6849,6857,990
2004/03/29,09:35:00,6857,6878,6856,6877,1030
2004/03/29,09:40:00,6877,6881,6863,6872,675
2004/03/29,09:45:00,6872,6908,6870,6894,1279
2004/03/29,09:50:00,6894,6908,6893,6899,1278
2004/03/29,09:55:00,6899,6922,6896,6917,1313
2004/03/29,10:00:00,6916,6918,6902,6909,835
2004/03/29,10:05:00,6908,6940,6907,6932,1159
2004/03/29,10:10:00,6931,6951,6918,6921,1654
2004/03/29,10:15:00,6919,6932,6919,6927,382
2004/03/29,10:20:00,6927,6928,6914,6920,504
2004/03/29,10:25:00,6926,6928,6914,6914,315
2004/03/29,10:30:00,6913,6915,6906,6912,448
2004/03/29,10:35:00,6912,6921,6911,6917,366
2004/03/29,10:40:00,6916,6921,6906,6918,439
2004/03/29,10:45:00,6918,6933,6917,6930,380
2004/03/29,10:50:00,6931,6933,6925,6928,356
2004/03/29,10:55:00,6927,6928,6919,6922,244
2004/03/29,11:00:00,6921,6930,6920,6927,252
2004/03/29,11:05:00,6927,6930,6925,6930,144
2004/03/29,11:10:00,6930,6942,6925,6926,479
2004/03/29,11:15:00,6925,6933,6925,6927,257
2004/03/29,11:20:00,6926,6938,6925,6936,231
2004/03/29,11:25:00,6937,6937,6928,6928,166
2004/03/29,11:30:00,6929,6932,6927,6928,172
2004/03/29,11:35:00,6927,6935,6925,6933,280
2004/03/29,11:40:00,6933,6939,6932,6938,207
2004/03/29,11:45:00,6938,6941,6927,6930,334
2004/03/29,11:50:00,6931,6938,6927,6934,339
2004/03/29,11:55:00,6933,6937,6932,6934,254
2004/03/29,12:00:00,6935,6948,6933,6947,481
2004/03/29,12:05:00,6947,6947,6933,6933,393
2004/03/29,12:10:00,6934,6936,6928,6935,265
2004/03/29,12:15:00,6932,6934,6919,6921,394
2004/03/29,12:20:00,6919,6931,6918,6931,369
2004/03/29,12:25:00,6927,6931,6926,6928,128
2004/03/29,12:30:00,6927,6928,6919,6926,416
2004/03/29,12:35:00,6925,6928,6923,6928,141
2004/03/29,12:40:00,6928,6942,6926,6937,329
2004/03/29,12:45:00,6937,6943,6934,6937,339
2004/03/29,12:50:00,6935,6947,6935,6945,277
2004/03/29,12:55:00,6944,6946,6940,6942,175
2004/03/29,13:00:00,6942,6957,6941,6948,866
2004/03/29,13:05:00,6948,6957,6946,6957,514
2004/03/29,13:10:00,6953,6966,6953,6962,858
2004/03/29,13:15:00,6962,6967,6961,6966,735
2004/03/29,13:20:00,6966,6971,6966,6969,599
2004/03/29,13:25:00,6970,6983,6969,6976,873
2004/03/29,13:30:00,6976,6990,6975,6985,654
2004/03/29,13:35:00,6983,6988,6974,6983,865
2004/03/29,13:40:00,6982,7011,6981,7002,1437
2004/03/29,13:45:00,7000,7009,6994,6994,1058
