Date,Time,Open,High,Low,Close,Volume
2010/02/01,08:46:00,10568,10587,10559,10584,839
2010/02/01,08:47:00,10585,10609,10584,10606,793
2010/02/01,08:48:00,10606,10628,10602,10610,951
2010/02/01,08:49:00,10610,10619,10609,10614,313
2010/02/01,08:50:00,10614,10615,10608,10611,271
2010/02/01,08:51:00,10613,10616,10610,10614,256
2010/02/01,08:52:00,10613,10614,10609,10610,287
2010/02/01,08:53:00,10609,10610,10607,10607,206
2010/02/01,08:54:00,10607,10607,10601,10605,384
2010/02/01,08:55:00,10605,10606,10603,10606,189
2010/02/01,08:56:00,10606,10615,10605,10613,317
2010/02/01,08:57:00,10613,10630,10612,10618,720
2010/02/01,08:58:00,10618,10625,10617,10622,244
2010/02/01,08:59:00,10622,10623,10618,10620,191
2010/02/01,09:00:00,10619,10628,10619,10627,307
2010/02/01,09:01:00,10625,10633,10609,10619,977
2010/02/01,09:02:00,10617,10625,10609,10618,495
2010/02/01,09:03:00,10618,10619,10608,10616,444
2010/02/01,09:04:00,10617,10621,10611,10611,413
2010/02/01,09:05:00,10612,10615,10596,10600,822
2010/02/01,09:06:00,10599,10609,10584,10587,1059
2010/02/01,09:07:00,10588,10597,10582,10582,734
2010/02/01,09:08:00,10582,10597,10578,10597,670
2010/02/01,09:09:00,10597,10607,10594,10596,567
2010/02/01,09:10:00,10597,10603,10595,10602,347
2010/02/01,09:11:00,10602,10607,10590,10597,571
2010/02/01,09:12:00,10595,10598,10587,10587,498
2010/02/01,09:13:00,10590,10604,10588,10604,372
2010/02/01,09:14:00,10604,10606,10596,10604,278
2010/02/01,09:15:00,10603,10603,10596,10600,287
2010/02/01,09:16:00,10600,10600,10591,10593,262
2010/02/01,09:17:00,10593,10594,10587,10590,464
2010/02/01,09:18:00,10590,10590,10573,10575,925
2010/02/01,09:19:00,10575,10584,10572,10584,609
2010/02/01,09:20:00,10583,10583,10572,10582,412
2010/02/01,09:21:00,10582,10596,10576,10596,692
2010/02/01,09:22:00,10595,10602,10590,10594,432
2010/02/01,09:23:00,10596,10597,10590,10593,220
2010/02/01,09:24:00,10594,10597,10593,10593,193
2010/02/01,09:25:00,10594,10595,10580,10584,333
2010/02/01,09:26:00,10584,10587,10571,10571,798
2010/02/01,09:27:00,10570,10579,10557,10574,1306
2010/02/01,09:28:00,10574,10575,10567,10572,373
2010/02/01,09:29:00,10572,10582,10570,10570,443
2010/02/01,09:30:00,10570,10573,10550,10555,1214
2010/02/01,09:31:00,10550,10569,10550,10558,924
2010/02/01,09:32:00,10557,10565,10555,10562,330
2010/02/01,09:33:00,10560,10567,10558,10561,317
2010/02/01,09:34:00,10561,10568,10557,10567,495
2010/02/01,09:35:00,10566,10579,10559,10572,588
2010/02/01,09:36:00,10572,10582,10570,10578,468
2010/02/01,09:37:00,10576,10584,10575,10576,492
2010/02/01,09:38:00,10577,10581,10571,10574,305
2010/02/01,09:39:00,10576,10577,10572,10576,124
2010/02/01,09:40:00,10575,10575,10569,10572,235
2010/02/01,09:41:00,10572,10573,10559,10559,439
2010/02/01,09:42:00,10559,10564,10556,10564,360
2010/02/01,09:43:00,10564,10569,10564,10568,185
2010/02/01,09:44:00,10568,10574,10566,10572,304
2010/02/01,09:45:00,10573,10573,10564,10566,202
2010/02/01,09:46:00,10564,10565,10555,10559,530
2010/02/01,09:47:00,10558,10563,10555,10559,306
2010/02/01,09:48:00,10560,10562,10544,10555,1427
2010/02/01,09:49:00,10554,10556,10535,10535,816
2010/02/01,09:50:00,10536,10543,10532,10537,833
2010/02/01,09:51:00,10538,10541,10532,10534,859
2010/02/01,09:52:00,10533,10539,10530,10532,713
2010/02/01,09:53:00,10532,10544,10527,10544,946
2010/02/01,09:54:00,10543,10548,10540,10544,521
2010/02/01,09:55:00,10544,10544,10535,10539,403
2010/02/01,09:56:00,10540,10550,10537,10546,640
2010/02/01,09:57:00,10545,10550,10544,10547,311
2010/02/01,09:58:00,10545,10548,10544,10547,209
2010/02/01,09:59:00,10547,10553,10546,10550,289
2010/02/01,10:00:00,10550,10552,10546,10549,226
2010/02/01,10:01:00,10548,10549,10538,10541,451
2010/02/01,10:02:00,10541,10550,10541,10549,259
2010/02/01,10:03:00,10549,10551,10543,10549,285
2010/02/01,10:04:00,10549,10555,10545,10553,409
2010/02/01,10:05:00,10552,10558,10549,10550,427
2010/02/01,10:06:00,10549,10552,10546,10552,215
2010/02/01,10:07:00,10553,10554,10549,10554,109
2010/02/01,10:08:00,10554,10562,10554,10559,430
2010/02/01,10:09:00,10559,10559,10549,10553,263
2010/02/01,10:10:00,10551,10551,10542,10548,245
2010/02/01,10:11:00,10548,10553,10544,10544,273
2010/02/01,10:12:00,10544,10544,10534,10543,611
2010/02/01,10:13:00,10543,10544,10537,10538,225
2010/02/01,10:14:00,10538,10539,10521,10523,1622
2010/02/01,10:15:00,10522,10524,10511,10511,1097
2010/02/01,10:16:00,10511,10515,10504,10511,1386
2010/02/01,10:17:00,10512,10519,10509,10509,701
2010/02/01,10:18:00,10509,10520,10507,10514,446
2010/02/01,10:19:00,10514,10517,10507,10516,430
2010/02/01,10:20:00,10517,10523,10513,10517,447
2010/02/01,10:21:00,10517,10518,10510,10516,355
2010/02/01,10:22:00,10515,10516,10491,10496,1680
2010/02/01,10:23:00,10495,10503,10490,10500,764
2010/02/01,10:24:00,10500,10515,10498,10510,818
2010/02/01,10:25:00,10509,10513,10503,10513,386
2010/02/01,10:26:00,10512,10513,10499,10499,478
2010/02/01,10:27:00,10500,10504,10493,10499,479
2010/02/01,10:28:00,10498,10507,10493,10506,540
2010/02/01,10:29:00,10505,10516,10503,10513,527
2010/02/01,10:30:00,10514,10522,10511,10515,531
2010/02/01,10:31:00,10514,10521,10513,10518,351
2010/02/01,10:32:00,10517,10523,10517,10519,375
2010/02/01,10:33:00,10519,10519,10509,10513,300
2010/02/01,10:34:00,10513,10521,10510,10517,167
2010/02/01,10:35:00,10519,10524,10516,10523,339
2010/02/01,10:36:00,10524,10531,10517,10530,630
2010/02/01,10:37:00,10530,10530,10524,10525,351
2010/02/01,10:38:00,10524,10529,10518,10522,404
2010/02/01,10:39:00,10523,10523,10515,10515,355
2010/02/01,10:40:00,10516,10523,10515,10522,218
2010/02/01,10:41:00,10520,10523,10514,10515,279
2010/02/01,10:42:00,10514,10519,10513,10516,262
2010/02/01,10:43:00,10516,10518,10510,10514,444
2010/02/01,10:44:00,10515,10527,10513,10522,403
2010/02/01,10:45:00,10523,10537,10522,10532,1039
2010/02/01,10:46:00,10531,10532,10521,10523,383
2010/02/01,10:47:00,10522,10527,10521,10527,280
2010/02/01,10:48:00,10525,10533,10524,10524,392
2010/02/01,10:49:00,10524,10526,10521,10521,186
2010/02/01,10:50:00,10521,10528,10521,10525,137
2010/02/01,10:51:00,10525,10530,10522,10524,225
2010/02/01,10:52:00,10524,10525,10521,10524,84
2010/02/01,10:53:00,10524,10526,10522,10524,133
2010/02/01,10:54:00,10524,10532,10523,10529,236
2010/02/01,10:55:00,10528,10530,10524,10526,296
2010/02/01,10:56:00,10526,10527,10515,10517,447
2010/02/01,10:57:00,10516,10521,10516,10518,147
2010/02/01,10:58:00,10518,10521,10517,10517,125
2010/02/01,10:59:00,10516,10518,10515,10516,120
2010/02/01,11:00:00,10517,10517,10506,10506,458
2010/02/01,11:01:00,10506,10510,10502,10509,448
2010/02/01,11:02:00,10509,10515,10505,10507,296
2010/02/01,11:03:00,10509,10512,10506,10509,143
2010/02/01,11:04:00,10509,10518,10509,10513,237
2010/02/01,11:05:00,10512,10514,10505,10505,196
2010/02/01,11:06:00,10504,10508,10495,10499,697
2010/02/01,11:07:00,10499,10501,10482,10490,1153
2010/02/01,11:08:00,10490,10498,10482,10484,634
2010/02/01,11:09:00,10484,10487,10478,10481,832
2010/02/01,11:10:00,10482,10486,10476,10483,667
2010/02/01,11:11:00,10482,10493,10477,10477,797
2010/02/01,11:12:00,10477,10477,10467,10470,1158
2010/02/01,11:13:00,10470,10483,10467,10480,545
2010/02/01,11:14:00,10479,10481,10474,10481,300
2010/02/01,11:15:00,10481,10485,10476,10482,385
2010/02/01,11:16:00,10482,10485,10479,10483,466
2010/02/01,11:17:00,10483,10484,10478,10481,268
2010/02/01,11:18:00,10480,10489,10478,10486,526
2010/02/01,11:19:00,10486,10487,10482,10484,233
2010/02/01,11:20:00,10485,10486,10471,10474,497
2010/02/01,11:21:00,10473,10473,10450,10460,1975
2010/02/01,11:22:00,10461,10464,10451,10459,721
2010/02/01,11:23:00,10461,10469,10454,10469,687
2010/02/01,11:24:00,10468,10477,10466,10471,602
2010/02/01,11:25:00,10470,10472,10468,10469,223
2010/02/01,11:26:00,10469,10471,10455,10459,633
2010/02/01,11:27:00,10458,10462,10448,10458,955
2010/02/01,11:28:00,10458,10470,10455,10465,505
2010/02/01,11:29:00,10465,10485,10465,10484,884
2010/02/01,11:30:00,10483,10488,10478,10488,625
2010/02/01,11:31:00,10486,10497,10486,10493,875
2010/02/01,11:32:00,10492,10499,10491,10494,810
2010/02/01,11:33:00,10494,10495,10488,10489,313
2010/02/01,11:34:00,10489,10490,10482,10488,252
2010/02/01,11:35:00,10488,10488,10481,10484,177
2010/02/01,11:36:00,10483,10485,10482,10485,176
2010/02/01,11:37:00,10483,10484,10480,10484,229
2010/02/01,11:38:00,10484,10485,10480,10481,152
2010/02/01,11:39:00,10482,10482,10473,10476,439
2010/02/01,11:40:00,10477,10477,10457,10460,703
2010/02/01,11:41:00,10457,10464,10447,10449,1045
2010/02/01,11:42:00,10449,10466,10446,10466,604
2010/02/01,11:43:00,10466,10472,10466,10468,357
2010/02/01,11:44:00,10466,10468,10460,10464,221
2010/02/01,11:45:00,10465,10478,10464,10475,579
2010/02/01,11:46:00,10476,10478,10471,10473,321
2010/02/01,11:47:00,10473,10474,10460,10460,269
2010/02/01,11:48:00,10460,10463,10452,10459,455
2010/02/01,11:49:00,10459,10469,10455,10464,249
2010/02/01,11:50:00,10463,10466,10454,10465,271
2010/02/01,11:51:00,10466,10467,10456,10461,254
2010/02/01,11:52:00,10461,10462,10444,10450,859
2010/02/01,11:53:00,10452,10454,10446,10454,462
2010/02/01,11:54:00,10453,10464,10446,10458,517
2010/02/01,11:55:00,10457,10462,10448,10448,297
2010/02/01,11:56:00,10448,10456,10441,10446,666
2010/02/01,11:57:00,10447,10456,10444,10451,349
2010/02/01,11:58:00,10452,10454,10445,10448,245
2010/02/01,11:59:00,10447,10457,10446,10453,307
2010/02/01,12:00:00,10453,10461,10449,10457,419
2010/02/01,12:01:00,10459,10474,10456,10470,706
2010/02/01,12:02:00,10470,10473,10465,10469,324
2010/02/01,12:03:00,10469,10470,10464,10468,251
2010/02/01,12:04:00,10469,10472,10467,10471,225
2010/02/01,12:05:00,10471,10475,10469,10473,337
2010/02/01,12:06:00,10474,10484,10473,10481,695
2010/02/01,12:07:00,10481,10482,10473,10478,323
2010/02/01,12:08:00,10478,10480,10472,10475,210
2010/02/01,12:09:00,10477,10477,10471,10472,173
2010/02/01,12:10:00,10472,10478,10472,10474,178
2010/02/01,12:11:00,10474,10481,10470,10481,298
2010/02/01,12:12:00,10481,10491,10476,10487,698
2010/02/01,12:13:00,10487,10507,10485,10502,1640
2010/02/01,12:14:00,10500,10516,10500,10510,1325
2010/02/01,12:15:00,10510,10518,10509,10518,652
2010/02/01,12:16:00,10517,10529,10516,10525,1667
2010/02/01,12:17:00,10526,10527,10517,10518,500
2010/02/01,12:18:00,10519,10523,10517,10520,508
2010/02/01,12:19:00,10520,10523,10513,10522,462
2010/02/01,12:20:00,10522,10527,10520,10522,489
2010/02/01,12:21:00,10522,10523,10514,10516,373
2010/02/01,12:22:00,10515,10519,10513,10516,262
2010/02/01,12:23:00,10517,10518,10509,10511,336
2010/02/01,12:24:00,10511,10515,10511,10515,382
2010/02/01,12:25:00,10514,10517,10512,10516,170
2010/02/01,12:26:00,10516,10519,10515,10519,230
2010/02/01,12:27:00,10519,10521,10517,10517,251
2010/02/01,12:28:00,10517,10521,10517,10521,179
2010/02/01,12:29:00,10520,10527,10517,10526,418
2010/02/01,12:30:00,10526,10534,10525,10534,698
2010/02/01,12:31:00,10533,10541,10527,10529,1026
2010/02/01,12:32:00,10529,10531,10524,10526,292
2010/02/01,12:33:00,10527,10531,10524,10526,247
2010/02/01,12:34:00,10524,10525,10516,10516,310
2010/02/01,12:35:00,10518,10519,10517,10517,87
2010/02/01,12:36:00,10517,10521,10512,10515,390
2010/02/01,12:37:00,10516,10517,10502,10502,616
2010/02/01,12:38:00,10502,10514,10500,10508,417
2010/02/01,12:39:00,10509,10516,10508,10516,187
2010/02/01,12:40:00,10515,10515,10510,10510,116
2010/02/01,12:41:00,10511,10520,10511,10519,262
2010/02/01,12:42:00,10518,10518,10510,10517,146
2010/02/01,12:43:00,10516,10517,10510,10511,156
2010/02/01,12:44:00,10511,10515,10510,10515,80
2010/02/01,12:45:00,10515,10527,10515,10525,358
2010/02/01,12:46:00,10522,10527,10513,10519,292
2010/02/01,12:47:00,10519,10526,10517,10524,254
2010/02/01,12:48:00,10524,10526,10521,10524,202
2010/02/01,12:49:00,10523,10534,10523,10534,466
2010/02/01,12:50:00,10534,10539,10528,10528,565
2010/02/01,12:51:00,10530,10544,10529,10544,415
2010/02/01,12:52:00,10545,10547,10540,10541,573
2010/02/01,12:53:00,10543,10543,10534,10536,284
2010/02/01,12:54:00,10536,10541,10536,10538,277
2010/02/01,12:55:00,10537,10544,10537,10541,262
2010/02/01,12:56:00,10541,10542,10535,10535,253
2010/02/01,12:57:00,10535,10537,10530,10530,282
2010/02/01,12:58:00,10531,10533,10530,10531,170
2010/02/01,12:59:00,10531,10534,10525,10525,235
2010/02/01,13:00:00,10526,10528,10525,10526,128
2010/02/01,13:01:00,10526,10532,10526,10529,122
2010/02/01,13:02:00,10529,10531,10527,10530,79
2010/02/01,13:03:00,10531,10539,10531,10534,260
2010/02/01,13:04:00,10534,10536,10531,10532,140
2010/02/01,13:05:00,10531,10533,10515,10516,517
2010/02/01,13:06:00,10517,10522,10515,10521,323
2010/02/01,13:07:00,10520,10521,10515,10515,212
2010/02/01,13:08:00,10515,10520,10515,10520,171
2010/02/01,13:09:00,10519,10520,10516,10516,138
2010/02/01,13:10:00,10517,10517,10512,10512,274
2010/02/01,13:11:00,10512,10527,10512,10527,400
2010/02/01,13:12:00,10527,10527,10521,10521,129
2010/02/01,13:13:00,10523,10525,10521,10522,61
2010/02/01,13:14:00,10523,10523,10515,10519,163
2010/02/01,13:15:00,10520,10523,10518,10522,122
2010/02/01,13:16:00,10523,10524,10521,10521,70
2010/02/01,13:17:00,10521,10522,10520,10521,74
2010/02/01,13:18:00,10521,10533,10521,10529,366
2010/02/01,13:19:00,10531,10532,10526,10527,171
2010/02/01,13:20:00,10526,10526,10514,10514,386
2010/02/01,13:21:00,10514,10518,10512,10514,276
2010/02/01,13:22:00,10514,10517,10513,10514,163
2010/02/01,13:23:00,10515,10522,10513,10520,197
2010/02/01,13:24:00,10519,10521,10515,10519,95
2010/02/01,13:25:00,10519,10526,10517,10526,265
2010/02/01,13:26:00,10525,10531,10525,10527,366
2010/02/01,13:27:00,10529,10529,10523,10523,96
2010/02/01,13:28:00,10524,10528,10522,10525,173
2010/02/01,13:29:00,10526,10529,10525,10528,191
2010/02/01,13:30:00,10529,10534,10528,10532,365
2010/02/01,13:31:00,10532,10534,10513,10519,1099
2010/02/01,13:32:00,10519,10521,10512,10515,572
2010/02/01,13:33:00,10515,10518,10510,10511,429
2010/02/01,13:34:00,10512,10513,10507,10509,485
2010/02/01,13:35:00,10508,10513,10507,10508,332
2010/02/01,13:36:00,10509,10514,10508,10510,329
2010/02/01,13:37:00,10511,10511,10509,10510,229
2010/02/01,13:38:00,10511,10511,10507,10507,225
2010/02/01,13:39:00,10508,10509,10502,10507,530
2010/02/01,13:40:00,10506,10509,10506,10509,205
2010/02/01,13:41:00,10509,10512,10508,10508,347
2010/02/01,13:42:00,10510,10510,10507,10510,173
2010/02/01,13:43:00,10510,10511,10509,10509,257
2010/02/01,13:44:00,10510,10511,10508,10510,272
2010/02/01,13:45:00,10508,10512,10507,10512,746
