Date,Time,Open,High,Low,Close,Volume
2002/07/29,08:50:00,5160,5190,5132,5159,501
2002/07/29,08:55:00,5155,5160,5140,5152,210
2002/07/29,09:00:00,5157,5160,5144,5150,274
2002/07/29,09:05:00,5142,5200,5142,5185,546
2002/07/29,09:10:00,5190,5190,5160,5160,248
2002/07/29,09:15:00,5160,5165,5126,5126,307
2002/07/29,09:20:00,5130,5154,5122,5154,344
2002/07/29,09:25:00,5155,5178,5145,5170,223
2002/07/29,09:30:00,5168,5177,5160,5167,185
2002/07/29,09:35:00,5174,5179,5168,5179,154
2002/07/29,09:40:00,5178,5196,5178,5192,334
2002/07/29,09:45:00,5192,5200,5191,5199,314
2002/07/29,09:50:00,5200,5209,5195,5195,386
2002/07/29,09:55:00,5196,5198,5183,5188,224
2002/07/29,10:00:00,5190,5215,5188,5211,373
2002/07/29,10:05:00,5215,5245,5211,5240,667
2002/07/29,10:10:00,5240,5258,5240,5248,584
2002/07/29,10:15:00,5248,5250,5235,5235,318
2002/07/29,10:20:00,5235,5236,5230,5233,248
2002/07/29,10:25:00,5230,5243,5230,5231,254
2002/07/29,10:30:00,5231,5232,5221,5225,180
2002/07/29,10:35:00,5223,5234,5223,5230,189
2002/07/29,10:40:00,5232,5232,5225,5230,104
2002/07/29,10:45:00,5229,5236,5227,5230,160
2002/07/29,10:50:00,5233,5233,5210,5211,206
2002/07/29,10:55:00,5215,5215,5198,5198,307
2002/07/29,11:00:00,5198,5205,5195,5197,228
2002/07/29,11:05:00,5200,5210,5197,5206,217
2002/07/29,11:10:00,5210,5218,5209,5217,198
2002/07/29,11:15:00,5218,5220,5211,5211,141
2002/07/29,11:20:00,5210,5216,5203,5212,207
2002/07/29,11:25:00,5217,5278,5210,5276,741
2002/07/29,11:30:00,5260,5290,5260,5266,470
2002/07/29,11:35:00,5264,5275,5255,5255,329
2002/07/29,11:40:00,5255,5269,5251,5263,321
2002/07/29,11:45:00,5263,5268,5255,5260,175
2002/07/29,11:50:00,5262,5265,5254,5255,157
2002/07/29,11:55:00,5254,5255,5233,5240,254
2002/07/29,12:00:00,5232,5241,5231,5240,213
2002/07/29,12:05:00,5236,5240,5235,5239,132
2002/07/29,12:10:00,5240,5255,5237,5245,121
2002/07/29,12:15:00,5247,5248,5214,5216,265
2002/07/29,12:20:00,5220,5230,5215,5226,267
2002/07/29,12:25:00,5226,5229,5215,5229,216
2002/07/29,12:30:00,5225,5229,5218,5218,104
2002/07/29,12:35:00,5219,5223,5216,5217,128
2002/07/29,12:40:00,5221,5225,5218,5221,85
2002/07/29,12:45:00,5221,5230,5206,5208,263
2002/07/29,12:50:00,5210,5214,5176,5176,399
2002/07/29,12:55:00,5181,5189,5172,5181,355
2002/07/29,13:00:00,5185,5193,5180,5192,147
2002/07/29,13:05:00,5194,5205,5190,5200,228
2002/07/29,13:10:00,5201,5205,5191,5196,173
2002/07/29,13:15:00,5198,5200,5177,5181,229
2002/07/29,13:20:00,5186,5187,5173,5180,247
2002/07/29,13:25:00,5177,5187,5176,5185,237
2002/07/29,13:30:00,5185,5186,5180,5183,217
2002/07/29,13:35:00,5182,5189,5180,5188,214
2002/07/29,13:40:00,5189,5199,5185,5195,224
2002/07/29,13:45:00,5200,5200,5194,5194,9
