Date,Time,Open,High,Low,Close,Volume
2002/07/30,08:50:00,5325,5335,5310,5335,721
2002/07/30,08:55:00,5335,5340,5322,5333,473
2002/07/30,09:00:00,5333,5334,5322,5325,309
2002/07/30,09:05:00,5327,5333,5315,5315,400
2002/07/30,09:10:00,5316,5349,5311,5343,553
2002/07/30,09:15:00,5349,5373,5345,5360,788
2002/07/30,09:20:00,5368,5370,5352,5360,582
2002/07/30,09:25:00,5360,5363,5340,5341,468
2002/07/30,09:30:00,5345,5350,5337,5349,383
2002/07/30,09:35:00,5345,5370,5345,5370,563
2002/07/30,09:40:00,5370,5370,5351,5351,415
2002/07/30,09:45:00,5351,5355,5343,5348,260
2002/07/30,09:50:00,5348,5360,5345,5352,270
2002/07/30,09:55:00,5351,5355,5341,5350,136
2002/07/30,10:00:00,5341,5349,5336,5337,228
2002/07/30,10:05:00,5340,5350,5335,5348,201
2002/07/30,10:10:00,5348,5355,5347,5351,243
2002/07/30,10:15:00,5354,5354,5337,5337,159
2002/07/30,10:20:00,5340,5344,5335,5337,163
2002/07/30,10:25:00,5335,5338,5322,5326,259
2002/07/30,10:30:00,5326,5330,5316,5320,295
2002/07/30,10:35:00,5320,5330,5316,5326,210
2002/07/30,10:40:00,5328,5330,5320,5320,169
2002/07/30,10:45:00,5321,5321,5300,5302,458
2002/07/30,10:50:00,5300,5307,5293,5297,359
2002/07/30,10:55:00,5297,5299,5272,5287,579
2002/07/30,11:00:00,5287,5289,5281,5289,302
2002/07/30,11:05:00,5286,5299,5282,5294,437
2002/07/30,11:10:00,5294,5300,5286,5288,427
2002/07/30,11:15:00,5290,5290,5268,5268,552
2002/07/30,11:20:00,5267,5280,5263,5280,240
2002/07/30,11:25:00,5280,5288,5275,5286,172
2002/07/30,11:30:00,5288,5294,5285,5294,259
2002/07/30,11:35:00,5294,5298,5292,5298,218
2002/07/30,11:40:00,5296,5300,5289,5298,172
2002/07/30,11:45:00,5300,5309,5298,5305,283
2002/07/30,11:50:00,5305,5320,5303,5315,391
2002/07/30,11:55:00,5311,5314,5303,5309,210
2002/07/30,12:00:00,5305,5310,5301,5306,156
2002/07/30,12:05:00,5303,5308,5302,5306,126
2002/07/30,12:10:00,5305,5315,5301,5315,165
2002/07/30,12:15:00,5315,5327,5311,5314,343
2002/07/30,12:20:00,5311,5318,5301,5306,207
2002/07/30,12:25:00,5306,5308,5298,5300,182
2002/07/30,12:30:00,5302,5323,5299,5322,207
2002/07/30,12:35:00,5323,5339,5321,5334,601
2002/07/30,12:40:00,5337,5337,5325,5327,286
2002/07/30,12:45:00,5325,5330,5322,5325,131
2002/07/30,12:50:00,5326,5326,5315,5325,130
2002/07/30,12:55:00,5321,5324,5318,5320,95
2002/07/30,13:00:00,5323,5337,5318,5337,236
2002/07/30,13:05:00,5336,5348,5334,5340,504
2002/07/30,13:10:00,5340,5341,5327,5327,203
2002/07/30,13:15:00,5332,5349,5331,5345,243
2002/07/30,13:20:00,5348,5349,5340,5345,179
2002/07/30,13:25:00,5342,5350,5340,5345,320
2002/07/30,13:30:00,5343,5346,5340,5341,328
2002/07/30,13:35:00,5340,5345,5327,5327,496
2002/07/30,13:40:00,5330,5334,5325,5328,333
2002/07/30,13:45:00,5328,5328,5328,5328,1
