Date,Time,Open,High,Low,Close,Volume
2003/01/08,08:46:00,5124,5124,5119,5121,40
2003/01/08,08:47:00,5121,5124,5118,5124,26
2003/01/08,08:48:00,5122,5124,5120,5122,21
2003/01/08,08:49:00,5121,5124,5121,5124,43
2003/01/08,08:50:00,5122,5124,5121,5122,12
2003/01/08,08:51:00,5122,5122,5120,5122,24
2003/01/08,08:52:00,5122,5122,5119,5120,33
2003/01/08,08:53:00,5120,5120,5116,5117,28
2003/01/08,08:54:00,5116,5118,5116,5118,25
2003/01/08,08:55:00,5118,5119,5117,5118,33
2003/01/08,08:56:00,5119,5120,5117,5120,52
2003/01/08,08:57:00,5118,5118,5117,5118,40
2003/01/08,08:58:00,5118,5121,5118,5121,32
2003/01/08,08:59:00,5120,5123,5120,5123,23
2003/01/08,09:00:00,5123,5125,5123,5124,31
2003/01/08,09:01:00,5124,5125,5124,5125,26
2003/01/08,09:02:00,5126,5131,5125,5127,32
2003/01/08,09:03:00,5127,5130,5127,5127,39
2003/01/08,09:04:00,5127,5131,5127,5130,67
2003/01/08,09:05:00,5130,5134,5130,5134,83
2003/01/08,09:06:00,5133,5138,5131,5132,135
2003/01/08,09:07:00,5132,5133,5130,5131,31
2003/01/08,09:08:00,5131,5134,5129,5130,104
2003/01/08,09:09:00,5134,5134,5129,5132,31
2003/01/08,09:10:00,5132,5132,5127,5128,49
2003/01/08,09:11:00,5128,5129,5126,5129,47
2003/01/08,09:12:00,5128,5131,5128,5129,65
2003/01/08,09:13:00,5130,5134,5129,5134,75
2003/01/08,09:14:00,5133,5139,5133,5139,99
2003/01/08,09:15:00,5138,5144,5137,5142,116
2003/01/08,09:16:00,5142,5143,5138,5138,78
2003/01/08,09:17:00,5138,5139,5135,5137,51
2003/01/08,09:18:00,5137,5139,5135,5139,77
2003/01/08,09:19:00,5139,5140,5138,5139,50
2003/01/08,09:20:00,5139,5140,5137,5139,41
2003/01/08,09:21:00,5137,5142,5137,5142,82
2003/01/08,09:22:00,5140,5149,5140,5146,116
2003/01/08,09:23:00,5149,5159,5147,5156,179
2003/01/08,09:24:00,5150,5159,5150,5154,106
2003/01/08,09:25:00,5154,5156,5151,5152,45
2003/01/08,09:26:00,5152,5152,5149,5150,56
2003/01/08,09:27:00,5150,5152,5149,5149,55
2003/01/08,09:28:00,5150,5152,5147,5149,32
2003/01/08,09:29:00,5148,5149,5143,5143,60
2003/01/08,09:30:00,5142,5145,5141,5144,25
2003/01/08,09:31:00,5144,5147,5144,5144,38
2003/01/08,09:32:00,5142,5148,5142,5144,25
2003/01/08,09:33:00,5144,5146,5143,5144,14
2003/01/08,09:34:00,5144,5144,5142,5142,41
2003/01/08,09:35:00,5143,5143,5140,5141,20
2003/01/08,09:36:00,5141,5141,5139,5140,41
2003/01/08,09:37:00,5140,5142,5139,5142,42
2003/01/08,09:38:00,5140,5142,5139,5139,18
2003/01/08,09:39:00,5139,5143,5139,5142,24
2003/01/08,09:40:00,5142,5143,5141,5142,17
2003/01/08,09:41:00,5141,5144,5141,5144,57
2003/01/08,09:42:00,5143,5146,5142,5146,47
2003/01/08,09:43:00,5146,5148,5146,5148,63
2003/01/08,09:44:00,5146,5147,5142,5143,46
2003/01/08,09:45:00,5143,5146,5142,5143,39
2003/01/08,09:46:00,5142,5144,5140,5143,46
2003/01/08,09:47:00,5142,5144,5141,5144,19
2003/01/08,09:48:00,5144,5144,5142,5143,28
2003/01/08,09:49:00,5142,5144,5142,5143,37
2003/01/08,09:50:00,5144,5146,5143,5146,53
2003/01/08,09:51:00,5146,5149,5145,5149,53
2003/01/08,09:52:00,5149,5153,5149,5152,86
2003/01/08,09:53:00,5150,5152,5146,5148,43
2003/01/08,09:54:00,5148,5150,5146,5150,44
2003/01/08,09:55:00,5150,5152,5149,5150,58
2003/01/08,09:56:00,5150,5153,5150,5150,45
2003/01/08,09:57:00,5151,5154,5149,5154,89
2003/01/08,09:58:00,5154,5158,5152,5156,87
2003/01/08,09:59:00,5157,5158,5156,5156,43
2003/01/08,10:00:00,5156,5157,5154,5155,64
2003/01/08,10:01:00,5154,5155,5151,5153,41
2003/01/08,10:02:00,5153,5154,5151,5153,42
2003/01/08,10:03:00,5154,5156,5153,5154,37
2003/01/08,10:04:00,5153,5155,5153,5154,38
2003/01/08,10:05:00,5155,5157,5154,5157,65
2003/01/08,10:06:00,5157,5164,5157,5164,235
2003/01/08,10:07:00,5164,5172,5161,5172,260
2003/01/08,10:08:00,5172,5172,5167,5171,177
2003/01/08,10:09:00,5171,5194,5171,5194,384
2003/01/08,10:10:00,5194,5194,5183,5186,150
2003/01/08,10:11:00,5188,5190,5185,5190,182
2003/01/08,10:12:00,5189,5192,5186,5191,137
2003/01/08,10:13:00,5191,5192,5190,5191,133
2003/01/08,10:14:00,5190,5192,5188,5188,136
2003/01/08,10:15:00,5187,5188,5183,5183,73
2003/01/08,10:16:00,5182,5186,5179,5182,91
2003/01/08,10:17:00,5183,5184,5181,5182,72
2003/01/08,10:18:00,5183,5187,5182,5184,168
2003/01/08,10:19:00,5186,5189,5186,5189,153
2003/01/08,10:20:00,5190,5199,5189,5198,261
2003/01/08,10:21:00,5195,5199,5190,5194,139
2003/01/08,10:22:00,5194,5197,5189,5190,60
2003/01/08,10:23:00,5190,5193,5189,5190,57
2003/01/08,10:24:00,5190,5193,5187,5188,69
2003/01/08,10:25:00,5187,5188,5183,5183,72
2003/01/08,10:26:00,5186,5188,5184,5188,65
2003/01/08,10:27:00,5187,5188,5185,5187,38
2003/01/08,10:28:00,5187,5188,5186,5188,32
2003/01/08,10:29:00,5187,5188,5186,5187,40
2003/01/08,10:30:00,5188,5188,5185,5185,25
2003/01/08,10:31:00,5185,5189,5183,5183,100
2003/01/08,10:32:00,5183,5184,5182,5183,33
2003/01/08,10:33:00,5183,5184,5182,5183,71
2003/01/08,10:34:00,5183,5184,5182,5182,41
2003/01/08,10:35:00,5183,5186,5182,5186,37
2003/01/08,10:36:00,5186,5188,5184,5185,36
2003/01/08,10:37:00,5185,5188,5185,5186,18
2003/01/08,10:38:00,5187,5188,5186,5188,51
2003/01/08,10:39:00,5188,5189,5187,5188,30
2003/01/08,10:40:00,5189,5191,5189,5189,30
2003/01/08,10:41:00,5189,5192,5189,5191,46
2003/01/08,10:42:00,5190,5191,5186,5188,62
2003/01/08,10:43:00,5186,5188,5184,5188,44
2003/01/08,10:44:00,5184,5189,5184,5189,24
2003/01/08,10:45:00,5187,5191,5185,5189,58
2003/01/08,10:46:00,5188,5192,5188,5189,48
2003/01/08,10:47:00,5189,5191,5189,5191,17
2003/01/08,10:48:00,5190,5191,5187,5187,67
2003/01/08,10:49:00,5189,5191,5188,5190,52
2003/01/08,10:50:00,5190,5192,5186,5189,74
2003/01/08,10:51:00,5191,5192,5188,5189,35
2003/01/08,10:52:00,5191,5192,5189,5189,63
2003/01/08,10:53:00,5189,5192,5189,5192,71
2003/01/08,10:54:00,5192,5199,5192,5197,211
2003/01/08,10:55:00,5199,5204,5196,5201,148
2003/01/08,10:56:00,5201,5207,5201,5207,190
2003/01/08,10:57:00,5207,5209,5204,5206,171
2003/01/08,10:58:00,5209,5212,5206,5211,177
2003/01/08,10:59:00,5211,5214,5209,5214,217
2003/01/08,11:00:00,5214,5216,5210,5210,150
2003/01/08,11:01:00,5211,5212,5207,5209,106
2003/01/08,11:02:00,5209,5211,5207,5209,77
2003/01/08,11:03:00,5209,5212,5209,5209,74
2003/01/08,11:04:00,5209,5213,5209,5211,96
2003/01/08,11:05:00,5213,5214,5210,5214,88
2003/01/08,11:06:00,5212,5214,5210,5210,45
2003/01/08,11:07:00,5211,5212,5209,5209,59
2003/01/08,11:08:00,5211,5211,5208,5209,44
2003/01/08,11:09:00,5209,5210,5207,5208,43
2003/01/08,11:10:00,5208,5209,5207,5209,51
2003/01/08,11:11:00,5209,5210,5207,5209,52
2003/01/08,11:12:00,5207,5211,5206,5211,63
2003/01/08,11:13:00,5209,5209,5206,5207,47
2003/01/08,11:14:00,5206,5208,5205,5206,19
2003/01/08,11:15:00,5205,5206,5204,5204,39
2003/01/08,11:16:00,5204,5208,5204,5208,56
2003/01/08,11:17:00,5208,5209,5206,5207,22
2003/01/08,11:18:00,5206,5208,5206,5208,32
2003/01/08,11:19:00,5208,5209,5207,5207,37
2003/01/08,11:20:00,5208,5208,5207,5207,11
2003/01/08,11:21:00,5206,5208,5206,5208,15
2003/01/08,11:22:00,5207,5208,5207,5207,13
2003/01/08,11:23:00,5208,5208,5207,5208,14
2003/01/08,11:24:00,5208,5212,5207,5212,108
2003/01/08,11:25:00,5212,5218,5212,5218,85
2003/01/08,11:26:00,5218,5219,5214,5216,100
2003/01/08,11:27:00,5215,5217,5214,5214,39
2003/01/08,11:28:00,5216,5216,5214,5214,31
2003/01/08,11:29:00,5215,5216,5214,5215,53
2003/01/08,11:30:00,5215,5217,5214,5217,66
2003/01/08,11:31:00,5217,5218,5214,5217,50
2003/01/08,11:32:00,5218,5219,5216,5219,49
2003/01/08,11:33:00,5219,5224,5218,5224,237
2003/01/08,11:34:00,5222,5230,5222,5229,129
2003/01/08,11:35:00,5227,5241,5226,5233,200
2003/01/08,11:36:00,5231,5238,5230,5236,131
2003/01/08,11:37:00,5234,5236,5230,5230,110
2003/01/08,11:38:00,5232,5233,5230,5232,59
2003/01/08,11:39:00,5233,5233,5226,5229,60
2003/01/08,11:40:00,5229,5231,5226,5229,45
2003/01/08,11:41:00,5231,5232,5228,5228,38
2003/01/08,11:42:00,5228,5231,5228,5229,41
2003/01/08,11:43:00,5228,5229,5227,5228,21
2003/01/08,11:44:00,5228,5229,5227,5229,28
2003/01/08,11:45:00,5227,5228,5226,5227,23
2003/01/08,11:46:00,5228,5229,5227,5228,33
2003/01/08,11:47:00,5229,5231,5228,5229,35
2003/01/08,11:48:00,5229,5232,5229,5232,49
2003/01/08,11:49:00,5232,5235,5230,5235,60
2003/01/08,11:50:00,5234,5237,5232,5234,72
2003/01/08,11:51:00,5235,5236,5233,5233,34
2003/01/08,11:52:00,5233,5234,5230,5230,37
2003/01/08,11:53:00,5230,5232,5229,5229,69
2003/01/08,11:54:00,5230,5231,5229,5230,44
2003/01/08,11:55:00,5229,5230,5225,5227,54
2003/01/08,11:56:00,5228,5229,5227,5228,22
2003/01/08,11:57:00,5229,5229,5227,5229,25
2003/01/08,11:58:00,5227,5229,5226,5228,30
2003/01/08,11:59:00,5228,5232,5228,5232,47
2003/01/08,12:00:00,5232,5240,5231,5240,115
2003/01/08,12:01:00,5241,5242,5239,5240,76
2003/01/08,12:02:00,5241,5248,5239,5248,142
2003/01/08,12:03:00,5245,5248,5244,5247,70
2003/01/08,12:04:00,5247,5250,5246,5249,121
2003/01/08,12:05:00,5250,5253,5248,5251,89
2003/01/08,12:06:00,5251,5254,5249,5250,92
2003/01/08,12:07:00,5254,5254,5250,5254,70
2003/01/08,12:08:00,5254,5256,5250,5256,98
2003/01/08,12:09:00,5257,5263,5255,5263,143
2003/01/08,12:10:00,5263,5272,5259,5271,140
2003/01/08,12:11:00,5271,5273,5268,5273,138
2003/01/08,12:12:00,5272,5279,5270,5278,115
2003/01/08,12:13:00,5278,5279,5271,5276,120
2003/01/08,12:14:00,5274,5275,5269,5269,87
2003/01/08,12:15:00,5272,5272,5267,5271,67
2003/01/08,12:16:00,5269,5271,5267,5269,62
2003/01/08,12:17:00,5268,5271,5268,5269,87
2003/01/08,12:18:00,5269,5271,5268,5269,51
2003/01/08,12:19:00,5269,5269,5267,5268,25
2003/01/08,12:20:00,5268,5271,5266,5268,99
2003/01/08,12:21:00,5269,5272,5268,5271,73
2003/01/08,12:22:00,5271,5280,5271,5280,218
2003/01/08,12:23:00,5280,5280,5274,5274,101
2003/01/08,12:24:00,5274,5277,5272,5272,72
2003/01/08,12:25:00,5273,5273,5271,5272,28
2003/01/08,12:26:00,5272,5272,5265,5266,93
2003/01/08,12:27:00,5265,5268,5265,5266,59
2003/01/08,12:28:00,5266,5267,5264,5264,74
2003/01/08,12:29:00,5264,5267,5257,5258,58
2003/01/08,12:30:00,5260,5264,5259,5264,74
2003/01/08,12:31:00,5265,5266,5260,5260,58
2003/01/08,12:32:00,5260,5264,5260,5260,48
2003/01/08,12:33:00,5260,5264,5260,5263,45
2003/01/08,12:34:00,5262,5267,5262,5267,74
2003/01/08,12:35:00,5268,5269,5266,5267,55
2003/01/08,12:36:00,5268,5269,5266,5266,42
2003/01/08,12:37:00,5266,5267,5264,5264,37
2003/01/08,12:38:00,5265,5266,5260,5260,64
2003/01/08,12:39:00,5263,5263,5259,5263,19
2003/01/08,12:40:00,5261,5265,5261,5264,45
2003/01/08,12:41:00,5262,5265,5262,5265,18
2003/01/08,12:42:00,5264,5268,5264,5267,53
2003/01/08,12:43:00,5268,5270,5267,5270,72
2003/01/08,12:44:00,5268,5274,5268,5274,76
2003/01/08,12:45:00,5274,5274,5270,5272,104
2003/01/08,12:46:00,5273,5279,5273,5275,169
2003/01/08,12:47:00,5276,5276,5268,5271,60
2003/01/08,12:48:00,5270,5272,5267,5271,55
2003/01/08,12:49:00,5270,5271,5269,5270,39
2003/01/08,12:50:00,5270,5271,5267,5269,42
2003/01/08,12:51:00,5267,5268,5265,5267,59
2003/01/08,12:52:00,5267,5268,5264,5265,43
2003/01/08,12:53:00,5265,5266,5262,5264,50
2003/01/08,12:54:00,5263,5266,5263,5265,40
2003/01/08,12:55:00,5264,5266,5264,5265,37
2003/01/08,12:56:00,5265,5267,5264,5266,55
2003/01/08,12:57:00,5265,5265,5263,5264,47
2003/01/08,12:58:00,5264,5264,5263,5263,37
2003/01/08,12:59:00,5263,5267,5263,5267,47
2003/01/08,13:00:00,5267,5267,5265,5267,34
2003/01/08,13:01:00,5268,5274,5267,5272,125
2003/01/08,13:02:00,5270,5272,5266,5269,76
2003/01/08,13:03:00,5269,5272,5265,5270,59
2003/01/08,13:04:00,5271,5276,5271,5276,81
2003/01/08,13:05:00,5276,5277,5271,5276,98
2003/01/08,13:06:00,5276,5276,5271,5276,70
2003/01/08,13:07:00,5276,5278,5275,5278,83
2003/01/08,13:08:00,5278,5282,5277,5282,137
2003/01/08,13:09:00,5282,5288,5279,5284,194
2003/01/08,13:10:00,5287,5288,5284,5287,114
2003/01/08,13:11:00,5287,5289,5284,5288,120
2003/01/08,13:12:00,5287,5292,5286,5292,169
2003/01/08,13:13:00,5292,5293,5289,5292,107
2003/01/08,13:14:00,5292,5296,5292,5294,181
2003/01/08,13:15:00,5294,5296,5289,5291,105
2003/01/08,13:16:00,5289,5290,5286,5286,114
2003/01/08,13:17:00,5288,5288,5284,5286,90
2003/01/08,13:18:00,5286,5287,5279,5279,76
2003/01/08,13:19:00,5281,5283,5277,5278,34
2003/01/08,13:20:00,5278,5281,5276,5279,32
2003/01/08,13:21:00,5276,5278,5275,5275,67
2003/01/08,13:22:00,5276,5278,5275,5275,81
2003/01/08,13:23:00,5277,5277,5274,5274,59
2003/01/08,13:24:00,5272,5273,5269,5273,53
2003/01/08,13:25:00,5271,5272,5269,5271,70
2003/01/08,13:26:00,5271,5273,5270,5271,42
2003/01/08,13:27:00,5272,5273,5271,5271,42
2003/01/08,13:28:00,5271,5273,5271,5273,27
2003/01/08,13:29:00,5273,5273,5271,5272,48
2003/01/08,13:30:00,5272,5273,5269,5269,118
2003/01/08,13:31:00,5269,5270,5261,5261,105
2003/01/08,13:32:00,5263,5264,5260,5261,86
2003/01/08,13:33:00,5262,5262,5259,5261,92
2003/01/08,13:34:00,5262,5263,5259,5259,110
2003/01/08,13:35:00,5260,5262,5259,5261,73
2003/01/08,13:36:00,5259,5261,5257,5259,80
2003/01/08,13:37:00,5259,5259,5250,5250,137
2003/01/08,13:38:00,5250,5254,5247,5252,95
2003/01/08,13:39:00,5251,5254,5250,5254,197
2003/01/08,13:40:00,5253,5255,5250,5251,112
2003/01/08,13:41:00,5252,5252,5252,5252,1
2003/01/08,13:42:00,5252,5252,5252,5252,0
2003/01/08,13:43:00,5252,5252,5252,5252,0
2003/01/08,13:44:00,5252,5252,5252,5252,0
2003/01/08,13:45:00,5245,5245,5245,5245,662
