Date,Time,Open,High,Low,Close,Volume
2003/01/23,08:46:00,5473,5475,5471,5472,113
2003/01/23,08:47:00,5475,5488,5473,5475,74
2003/01/23,08:48:00,5476,5481,5476,5480,41
2003/01/23,08:49:00,5480,5484,5478,5480,43
2003/01/23,08:50:00,5483,5488,5482,5488,67
2003/01/23,08:51:00,5487,5500,5487,5494,83
2003/01/23,08:52:00,5494,5498,5493,5495,80
2003/01/23,08:53:00,5494,5496,5493,5495,43
2003/01/23,08:54:00,5495,5495,5488,5488,55
2003/01/23,08:55:00,5488,5489,5481,5482,40
2003/01/23,08:56:00,5481,5482,5477,5482,68
2003/01/23,08:57:00,5478,5485,5478,5484,67
2003/01/23,08:58:00,5481,5484,5480,5482,24
2003/01/23,08:59:00,5481,5483,5480,5482,48
2003/01/23,09:00:00,5483,5492,5481,5492,77
2003/01/23,09:01:00,5492,5495,5489,5494,100
2003/01/23,09:02:00,5494,5494,5489,5494,76
2003/01/23,09:03:00,5493,5500,5491,5499,108
2003/01/23,09:04:00,5499,5502,5495,5502,152
2003/01/23,09:05:00,5500,5504,5497,5501,122
2003/01/23,09:06:00,5502,5505,5501,5501,216
2003/01/23,09:07:00,5503,5507,5500,5502,153
2003/01/23,09:08:00,5500,5502,5491,5496,268
2003/01/23,09:09:00,5496,5500,5491,5496,102
2003/01/23,09:10:00,5497,5500,5495,5498,142
2003/01/23,09:11:00,5499,5504,5498,5500,107
2003/01/23,09:12:00,5500,5502,5497,5498,60
2003/01/23,09:13:00,5500,5500,5491,5493,98
2003/01/23,09:14:00,5494,5499,5493,5498,93
2003/01/23,09:15:00,5498,5500,5496,5497,93
2003/01/23,09:16:00,5496,5498,5495,5495,85
2003/01/23,09:17:00,5496,5496,5490,5493,73
2003/01/23,09:18:00,5491,5495,5491,5493,46
2003/01/23,09:19:00,5493,5495,5493,5493,51
2003/01/23,09:20:00,5494,5495,5492,5494,51
2003/01/23,09:21:00,5493,5494,5492,5493,27
2003/01/23,09:22:00,5494,5495,5492,5493,38
2003/01/23,09:23:00,5494,5494,5486,5488,133
2003/01/23,09:24:00,5489,5489,5484,5485,51
2003/01/23,09:25:00,5485,5487,5482,5485,57
2003/01/23,09:26:00,5483,5485,5481,5483,61
2003/01/23,09:27:00,5483,5488,5483,5488,29
2003/01/23,09:28:00,5487,5495,5487,5495,55
2003/01/23,09:29:00,5495,5496,5492,5495,49
2003/01/23,09:30:00,5493,5495,5490,5490,40
2003/01/23,09:31:00,5490,5491,5488,5489,14
2003/01/23,09:32:00,5490,5499,5490,5499,107
2003/01/23,09:33:00,5498,5503,5495,5500,137
2003/01/23,09:34:00,5500,5505,5497,5505,99
2003/01/23,09:35:00,5503,5520,5503,5518,186
2003/01/23,09:36:00,5518,5522,5511,5517,207
2003/01/23,09:37:00,5517,5518,5513,5516,167
2003/01/23,09:38:00,5516,5519,5511,5512,129
2003/01/23,09:39:00,5515,5516,5510,5514,59
2003/01/23,09:40:00,5514,5516,5513,5516,77
2003/01/23,09:41:00,5516,5527,5516,5527,251
2003/01/23,09:42:00,5527,5540,5525,5535,232
2003/01/23,09:43:00,5538,5539,5528,5532,126
2003/01/23,09:44:00,5531,5532,5526,5529,181
2003/01/23,09:45:00,5528,5530,5525,5525,142
2003/01/23,09:46:00,5525,5527,5520,5521,141
2003/01/23,09:47:00,5521,5523,5513,5513,99
2003/01/23,09:48:00,5513,5515,5510,5511,121
2003/01/23,09:49:00,5513,5514,5509,5509,43
2003/01/23,09:50:00,5509,5512,5507,5512,83
2003/01/23,09:51:00,5510,5514,5507,5514,102
2003/01/23,09:52:00,5508,5510,5506,5509,67
2003/01/23,09:53:00,5511,5511,5508,5508,64
2003/01/23,09:54:00,5508,5510,5501,5506,76
2003/01/23,09:55:00,5500,5505,5500,5503,49
2003/01/23,09:56:00,5501,5503,5499,5501,27
2003/01/23,09:57:00,5500,5505,5500,5505,48
2003/01/23,09:58:00,5506,5508,5506,5508,35
2003/01/23,09:59:00,5507,5509,5506,5509,23
2003/01/23,10:00:00,5508,5509,5505,5505,45
2003/01/23,10:01:00,5507,5507,5500,5500,112
2003/01/23,10:02:00,5502,5502,5495,5497,133
2003/01/23,10:03:00,5498,5500,5494,5495,120
2003/01/23,10:04:00,5495,5503,5494,5502,51
2003/01/23,10:05:00,5503,5503,5500,5503,31
2003/01/23,10:06:00,5503,5506,5502,5505,89
2003/01/23,10:07:00,5505,5510,5502,5510,79
2003/01/23,10:08:00,5507,5510,5507,5508,26
2003/01/23,10:09:00,5509,5510,5508,5508,32
2003/01/23,10:10:00,5508,5512,5508,5512,37
2003/01/23,10:11:00,5510,5513,5508,5511,33
2003/01/23,10:12:00,5511,5512,5509,5511,76
2003/01/23,10:13:00,5512,5513,5511,5513,50
2003/01/23,10:14:00,5513,5520,5513,5517,124
2003/01/23,10:15:00,5516,5518,5510,5510,84
2003/01/23,10:16:00,5513,5513,5507,5507,50
2003/01/23,10:17:00,5507,5509,5500,5501,61
2003/01/23,10:18:00,5501,5505,5498,5501,72
2003/01/23,10:19:00,5499,5503,5497,5498,39
2003/01/23,10:20:00,5500,5501,5495,5499,77
2003/01/23,10:21:00,5500,5500,5496,5496,33
2003/01/23,10:22:00,5496,5498,5495,5497,28
2003/01/23,10:23:00,5497,5499,5496,5499,56
2003/01/23,10:24:00,5498,5500,5497,5499,25
2003/01/23,10:25:00,5499,5500,5496,5499,22
2003/01/23,10:26:00,5499,5500,5498,5498,31
2003/01/23,10:27:00,5500,5500,5497,5497,36
2003/01/23,10:28:00,5498,5501,5498,5501,26
2003/01/23,10:29:00,5500,5505,5499,5505,41
2003/01/23,10:30:00,5505,5512,5504,5506,77
2003/01/23,10:31:00,5510,5511,5510,5511,35
2003/01/23,10:32:00,5511,5512,5505,5510,63
2003/01/23,10:33:00,5509,5512,5509,5512,80
2003/01/23,10:34:00,5510,5512,5509,5512,14
2003/01/23,10:35:00,5512,5513,5510,5511,51
2003/01/23,10:36:00,5512,5513,5510,5511,23
2003/01/23,10:37:00,5511,5511,5501,5505,64
2003/01/23,10:38:00,5506,5509,5503,5505,40
2003/01/23,10:39:00,5503,5505,5501,5501,21
2003/01/23,10:40:00,5501,5505,5499,5502,30
2003/01/23,10:41:00,5501,5505,5500,5505,21
2003/01/23,10:42:00,5503,5505,5502,5502,57
2003/01/23,10:43:00,5505,5505,5503,5504,23
2003/01/23,10:44:00,5505,5508,5503,5505,46
2003/01/23,10:45:00,5505,5508,5505,5508,42
2003/01/23,10:46:00,5507,5510,5506,5508,66
2003/01/23,10:47:00,5510,5511,5509,5510,59
2003/01/23,10:48:00,5508,5510,5508,5509,30
2003/01/23,10:49:00,5509,5511,5508,5511,57
2003/01/23,10:50:00,5508,5512,5508,5512,25
2003/01/23,10:51:00,5511,5515,5511,5515,78
2003/01/23,10:52:00,5515,5523,5514,5520,146
2003/01/23,10:53:00,5520,5525,5518,5524,195
2003/01/23,10:54:00,5523,5533,5523,5525,179
2003/01/23,10:55:00,5525,5526,5520,5525,94
2003/01/23,10:56:00,5520,5528,5520,5527,52
2003/01/23,10:57:00,5528,5534,5525,5534,117
2003/01/23,10:58:00,5534,5535,5525,5532,151
2003/01/23,10:59:00,5530,5533,5525,5527,101
2003/01/23,11:00:00,5527,5528,5522,5524,110
2003/01/23,11:01:00,5525,5526,5520,5520,67
2003/01/23,11:02:00,5520,5524,5520,5522,40
2003/01/23,11:03:00,5523,5525,5521,5525,56
2003/01/23,11:04:00,5523,5525,5522,5525,40
2003/01/23,11:05:00,5523,5525,5521,5523,36
2003/01/23,11:06:00,5523,5524,5521,5522,65
2003/01/23,11:07:00,5524,5527,5523,5524,97
2003/01/23,11:08:00,5525,5540,5525,5540,239
2003/01/23,11:09:00,5540,5545,5536,5542,153
2003/01/23,11:10:00,5542,5554,5541,5554,232
2003/01/23,11:11:00,5550,5555,5547,5550,169
2003/01/23,11:12:00,5550,5550,5542,5547,164
2003/01/23,11:13:00,5545,5547,5540,5546,113
2003/01/23,11:14:00,5542,5545,5540,5541,45
2003/01/23,11:15:00,5540,5546,5540,5542,61
2003/01/23,11:16:00,5543,5546,5541,5542,47
2003/01/23,11:17:00,5542,5544,5537,5542,54
2003/01/23,11:18:00,5542,5542,5535,5537,57
2003/01/23,11:19:00,5537,5537,5532,5535,69
2003/01/23,11:20:00,5534,5535,5533,5534,45
2003/01/23,11:21:00,5533,5535,5531,5531,34
2003/01/23,11:22:00,5531,5537,5531,5536,101
2003/01/23,11:23:00,5535,5535,5531,5534,69
2003/01/23,11:24:00,5534,5536,5534,5536,51
2003/01/23,11:25:00,5536,5540,5535,5540,42
2003/01/23,11:26:00,5540,5544,5538,5544,53
2003/01/23,11:27:00,5544,5544,5540,5542,41
2003/01/23,11:28:00,5542,5545,5541,5545,75
2003/01/23,11:29:00,5545,5545,5542,5544,42
2003/01/23,11:30:00,5543,5549,5543,5545,86
2003/01/23,11:31:00,5549,5552,5546,5552,76
2003/01/23,11:32:00,5552,5552,5548,5550,46
2003/01/23,11:33:00,5550,5550,5545,5549,72
2003/01/23,11:34:00,5546,5548,5542,5546,35
2003/01/23,11:35:00,5548,5552,5544,5550,105
2003/01/23,11:36:00,5549,5551,5548,5550,64
2003/01/23,11:37:00,5550,5562,5550,5562,241
2003/01/23,11:38:00,5562,5562,5555,5556,91
2003/01/23,11:39:00,5556,5556,5550,5554,101
2003/01/23,11:40:00,5551,5554,5549,5549,56
2003/01/23,11:41:00,5549,5551,5546,5546,60
2003/01/23,11:42:00,5547,5547,5543,5543,63
2003/01/23,11:43:00,5543,5545,5543,5544,34
2003/01/23,11:44:00,5545,5546,5544,5545,37
2003/01/23,11:45:00,5545,5546,5544,5544,26
2003/01/23,11:46:00,5544,5548,5544,5545,34
2003/01/23,11:47:00,5544,5546,5544,5546,38
2003/01/23,11:48:00,5546,5546,5542,5542,59
2003/01/23,11:49:00,5542,5544,5536,5536,144
2003/01/23,11:50:00,5540,5540,5536,5539,28
2003/01/23,11:51:00,5539,5541,5538,5541,64
2003/01/23,11:52:00,5540,5541,5538,5540,48
2003/01/23,11:53:00,5541,5545,5539,5541,51
2003/01/23,11:54:00,5541,5543,5541,5542,10
2003/01/23,11:55:00,5542,5544,5541,5544,14
2003/01/23,11:56:00,5542,5544,5539,5539,27
2003/01/23,11:57:00,5540,5540,5536,5536,31
2003/01/23,11:58:00,5537,5537,5529,5529,89
2003/01/23,11:59:00,5529,5533,5528,5533,92
2003/01/23,12:00:00,5533,5534,5526,5532,101
2003/01/23,12:01:00,5527,5530,5527,5527,53
2003/01/23,12:02:00,5527,5530,5527,5529,55
2003/01/23,12:03:00,5529,5530,5528,5529,35
2003/01/23,12:04:00,5530,5534,5530,5534,22
2003/01/23,12:05:00,5534,5534,5531,5534,19
2003/01/23,12:06:00,5532,5534,5532,5534,22
2003/01/23,12:07:00,5534,5535,5533,5535,30
2003/01/23,12:08:00,5535,5537,5535,5535,25
2003/01/23,12:09:00,5535,5536,5533,5534,22
2003/01/23,12:10:00,5535,5537,5534,5537,25
2003/01/23,12:11:00,5536,5538,5535,5537,12
2003/01/23,12:12:00,5537,5540,5536,5539,24
2003/01/23,12:13:00,5539,5540,5537,5539,18
2003/01/23,12:14:00,5538,5541,5537,5541,12
2003/01/23,12:15:00,5539,5541,5537,5540,24
2003/01/23,12:16:00,5540,5542,5538,5538,30
2003/01/23,12:17:00,5542,5542,5539,5540,20
2003/01/23,12:18:00,5541,5543,5539,5542,62
2003/01/23,12:19:00,5541,5544,5538,5541,49
2003/01/23,12:20:00,5541,5545,5540,5543,32
2003/01/23,12:21:00,5545,5545,5543,5544,32
2003/01/23,12:22:00,5544,5544,5540,5540,45
2003/01/23,12:23:00,5540,5540,5536,5537,29
2003/01/23,12:24:00,5537,5537,5531,5531,47
2003/01/23,12:25:00,5530,5533,5527,5528,62
2003/01/23,12:26:00,5529,5532,5528,5532,41
2003/01/23,12:27:00,5532,5535,5530,5531,17
2003/01/23,12:28:00,5533,5534,5532,5533,12
2003/01/23,12:29:00,5533,5537,5533,5537,16
2003/01/23,12:30:00,5533,5535,5533,5534,13
2003/01/23,12:31:00,5534,5534,5532,5532,40
2003/01/23,12:32:00,5532,5534,5531,5532,18
2003/01/23,12:33:00,5532,5532,5529,5529,34
2003/01/23,12:34:00,5529,5530,5528,5530,31
2003/01/23,12:35:00,5532,5532,5525,5525,88
2003/01/23,12:36:00,5525,5525,5518,5520,75
2003/01/23,12:37:00,5522,5523,5520,5522,66
2003/01/23,12:38:00,5522,5523,5520,5520,62
2003/01/23,12:39:00,5522,5524,5521,5523,31
2003/01/23,12:40:00,5524,5525,5522,5525,36
2003/01/23,12:41:00,5526,5533,5525,5533,28
2003/01/23,12:42:00,5534,5534,5529,5531,17
2003/01/23,12:43:00,5532,5540,5531,5537,76
2003/01/23,12:44:00,5537,5539,5536,5537,61
2003/01/23,12:45:00,5537,5540,5535,5537,36
2003/01/23,12:46:00,5538,5538,5535,5537,26
2003/01/23,12:47:00,5539,5540,5536,5538,14
2003/01/23,12:48:00,5538,5540,5537,5540,33
2003/01/23,12:49:00,5540,5542,5539,5541,24
2003/01/23,12:50:00,5542,5544,5540,5543,34
2003/01/23,12:51:00,5544,5546,5543,5544,46
2003/01/23,12:52:00,5545,5546,5544,5546,65
2003/01/23,12:53:00,5546,5555,5543,5547,107
2003/01/23,12:54:00,5547,5555,5547,5551,55
2003/01/23,12:55:00,5550,5554,5549,5554,59
2003/01/23,12:56:00,5554,5555,5551,5553,68
2003/01/23,12:57:00,5554,5554,5548,5551,41
2003/01/23,12:58:00,5550,5553,5546,5546,45
2003/01/23,12:59:00,5546,5551,5546,5549,23
2003/01/23,13:00:00,5549,5550,5542,5544,48
2003/01/23,13:01:00,5544,5544,5538,5540,28
2003/01/23,13:02:00,5541,5545,5541,5545,19
2003/01/23,13:03:00,5542,5543,5539,5543,31
2003/01/23,13:04:00,5543,5547,5540,5547,53
2003/01/23,13:05:00,5547,5547,5545,5545,12
2003/01/23,13:06:00,5545,5548,5542,5542,17
2003/01/23,13:07:00,5545,5546,5542,5544,20
2003/01/23,13:08:00,5544,5545,5540,5545,20
2003/01/23,13:09:00,5544,5548,5544,5546,34
2003/01/23,13:10:00,5548,5549,5546,5549,25
2003/01/23,13:11:00,5548,5550,5545,5549,40
2003/01/23,13:12:00,5548,5548,5546,5548,17
2003/01/23,13:13:00,5548,5554,5548,5554,55
2003/01/23,13:14:00,5553,5560,5552,5559,165
2003/01/23,13:15:00,5559,5559,5553,5558,72
2003/01/23,13:16:00,5558,5558,5553,5555,51
2003/01/23,13:17:00,5555,5556,5549,5552,54
2003/01/23,13:18:00,5549,5552,5548,5550,33
2003/01/23,13:19:00,5552,5552,5549,5550,20
2003/01/23,13:20:00,5553,5554,5548,5548,33
2003/01/23,13:21:00,5552,5552,5548,5549,30
2003/01/23,13:22:00,5550,5551,5549,5551,25
2003/01/23,13:23:00,5551,5552,5549,5551,31
2003/01/23,13:24:00,5551,5552,5550,5551,16
2003/01/23,13:25:00,5551,5557,5550,5557,80
2003/01/23,13:26:00,5558,5558,5551,5555,50
2003/01/23,13:27:00,5554,5554,5551,5551,37
2003/01/23,13:28:00,5553,5553,5548,5548,81
2003/01/23,13:29:00,5550,5555,5548,5553,137
2003/01/23,13:30:00,5554,5555,5550,5551,55
2003/01/23,13:31:00,5551,5556,5550,5555,104
2003/01/23,13:32:00,5552,5555,5550,5552,41
2003/01/23,13:33:00,5554,5554,5553,5554,23
2003/01/23,13:34:00,5553,5555,5550,5554,52
2003/01/23,13:35:00,5553,5555,5551,5554,67
2003/01/23,13:36:00,5554,5554,5551,5554,95
2003/01/23,13:37:00,5554,5555,5553,5555,40
2003/01/23,13:38:00,5555,5557,5554,5557,102
2003/01/23,13:39:00,5557,5559,5556,5558,77
2003/01/23,13:40:00,5558,5560,5557,5560,128
2003/01/23,13:41:00,5559,5559,5557,5559,4
2003/01/23,13:42:00,5559,5559,5559,5559,0
2003/01/23,13:43:00,5559,5559,5559,5559,0
2003/01/23,13:44:00,5559,5559,5559,5559,0
2003/01/23,13:45:00,5559,5559,5559,5559,0
