Date,Time,Open,High,Low,Close,Volume
2001/07/25,08:50:00,4034,4041,4026,4026,256
2001/07/25,08:55:00,4026,4038,4022,4036,145
2001/07/25,09:00:00,4034,4041,4034,4040,155
2001/07/25,09:05:00,4040,4087,4040,4070,447
2001/07/25,09:10:00,4069,4073,4061,4066,205
2001/07/25,09:15:00,4069,4081,4061,4081,269
2001/07/25,09:20:00,4081,4090,4076,4082,445
2001/07/25,09:25:00,4078,4091,4077,4091,414
2001/07/25,09:30:00,4092,4114,4092,4095,668
2001/07/25,09:35:00,4091,4096,4089,4089,202
2001/07/25,09:40:00,4091,4101,4089,4093,196
2001/07/25,09:45:00,4095,4095,4081,4086,229
2001/07/25,09:50:00,4086,4086,4072,4078,179
2001/07/25,09:55:00,4078,4078,4073,4076,157
2001/07/25,10:00:00,4073,4081,4071,4076,147
2001/07/25,10:05:00,4076,4076,4071,4071,125
2001/07/25,10:10:00,4072,4076,4071,4075,97
2001/07/25,10:15:00,4075,4084,4075,4083,87
2001/07/25,10:20:00,4081,4081,4061,4064,145
2001/07/25,10:25:00,4066,4066,4060,4065,169
2001/07/25,10:30:00,4065,4073,4064,4068,82
2001/07/25,10:35:00,4073,4076,4071,4071,68
2001/07/25,10:40:00,4071,4073,4067,4073,67
2001/07/25,10:45:00,4068,4071,4060,4060,85
2001/07/25,10:50:00,4061,4064,4052,4052,140
2001/07/25,10:55:00,4049,4056,4049,4056,148
2001/07/25,11:00:00,4057,4057,4051,4054,68
2001/07/25,11:05:00,4054,4062,4054,4061,123
2001/07/25,11:10:00,4061,4065,4058,4063,72
2001/07/25,11:15:00,4061,4064,4057,4061,59
2001/07/25,11:20:00,4059,4059,4056,4057,48
2001/07/25,11:25:00,4058,4058,4051,4051,58
2001/07/25,11:30:00,4050,4061,4050,4061,55
2001/07/25,11:35:00,4061,4066,4060,4064,54
2001/07/25,11:40:00,4067,4074,4067,4069,104
2001/07/25,11:45:00,4069,4084,4068,4076,250
2001/07/25,11:50:00,4076,4080,4070,4071,79
2001/07/25,11:55:00,4072,4076,4069,4071,102
2001/07/25,12:00:00,4071,4090,4069,4090,212
2001/07/25,12:05:00,4087,4092,4081,4092,206
2001/07/25,12:10:00,4093,4096,4085,4085,259
2001/07/25,12:15:00,4085,4085,4076,4078,126
2001/07/25,12:20:00,4077,4078,4068,4071,106
2001/07/25,12:25:00,4071,4078,4069,4076,101
2001/07/25,12:30:00,4073,4076,4071,4072,42
2001/07/25,12:35:00,4076,4076,4069,4069,72
2001/07/25,12:40:00,4071,4074,4070,4072,44
2001/07/25,12:45:00,4072,4076,4071,4076,69
2001/07/25,12:50:00,4078,4085,4078,4084,102
2001/07/25,12:55:00,4085,4086,4080,4083,87
2001/07/25,13:00:00,4085,4086,4078,4083,85
2001/07/25,13:05:00,4081,4101,4081,4098,363
2001/07/25,13:10:00,4100,4100,4092,4096,161
2001/07/25,13:15:00,4093,4093,4082,4086,121
2001/07/25,13:20:00,4086,4092,4086,4090,112
2001/07/25,13:25:00,4091,4111,4091,4107,564
2001/07/25,13:30:00,4107,4116,4106,4111,410
2001/07/25,13:35:00,4111,4116,4108,4111,267
2001/07/25,13:40:00,4111,4126,4111,4125,400
2001/07/25,13:45:00,4126,4134,4126,4134,362
