Date,Time,Open,High,Low,Close,Volume
2008/12/22,08:46:00,7034,7044,7030,7035,560
2008/12/22,08:47:00,7037,7037,7030,7032,282
2008/12/22,08:48:00,7032,7035,7026,7026,220
2008/12/22,08:49:00,7027,7031,7025,7029,187
2008/12/22,08:50:00,7030,7033,7030,7031,182
2008/12/22,08:51:00,7030,7031,7020,7024,336
2008/12/22,08:52:00,7024,7030,7023,7028,101
2008/12/22,08:53:00,7028,7031,7027,7029,98
2008/12/22,08:54:00,7029,7029,7025,7028,110
2008/12/22,08:55:00,7027,7031,7026,7029,134
2008/12/22,08:56:00,7031,7032,7025,7026,152
2008/12/22,08:57:00,7028,7032,7026,7031,161
2008/12/22,08:58:00,7031,7039,7031,7039,283
2008/12/22,08:59:00,7039,7063,7038,7053,768
2008/12/22,09:00:00,7053,7055,7049,7052,252
2008/12/22,09:01:00,7052,7055,7046,7052,322
2008/12/22,09:02:00,7052,7068,7050,7063,793
2008/12/22,09:03:00,7064,7069,7060,7061,569
2008/12/22,09:04:00,7061,7061,7050,7059,434
2008/12/22,09:05:00,7057,7057,7049,7054,353
2008/12/22,09:06:00,7054,7057,7050,7052,341
2008/12/22,09:07:00,7052,7055,7042,7049,495
2008/12/22,09:08:00,7044,7049,7043,7046,271
2008/12/22,09:09:00,7046,7053,7043,7053,356
2008/12/22,09:10:00,7054,7057,7051,7052,420
2008/12/22,09:11:00,7051,7056,7045,7051,291
2008/12/22,09:12:00,7052,7053,7043,7049,325
2008/12/22,09:13:00,7048,7051,7044,7049,218
2008/12/22,09:14:00,7048,7055,7046,7050,311
2008/12/22,09:15:00,7052,7057,7049,7052,231
2008/12/22,09:16:00,7053,7064,7053,7060,621
2008/12/22,09:17:00,7061,7063,7041,7043,462
2008/12/22,09:18:00,7044,7044,7028,7037,890
2008/12/22,09:19:00,7037,7043,7028,7033,559
2008/12/22,09:20:00,7033,7040,7026,7026,402
2008/12/22,09:21:00,7027,7027,7004,7014,1023
2008/12/22,09:22:00,7013,7014,6996,6996,901
2008/12/22,09:23:00,7001,7008,6994,7004,624
2008/12/22,09:24:00,7005,7013,7003,7008,334
2008/12/22,09:25:00,7009,7011,7005,7010,303
2008/12/22,09:26:00,7009,7010,7004,7004,239
2008/12/22,09:27:00,7004,7004,6989,6991,616
2008/12/22,09:28:00,6991,6999,6990,6994,635
2008/12/22,09:29:00,6994,7005,6993,7004,259
2008/12/22,09:30:00,7004,7009,7002,7006,231
2008/12/22,09:31:00,7005,7006,6996,7002,339
2008/12/22,09:32:00,7002,7002,6991,6991,393
2008/12/22,09:33:00,6991,7002,6989,7000,359
2008/12/22,09:34:00,6998,7000,6992,6996,415
2008/12/22,09:35:00,6996,6996,6986,6994,661
2008/12/22,09:36:00,6995,7001,6992,7000,447
2008/12/22,09:37:00,7001,7010,7000,7009,602
2008/12/22,09:38:00,7007,7014,7006,7008,455
2008/12/22,09:39:00,7009,7011,7007,7008,177
2008/12/22,09:40:00,7008,7008,7001,7006,254
2008/12/22,09:41:00,7008,7008,7003,7005,205
2008/12/22,09:42:00,7004,7010,7004,7008,191
2008/12/22,09:43:00,7008,7008,7002,7007,241
2008/12/22,09:44:00,7007,7008,7004,7005,96
2008/12/22,09:45:00,7003,7007,6999,7000,245
2008/12/22,09:46:00,6999,7004,6996,7004,299
2008/12/22,09:47:00,7004,7006,7001,7003,140
2008/12/22,09:48:00,7002,7003,6999,6999,148
2008/12/22,09:49:00,7000,7008,6999,7002,225
2008/12/22,09:50:00,7003,7005,6999,7001,131
2008/12/22,09:51:00,7001,7010,7000,7010,290
2008/12/22,09:52:00,7010,7022,7010,7019,547
2008/12/22,09:53:00,7019,7022,7014,7015,328
2008/12/22,09:54:00,7016,7020,7010,7019,274
2008/12/22,09:55:00,7019,7029,7018,7022,528
2008/12/22,09:56:00,7022,7024,7017,7017,226
2008/12/22,09:57:00,7018,7022,7017,7020,166
2008/12/22,09:58:00,7020,7023,7012,7013,248
2008/12/22,09:59:00,7014,7019,7012,7017,171
2008/12/22,10:00:00,7018,7024,7017,7024,244
2008/12/22,10:01:00,7024,7028,7014,7015,325
2008/12/22,10:02:00,7015,7019,7009,7012,313
2008/12/22,10:03:00,7012,7013,7007,7010,244
2008/12/22,10:04:00,7010,7012,7004,7008,366
2008/12/22,10:05:00,7008,7008,7002,7002,351
2008/12/22,10:06:00,7003,7009,7002,7005,174
2008/12/22,10:07:00,7006,7014,7006,7010,199
2008/12/22,10:08:00,7012,7015,7009,7010,130
2008/12/22,10:09:00,7011,7011,7007,7010,119
2008/12/22,10:10:00,7009,7010,7002,7007,212
2008/12/22,10:11:00,7007,7018,7007,7013,218
2008/12/22,10:12:00,7013,7013,7005,7009,152
2008/12/22,10:13:00,7006,7010,7004,7006,153
2008/12/22,10:14:00,7005,7011,7004,7011,142
2008/12/22,10:15:00,7011,7013,7010,7010,65
2008/12/22,10:16:00,7010,7019,7010,7018,225
2008/12/22,10:17:00,7016,7017,7012,7014,84
2008/12/22,10:18:00,7012,7016,7012,7013,138
2008/12/22,10:19:00,7014,7016,7010,7011,110
2008/12/22,10:20:00,7011,7011,7006,7007,160
2008/12/22,10:21:00,7008,7009,6995,6995,500
2008/12/22,10:22:00,6998,6998,6974,6982,1489
2008/12/22,10:23:00,6982,6988,6980,6985,343
2008/12/22,10:24:00,6986,6987,6977,6981,349
2008/12/22,10:25:00,6981,6982,6967,6971,866
2008/12/22,10:26:00,6971,6974,6964,6969,615
2008/12/22,10:27:00,6969,6979,6966,6975,363
2008/12/22,10:28:00,6974,6974,6969,6969,367
2008/12/22,10:29:00,6969,6976,6968,6971,282
2008/12/22,10:30:00,6972,6978,6971,6975,361
2008/12/22,10:31:00,6974,6976,6964,6973,578
2008/12/22,10:32:00,6974,6976,6971,6973,334
2008/12/22,10:33:00,6973,6980,6971,6977,316
2008/12/22,10:34:00,6977,6981,6976,6980,197
2008/12/22,10:35:00,6980,6982,6977,6977,219
2008/12/22,10:36:00,6978,6979,6974,6977,155
2008/12/22,10:37:00,6977,6981,6972,6976,251
2008/12/22,10:38:00,6975,6977,6972,6974,206
2008/12/22,10:39:00,6974,6976,6955,6958,753
2008/12/22,10:40:00,6955,6965,6954,6963,573
2008/12/22,10:41:00,6963,6964,6949,6949,685
2008/12/22,10:42:00,6952,6958,6949,6951,365
2008/12/22,10:43:00,6951,6954,6947,6954,463
2008/12/22,10:44:00,6953,6959,6953,6958,374
2008/12/22,10:45:00,6956,6957,6949,6950,383
2008/12/22,10:46:00,6953,6953,6934,6943,965
2008/12/22,10:47:00,6944,6948,6941,6942,248
2008/12/22,10:48:00,6943,6945,6938,6944,435
2008/12/22,10:49:00,6943,6947,6941,6944,295
2008/12/22,10:50:00,6945,6949,6943,6944,269
2008/12/22,10:51:00,6945,6951,6944,6949,254
2008/12/22,10:52:00,6949,6952,6947,6949,240
2008/12/22,10:53:00,6949,6951,6947,6949,184
2008/12/22,10:54:00,6948,6952,6948,6949,161
2008/12/22,10:55:00,6949,6957,6949,6955,286
2008/12/22,10:56:00,6954,6955,6952,6954,129
2008/12/22,10:57:00,6952,6954,6950,6951,213
2008/12/22,10:58:00,6950,6951,6946,6948,227
2008/12/22,10:59:00,6948,6948,6944,6945,188
2008/12/22,11:00:00,6945,6947,6938,6938,428
2008/12/22,11:01:00,6938,6944,6927,6937,827
2008/12/22,11:02:00,6938,6943,6933,6937,470
2008/12/22,11:03:00,6937,6944,6935,6941,285
2008/12/22,11:04:00,6941,6946,6937,6941,320
2008/12/22,11:05:00,6940,6946,6939,6943,164
2008/12/22,11:06:00,6943,6956,6942,6953,409
2008/12/22,11:07:00,6952,6962,6952,6960,497
2008/12/22,11:08:00,6960,6960,6950,6954,265
2008/12/22,11:09:00,6954,6954,6947,6948,149
2008/12/22,11:10:00,6948,6954,6948,6950,142
2008/12/22,11:11:00,6953,6954,6949,6951,103
2008/12/22,11:12:00,6951,6953,6949,6949,156
2008/12/22,11:13:00,6950,6950,6946,6946,161
2008/12/22,11:14:00,6948,6949,6942,6944,327
2008/12/22,11:15:00,6944,6946,6941,6944,155
2008/12/22,11:16:00,6943,6944,6932,6936,500
2008/12/22,11:17:00,6936,6941,6933,6940,210
2008/12/22,11:18:00,6939,6940,6929,6938,412
2008/12/22,11:19:00,6936,6939,6934,6934,146
2008/12/22,11:20:00,6934,6942,6932,6934,250
2008/12/22,11:21:00,6933,6941,6933,6941,164
2008/12/22,11:22:00,6941,6942,6936,6936,200
2008/12/22,11:23:00,6935,6935,6916,6922,1158
2008/12/22,11:24:00,6924,6928,6921,6926,390
2008/12/22,11:25:00,6927,6930,6920,6925,387
2008/12/22,11:26:00,6925,6930,6923,6924,330
2008/12/22,11:27:00,6926,6931,6925,6927,167
2008/12/22,11:28:00,6927,6928,6918,6923,471
2008/12/22,11:29:00,6923,6928,6920,6926,261
2008/12/22,11:30:00,6928,6934,6927,6928,283
2008/12/22,11:31:00,6928,6936,6928,6931,251
2008/12/22,11:32:00,6935,6937,6932,6936,234
2008/12/22,11:33:00,6936,6941,6935,6941,227
2008/12/22,11:34:00,6941,6943,6939,6941,235
2008/12/22,11:35:00,6942,6944,6939,6944,193
2008/12/22,11:36:00,6944,6947,6940,6942,242
2008/12/22,11:37:00,6942,6944,6936,6939,316
2008/12/22,11:38:00,6939,6941,6938,6940,123
2008/12/22,11:39:00,6940,6942,6938,6939,137
2008/12/22,11:40:00,6939,6940,6934,6938,192
2008/12/22,11:41:00,6938,6940,6937,6938,80
2008/12/22,11:42:00,6938,6948,6938,6942,260
2008/12/22,11:43:00,6944,6952,6944,6951,334
2008/12/22,11:44:00,6950,6957,6950,6957,462
2008/12/22,11:45:00,6954,6958,6952,6952,380
2008/12/22,11:46:00,6952,6958,6951,6951,343
2008/12/22,11:47:00,6951,6953,6946,6952,228
2008/12/22,11:48:00,6951,6953,6949,6949,105
2008/12/22,11:49:00,6950,6951,6946,6949,188
2008/12/22,11:50:00,6950,6957,6949,6950,221
2008/12/22,11:51:00,6949,6963,6945,6960,448
2008/12/22,11:52:00,6960,6964,6950,6953,313
2008/12/22,11:53:00,6951,6954,6945,6946,226
2008/12/22,11:54:00,6946,6949,6944,6948,198
2008/12/22,11:55:00,6947,6948,6943,6945,196
2008/12/22,11:56:00,6944,6945,6940,6943,165
2008/12/22,11:57:00,6943,6949,6943,6945,154
2008/12/22,11:58:00,6945,6948,6943,6946,111
2008/12/22,11:59:00,6945,6946,6942,6943,114
2008/12/22,12:00:00,6943,6943,6934,6936,345
2008/12/22,12:01:00,6936,6940,6933,6936,293
2008/12/22,12:02:00,6934,6937,6932,6935,184
2008/12/22,12:03:00,6935,6942,6935,6940,107
2008/12/22,12:04:00,6939,6941,6938,6939,94
2008/12/22,12:05:00,6939,6940,6934,6935,170
2008/12/22,12:06:00,6935,6938,6934,6935,192
2008/12/22,12:07:00,6937,6937,6925,6927,371
2008/12/22,12:08:00,6927,6934,6927,6932,205
2008/12/22,12:09:00,6932,6935,6932,6933,115
2008/12/22,12:10:00,6935,6941,6935,6941,190
2008/12/22,12:11:00,6940,6948,6940,6944,293
2008/12/22,12:12:00,6945,6945,6942,6943,110
2008/12/22,12:13:00,6942,6943,6932,6932,176
2008/12/22,12:14:00,6932,6933,6924,6924,472
2008/12/22,12:15:00,6925,6927,6910,6917,1181
2008/12/22,12:16:00,6919,6920,6909,6909,790
2008/12/22,12:17:00,6912,6914,6904,6904,665
2008/12/22,12:18:00,6904,6910,6902,6910,432
2008/12/22,12:19:00,6910,6913,6901,6905,524
2008/12/22,12:20:00,6904,6905,6892,6896,1017
2008/12/22,12:21:00,6897,6907,6893,6907,574
2008/12/22,12:22:00,6903,6911,6901,6903,301
2008/12/22,12:23:00,6904,6910,6902,6905,307
2008/12/22,12:24:00,6905,6909,6903,6906,247
2008/12/22,12:25:00,6906,6908,6902,6902,291
2008/12/22,12:26:00,6904,6905,6896,6901,363
2008/12/22,12:27:00,6901,6908,6898,6906,272
2008/12/22,12:28:00,6907,6907,6900,6901,208
2008/12/22,12:29:00,6902,6905,6900,6903,149
2008/12/22,12:30:00,6904,6917,6902,6911,453
2008/12/22,12:31:00,6911,6911,6905,6911,323
2008/12/22,12:32:00,6909,6915,6908,6912,239
2008/12/22,12:33:00,6913,6915,6909,6912,216
2008/12/22,12:34:00,6912,6913,6904,6907,253
2008/12/22,12:35:00,6909,6911,6904,6908,218
2008/12/22,12:36:00,6906,6913,6906,6908,214
2008/12/22,12:37:00,6908,6909,6904,6905,136
2008/12/22,12:38:00,6905,6908,6900,6905,309
2008/12/22,12:39:00,6905,6908,6901,6905,279
2008/12/22,12:40:00,6907,6907,6899,6899,199
2008/12/22,12:41:00,6900,6903,6897,6899,221
2008/12/22,12:42:00,6898,6907,6898,6905,211
2008/12/22,12:43:00,6905,6908,6901,6905,211
2008/12/22,12:44:00,6905,6905,6900,6900,146
2008/12/22,12:45:00,6900,6901,6888,6891,693
2008/12/22,12:46:00,6891,6893,6882,6887,650
2008/12/22,12:47:00,6888,6889,6878,6880,498
2008/12/22,12:48:00,6882,6888,6878,6886,320
2008/12/22,12:49:00,6887,6889,6877,6879,268
2008/12/22,12:50:00,6877,6879,6867,6872,743
2008/12/22,12:51:00,6874,6874,6862,6865,544
2008/12/22,12:52:00,6865,6869,6859,6868,655
2008/12/22,12:53:00,6866,6868,6864,6867,198
2008/12/22,12:54:00,6867,6875,6865,6874,421
2008/12/22,12:55:00,6875,6876,6870,6871,191
2008/12/22,12:56:00,6871,6879,6870,6879,293
2008/12/22,12:57:00,6879,6880,6874,6876,200
2008/12/22,12:58:00,6877,6877,6872,6876,176
2008/12/22,12:59:00,6876,6879,6876,6878,97
2008/12/22,13:00:00,6879,6886,6879,6881,276
2008/12/22,13:01:00,6882,6882,6878,6879,118
2008/12/22,13:02:00,6879,6887,6879,6883,266
2008/12/22,13:03:00,6883,6886,6879,6880,167
2008/12/22,13:04:00,6880,6886,6880,6882,186
2008/12/22,13:05:00,6881,6883,6875,6881,213
2008/12/22,13:06:00,6881,6882,6876,6876,155
2008/12/22,13:07:00,6876,6879,6872,6877,319
2008/12/22,13:08:00,6877,6877,6872,6874,102
2008/12/22,13:09:00,6875,6877,6866,6867,289
2008/12/22,13:10:00,6867,6874,6867,6871,194
2008/12/22,13:11:00,6872,6872,6853,6859,798
2008/12/22,13:12:00,6858,6862,6856,6856,454
2008/12/22,13:13:00,6856,6857,6840,6844,937
2008/12/22,13:14:00,6843,6848,6843,6847,334
2008/12/22,13:15:00,6847,6848,6826,6827,701
2008/12/22,13:16:00,6829,6831,6816,6819,1159
2008/12/22,13:17:00,6820,6829,6819,6825,381
2008/12/22,13:18:00,6825,6837,6824,6834,482
2008/12/22,13:19:00,6833,6841,6830,6839,381
2008/12/22,13:20:00,6839,6839,6831,6831,277
2008/12/22,13:21:00,6833,6839,6832,6835,232
2008/12/22,13:22:00,6835,6837,6824,6825,425
2008/12/22,13:23:00,6827,6833,6825,6830,252
2008/12/22,13:24:00,6830,6837,6823,6835,401
2008/12/22,13:25:00,6834,6837,6832,6834,178
2008/12/22,13:26:00,6834,6841,6834,6834,359
2008/12/22,13:27:00,6836,6836,6827,6827,164
2008/12/22,13:28:00,6827,6834,6825,6825,191
2008/12/22,13:29:00,6825,6831,6825,6826,171
2008/12/22,13:30:00,6826,6828,6821,6821,257
2008/12/22,13:31:00,6823,6828,6812,6812,737
2008/12/22,13:32:00,6813,6827,6812,6827,534
2008/12/22,13:33:00,6827,6828,6819,6820,244
2008/12/22,13:34:00,6819,6822,6816,6817,226
2008/12/22,13:35:00,6817,6820,6812,6820,449
2008/12/22,13:36:00,6820,6822,6817,6820,273
2008/12/22,13:37:00,6820,6828,6820,6825,490
2008/12/22,13:38:00,6825,6833,6824,6830,364
2008/12/22,13:39:00,6829,6836,6829,6836,379
2008/12/22,13:40:00,6835,6838,6834,6835,217
2008/12/22,13:41:00,6836,6844,6835,6841,599
2008/12/22,13:42:00,6841,6846,6840,6842,340
2008/12/22,13:43:00,6843,6845,6842,6844,348
2008/12/22,13:44:00,6844,6846,6842,6842,445
2008/12/22,13:45:00,6842,6844,6835,6843,529
