Date,Time,Open,High,Low,Close,Volume
2006/02/13,08:46:00,7527,7528,7502,7511,242
2006/02/13,08:47:00,7517,7522,7511,7521,280
2006/02/13,08:48:00,7521,7521,7514,7518,128
2006/02/13,08:49:00,7516,7519,7515,7518,123
2006/02/13,08:50:00,7517,7523,7517,7523,115
2006/02/13,08:51:00,7523,7524,7519,7521,78
2006/02/13,08:52:00,7521,7525,7519,7525,119
2006/02/13,08:53:00,7524,7533,7524,7526,60
2006/02/13,08:54:00,7529,7529,7526,7528,51
2006/02/13,08:55:00,7527,7533,7526,7530,54
2006/02/13,08:56:00,7533,7533,7528,7531,36
2006/02/13,08:57:00,7530,7532,7529,7532,62
2006/02/13,08:58:00,7532,7532,7527,7528,87
2006/02/13,08:59:00,7527,7527,7521,7521,94
2006/02/13,09:00:00,7522,7526,7519,7525,123
2006/02/13,09:01:00,7522,7533,7522,7529,74
2006/02/13,09:02:00,7530,7533,7530,7530,111
2006/02/13,09:03:00,7530,7531,7525,7531,174
2006/02/13,09:04:00,7530,7530,7522,7522,169
2006/02/13,09:05:00,7521,7526,7521,7524,58
2006/02/13,09:06:00,7525,7526,7522,7524,106
2006/02/13,09:07:00,7524,7527,7523,7526,185
2006/02/13,09:08:00,7526,7529,7526,7528,98
2006/02/13,09:09:00,7527,7530,7527,7528,54
2006/02/13,09:10:00,7528,7533,7527,7531,208
2006/02/13,09:11:00,7529,7536,7528,7536,140
2006/02/13,09:12:00,7534,7540,7534,7539,157
2006/02/13,09:13:00,7539,7544,7537,7544,186
2006/02/13,09:14:00,7541,7544,7540,7542,121
2006/02/13,09:15:00,7542,7542,7540,7541,130
2006/02/13,09:16:00,7541,7551,7541,7548,122
2006/02/13,09:17:00,7549,7549,7541,7547,123
2006/02/13,09:18:00,7544,7549,7544,7549,114
2006/02/13,09:19:00,7548,7550,7546,7550,111
2006/02/13,09:20:00,7550,7561,7549,7558,243
2006/02/13,09:21:00,7556,7559,7551,7553,158
2006/02/13,09:22:00,7553,7558,7553,7556,59
2006/02/13,09:23:00,7556,7563,7556,7561,216
2006/02/13,09:24:00,7556,7561,7556,7561,158
2006/02/13,09:25:00,7560,7561,7557,7561,136
2006/02/13,09:26:00,7560,7561,7556,7556,160
2006/02/13,09:27:00,7558,7571,7557,7568,404
2006/02/13,09:28:00,7568,7570,7560,7564,265
2006/02/13,09:29:00,7563,7566,7561,7564,104
2006/02/13,09:30:00,7565,7570,7565,7568,118
2006/02/13,09:31:00,7568,7583,7568,7578,380
2006/02/13,09:32:00,7579,7580,7571,7574,238
2006/02/13,09:33:00,7575,7575,7568,7568,151
2006/02/13,09:34:00,7568,7574,7567,7571,96
2006/02/13,09:35:00,7572,7573,7568,7569,77
2006/02/13,09:36:00,7567,7569,7561,7561,123
2006/02/13,09:37:00,7561,7563,7559,7561,104
2006/02/13,09:38:00,7560,7561,7559,7560,58
2006/02/13,09:39:00,7560,7562,7559,7561,134
2006/02/13,09:40:00,7560,7561,7559,7559,34
2006/02/13,09:41:00,7560,7560,7558,7559,43
2006/02/13,09:42:00,7558,7559,7556,7557,164
2006/02/13,09:43:00,7557,7560,7555,7559,113
2006/02/13,09:44:00,7560,7566,7559,7566,85
2006/02/13,09:45:00,7558,7566,7558,7562,95
2006/02/13,09:46:00,7562,7562,7556,7559,73
2006/02/13,09:47:00,7559,7561,7557,7558,109
2006/02/13,09:48:00,7559,7560,7558,7559,71
2006/02/13,09:49:00,7559,7563,7559,7563,114
2006/02/13,09:50:00,7563,7565,7562,7564,78
2006/02/13,09:51:00,7563,7564,7559,7560,67
2006/02/13,09:52:00,7559,7564,7559,7563,92
2006/02/13,09:53:00,7563,7564,7558,7558,71
2006/02/13,09:54:00,7558,7560,7558,7560,21
2006/02/13,09:55:00,7558,7560,7558,7558,33
2006/02/13,09:56:00,7558,7559,7555,7556,69
2006/02/13,09:57:00,7556,7558,7554,7556,79
2006/02/13,09:58:00,7556,7557,7552,7552,57
2006/02/13,09:59:00,7552,7554,7550,7552,96
2006/02/13,10:00:00,7551,7556,7551,7556,126
2006/02/13,10:01:00,7556,7556,7553,7553,48
2006/02/13,10:02:00,7553,7553,7550,7552,135
2006/02/13,10:03:00,7551,7552,7548,7550,129
2006/02/13,10:04:00,7551,7551,7547,7548,49
2006/02/13,10:05:00,7547,7548,7542,7544,155
2006/02/13,10:06:00,7544,7548,7544,7546,178
2006/02/13,10:07:00,7545,7546,7543,7544,74
2006/02/13,10:08:00,7543,7546,7543,7544,51
2006/02/13,10:09:00,7543,7546,7542,7546,96
2006/02/13,10:10:00,7546,7550,7546,7550,48
2006/02/13,10:11:00,7550,7550,7548,7549,53
2006/02/13,10:12:00,7548,7549,7547,7547,52
2006/02/13,10:13:00,7546,7550,7543,7544,81
2006/02/13,10:14:00,7544,7550,7544,7547,68
2006/02/13,10:15:00,7546,7547,7546,7546,16
2006/02/13,10:16:00,7546,7549,7546,7548,45
2006/02/13,10:17:00,7548,7549,7546,7548,45
2006/02/13,10:18:00,7546,7546,7543,7543,66
2006/02/13,10:19:00,7543,7544,7536,7536,173
2006/02/13,10:20:00,7536,7538,7532,7534,192
2006/02/13,10:21:00,7529,7532,7528,7529,255
2006/02/13,10:22:00,7528,7536,7526,7533,229
2006/02/13,10:23:00,7532,7536,7531,7536,120
2006/02/13,10:24:00,7535,7535,7533,7533,73
2006/02/13,10:25:00,7535,7540,7535,7540,91
2006/02/13,10:26:00,7540,7544,7537,7538,58
2006/02/13,10:27:00,7537,7538,7535,7535,64
2006/02/13,10:28:00,7534,7538,7534,7536,53
2006/02/13,10:29:00,7536,7540,7535,7540,67
2006/02/13,10:30:00,7537,7538,7534,7534,52
2006/02/13,10:31:00,7536,7541,7534,7539,83
2006/02/13,10:32:00,7536,7541,7536,7540,67
2006/02/13,10:33:00,7538,7540,7538,7540,32
2006/02/13,10:34:00,7540,7541,7539,7541,37
2006/02/13,10:35:00,7541,7545,7541,7545,73
2006/02/13,10:36:00,7544,7547,7544,7546,73
2006/02/13,10:37:00,7546,7547,7544,7546,38
2006/02/13,10:38:00,7544,7546,7542,7545,76
2006/02/13,10:39:00,7542,7546,7542,7544,26
2006/02/13,10:40:00,7542,7545,7542,7545,9
2006/02/13,10:41:00,7545,7546,7545,7546,42
2006/02/13,10:42:00,7546,7546,7543,7544,54
2006/02/13,10:43:00,7545,7545,7543,7544,36
2006/02/13,10:44:00,7542,7544,7542,7543,22
2006/02/13,10:45:00,7543,7543,7541,7542,50
2006/02/13,10:46:00,7541,7542,7538,7539,40
2006/02/13,10:47:00,7539,7540,7535,7537,69
2006/02/13,10:48:00,7535,7536,7534,7535,64
2006/02/13,10:49:00,7535,7535,7534,7535,32
2006/02/13,10:50:00,7534,7536,7534,7535,35
2006/02/13,10:51:00,7535,7538,7535,7538,29
2006/02/13,10:52:00,7538,7541,7538,7541,11
2006/02/13,10:53:00,7542,7543,7540,7542,45
2006/02/13,10:54:00,7541,7542,7539,7540,33
2006/02/13,10:55:00,7539,7541,7538,7539,26
2006/02/13,10:56:00,7538,7540,7538,7540,13
2006/02/13,10:57:00,7539,7539,7537,7537,23
2006/02/13,10:58:00,7537,7538,7536,7536,93
2006/02/13,10:59:00,7536,7539,7536,7537,14
2006/02/13,11:00:00,7537,7540,7536,7540,55
2006/02/13,11:01:00,7539,7539,7538,7538,24
2006/02/13,11:02:00,7537,7539,7536,7539,38
2006/02/13,11:03:00,7539,7540,7537,7537,38
2006/02/13,11:04:00,7537,7538,7537,7537,11
2006/02/13,11:05:00,7538,7539,7537,7537,34
2006/02/13,11:06:00,7538,7538,7536,7536,63
2006/02/13,11:07:00,7537,7539,7537,7539,14
2006/02/13,11:08:00,7538,7540,7537,7539,17
2006/02/13,11:09:00,7539,7542,7539,7542,36
2006/02/13,11:10:00,7543,7546,7542,7544,51
2006/02/13,11:11:00,7546,7551,7546,7551,88
2006/02/13,11:12:00,7551,7553,7548,7553,104
2006/02/13,11:13:00,7552,7553,7547,7549,195
2006/02/13,11:14:00,7548,7551,7547,7549,54
2006/02/13,11:15:00,7550,7550,7548,7549,47
2006/02/13,11:16:00,7549,7552,7548,7551,86
2006/02/13,11:17:00,7552,7554,7551,7552,172
2006/02/13,11:18:00,7553,7555,7553,7553,106
2006/02/13,11:19:00,7553,7553,7547,7550,52
2006/02/13,11:20:00,7548,7549,7546,7547,45
2006/02/13,11:21:00,7547,7548,7546,7547,42
2006/02/13,11:22:00,7546,7551,7545,7551,66
2006/02/13,11:23:00,7551,7551,7546,7548,81
2006/02/13,11:24:00,7544,7550,7544,7547,135
2006/02/13,11:25:00,7546,7549,7545,7545,20
2006/02/13,11:26:00,7545,7546,7545,7546,33
2006/02/13,11:27:00,7545,7546,7543,7544,48
2006/02/13,11:28:00,7542,7544,7539,7542,45
2006/02/13,11:29:00,7538,7540,7536,7537,110
2006/02/13,11:30:00,7537,7539,7537,7539,41
2006/02/13,11:31:00,7539,7541,7539,7540,40
2006/02/13,11:32:00,7540,7545,7539,7541,31
2006/02/13,11:33:00,7542,7542,7540,7541,26
2006/02/13,11:34:00,7541,7541,7539,7539,27
2006/02/13,11:35:00,7539,7540,7535,7535,156
2006/02/13,11:36:00,7535,7539,7535,7536,54
2006/02/13,11:37:00,7536,7537,7530,7530,157
2006/02/13,11:38:00,7530,7531,7526,7529,255
2006/02/13,11:39:00,7529,7530,7527,7527,117
2006/02/13,11:40:00,7527,7528,7516,7520,381
2006/02/13,11:41:00,7517,7522,7517,7519,234
2006/02/13,11:42:00,7518,7524,7518,7524,154
2006/02/13,11:43:00,7524,7525,7521,7523,95
2006/02/13,11:44:00,7521,7525,7520,7523,138
2006/02/13,11:45:00,7523,7528,7520,7524,126
2006/02/13,11:46:00,7522,7525,7522,7525,31
2006/02/13,11:47:00,7525,7528,7525,7526,78
2006/02/13,11:48:00,7527,7530,7526,7528,96
2006/02/13,11:49:00,7529,7530,7527,7529,66
2006/02/13,11:50:00,7528,7528,7527,7527,45
2006/02/13,11:51:00,7527,7527,7523,7524,70
2006/02/13,11:52:00,7525,7525,7522,7525,31
2006/02/13,11:53:00,7526,7527,7525,7526,45
2006/02/13,11:54:00,7528,7528,7526,7526,24
2006/02/13,11:55:00,7525,7526,7522,7523,62
2006/02/13,11:56:00,7524,7524,7518,7521,101
2006/02/13,11:57:00,7521,7525,7518,7518,84
2006/02/13,11:58:00,7518,7518,7507,7511,400
2006/02/13,11:59:00,7508,7514,7507,7514,213
2006/02/13,12:00:00,7514,7514,7506,7506,263
2006/02/13,12:01:00,7509,7515,7506,7512,129
2006/02/13,12:02:00,7512,7515,7507,7508,176
2006/02/13,12:03:00,7507,7516,7507,7514,139
2006/02/13,12:04:00,7515,7518,7511,7513,89
2006/02/13,12:05:00,7514,7521,7513,7517,119
2006/02/13,12:06:00,7516,7518,7515,7516,55
2006/02/13,12:07:00,7515,7518,7513,7514,53
2006/02/13,12:08:00,7513,7514,7511,7512,75
2006/02/13,12:09:00,7511,7515,7511,7513,91
2006/02/13,12:10:00,7513,7521,7513,7518,55
2006/02/13,12:11:00,7517,7524,7517,7524,64
2006/02/13,12:12:00,7522,7524,7521,7521,75
2006/02/13,12:13:00,7521,7521,7517,7519,74
2006/02/13,12:14:00,7520,7520,7517,7520,26
2006/02/13,12:15:00,7519,7523,7519,7521,70
2006/02/13,12:16:00,7523,7525,7521,7522,66
2006/02/13,12:17:00,7522,7525,7522,7523,84
2006/02/13,12:18:00,7524,7524,7520,7520,103
2006/02/13,12:19:00,7519,7519,7515,7516,132
2006/02/13,12:20:00,7517,7518,7516,7516,52
2006/02/13,12:21:00,7515,7521,7515,7521,83
2006/02/13,12:22:00,7520,7521,7519,7519,53
2006/02/13,12:23:00,7519,7519,7516,7518,71
2006/02/13,12:24:00,7516,7519,7515,7515,62
2006/02/13,12:25:00,7515,7515,7507,7507,142
2006/02/13,12:26:00,7507,7508,7500,7506,497
2006/02/13,12:27:00,7506,7511,7505,7510,120
2006/02/13,12:28:00,7510,7515,7509,7515,73
2006/02/13,12:29:00,7513,7515,7510,7510,135
2006/02/13,12:30:00,7509,7512,7505,7506,173
2006/02/13,12:31:00,7506,7511,7506,7511,44
2006/02/13,12:32:00,7509,7510,7505,7506,137
2006/02/13,12:33:00,7505,7507,7498,7501,182
2006/02/13,12:34:00,7501,7505,7501,7504,190
2006/02/13,12:35:00,7505,7509,7503,7508,139
2006/02/13,12:36:00,7509,7510,7507,7508,130
2006/02/13,12:37:00,7507,7513,7507,7511,117
2006/02/13,12:38:00,7510,7512,7510,7510,34
2006/02/13,12:39:00,7511,7513,7510,7513,64
2006/02/13,12:40:00,7511,7516,7511,7516,103
2006/02/13,12:41:00,7517,7518,7516,7517,61
2006/02/13,12:42:00,7517,7518,7513,7513,75
2006/02/13,12:43:00,7512,7513,7509,7509,50
2006/02/13,12:44:00,7511,7512,7509,7510,35
2006/02/13,12:45:00,7510,7512,7510,7511,51
2006/02/13,12:46:00,7510,7512,7509,7509,37
2006/02/13,12:47:00,7512,7514,7511,7514,30
2006/02/13,12:48:00,7513,7518,7513,7517,90
2006/02/13,12:49:00,7516,7516,7513,7514,69
2006/02/13,12:50:00,7514,7516,7514,7515,42
2006/02/13,12:51:00,7516,7519,7515,7517,154
2006/02/13,12:52:00,7517,7518,7516,7517,36
2006/02/13,12:53:00,7518,7521,7517,7521,160
2006/02/13,12:54:00,7520,7524,7520,7523,119
2006/02/13,12:55:00,7524,7527,7523,7526,214
2006/02/13,12:56:00,7525,7531,7524,7527,218
2006/02/13,12:57:00,7528,7530,7524,7524,158
2006/02/13,12:58:00,7524,7525,7522,7525,72
2006/02/13,12:59:00,7522,7522,7518,7519,107
2006/02/13,13:00:00,7519,7520,7519,7519,59
2006/02/13,13:01:00,7518,7519,7516,7516,72
2006/02/13,13:02:00,7516,7516,7514,7514,49
2006/02/13,13:03:00,7516,7526,7516,7520,75
2006/02/13,13:04:00,7524,7525,7520,7525,65
2006/02/13,13:05:00,7525,7527,7522,7526,82
2006/02/13,13:06:00,7527,7527,7524,7524,39
2006/02/13,13:07:00,7524,7524,7519,7522,27
2006/02/13,13:08:00,7521,7521,7521,7521,6
2006/02/13,13:09:00,7520,7521,7516,7518,81
2006/02/13,13:10:00,7516,7518,7509,7516,86
2006/02/13,13:11:00,7511,7515,7511,7514,70
2006/02/13,13:12:00,7513,7518,7513,7517,73
2006/02/13,13:13:00,7517,7520,7517,7520,80
2006/02/13,13:14:00,7519,7521,7515,7515,139
2006/02/13,13:15:00,7515,7516,7510,7510,99
2006/02/13,13:16:00,7510,7511,7509,7511,79
2006/02/13,13:17:00,7509,7512,7509,7511,86
2006/02/13,13:18:00,7511,7517,7511,7516,63
2006/02/13,13:19:00,7516,7517,7513,7515,56
2006/02/13,13:20:00,7514,7516,7513,7515,112
2006/02/13,13:21:00,7515,7517,7515,7515,83
2006/02/13,13:22:00,7517,7519,7514,7516,50
2006/02/13,13:23:00,7517,7520,7516,7518,64
2006/02/13,13:24:00,7519,7522,7518,7521,107
2006/02/13,13:25:00,7520,7521,7518,7520,89
2006/02/13,13:26:00,7520,7521,7518,7520,42
2006/02/13,13:27:00,7520,7521,7519,7521,69
2006/02/13,13:28:00,7520,7524,7520,7523,109
2006/02/13,13:29:00,7524,7528,7524,7526,151
2006/02/13,13:30:00,7525,7528,7522,7523,103
2006/02/13,13:31:00,7521,7526,7518,7521,150
2006/02/13,13:32:00,7521,7527,7521,7527,98
2006/02/13,13:33:00,7527,7528,7523,7526,57
2006/02/13,13:34:00,7525,7526,7519,7519,128
2006/02/13,13:35:00,7519,7521,7516,7517,114
2006/02/13,13:36:00,7518,7521,7517,7521,139
2006/02/13,13:37:00,7521,7523,7520,7521,113
2006/02/13,13:38:00,7520,7521,7518,7519,100
2006/02/13,13:39:00,7519,7521,7518,7520,104
2006/02/13,13:40:00,7519,7521,7518,7521,133
2006/02/13,13:41:00,7521,7521,7521,7521,0
2006/02/13,13:42:00,7521,7521,7521,7521,0
2006/02/13,13:43:00,7521,7521,7521,7521,0
2006/02/13,13:44:00,7521,7521,7521,7521,0
2006/02/13,13:45:00,7517,7517,7517,7517,348
