Date,Time,Open,High,Low,Close,Volume
2002/02/05,08:46:00,5937,5937,5930,5930,140
2002/02/05,08:47:00,5926,5942,5926,5931,120
2002/02/05,08:48:00,5931,5940,5931,5936,44
2002/02/05,08:49:00,5940,5943,5937,5943,36
2002/02/05,08:50:00,5936,5942,5936,5937,41
2002/02/05,08:51:00,5940,5940,5937,5937,59
2002/02/05,08:52:00,5937,5940,5937,5940,45
2002/02/05,08:53:00,5941,5943,5940,5943,24
2002/02/05,08:54:00,5943,5949,5943,5949,37
2002/02/05,08:55:00,5948,5950,5948,5950,57
2002/02/05,08:56:00,5951,5951,5945,5945,61
2002/02/05,08:57:00,5945,5945,5945,5945,34
2002/02/05,08:58:00,5945,5947,5945,5947,15
2002/02/05,08:59:00,5947,5950,5947,5949,32
2002/02/05,09:00:00,5948,5948,5945,5945,43
2002/02/05,09:01:00,5948,5952,5943,5952,36
2002/02/05,09:02:00,5954,5963,5954,5955,49
2002/02/05,09:03:00,5955,5960,5955,5960,32
2002/02/05,09:04:00,5956,5960,5956,5960,23
2002/02/05,09:05:00,5960,5960,5958,5958,31
2002/02/05,09:06:00,5959,5962,5958,5960,56
2002/02/05,09:07:00,5960,5960,5955,5955,67
2002/02/05,09:08:00,5950,5955,5949,5955,65
2002/02/05,09:09:00,5950,5950,5946,5948,39
2002/02/05,09:10:00,5950,5955,5950,5955,29
2002/02/05,09:11:00,5955,5960,5950,5950,23
2002/02/05,09:12:00,5949,5950,5946,5946,48
2002/02/05,09:13:00,5951,5951,5943,5943,63
2002/02/05,09:14:00,5943,5943,5941,5943,45
2002/02/05,09:15:00,5943,5947,5942,5945,43
2002/02/05,09:16:00,5951,5954,5950,5954,27
2002/02/05,09:17:00,5950,5954,5950,5954,27
2002/02/05,09:18:00,5955,5955,5952,5954,26
2002/02/05,09:19:00,5955,5955,5952,5955,26
2002/02/05,09:20:00,5952,5952,5952,5952,24
2002/02/05,09:21:00,5952,5957,5952,5957,32
2002/02/05,09:22:00,5955,5960,5955,5957,41
2002/02/05,09:23:00,5957,5957,5954,5954,49
2002/02/05,09:24:00,5952,5957,5952,5957,36
2002/02/05,09:25:00,5950,5959,5950,5951,41
2002/02/05,09:26:00,5951,5951,5950,5951,15
2002/02/05,09:27:00,5949,5955,5949,5955,37
2002/02/05,09:28:00,5957,5957,5954,5955,35
2002/02/05,09:29:00,5953,5954,5950,5950,20
2002/02/05,09:30:00,5951,5955,5950,5955,18
2002/02/05,09:31:00,5955,5955,5950,5952,49
2002/02/05,09:32:00,5950,5955,5950,5955,27
2002/02/05,09:33:00,5951,5955,5951,5955,30
2002/02/05,09:34:00,5956,5956,5952,5952,25
2002/02/05,09:35:00,5952,5955,5952,5955,12
2002/02/05,09:36:00,5955,5955,5951,5951,24
2002/02/05,09:37:00,5950,5951,5950,5950,37
2002/02/05,09:38:00,5949,5950,5946,5947,29
2002/02/05,09:39:00,5948,5950,5945,5945,52
2002/02/05,09:40:00,5945,5946,5945,5946,20
2002/02/05,09:41:00,5947,5947,5947,5947,19
2002/02/05,09:42:00,5950,5950,5947,5948,10
2002/02/05,09:43:00,5950,5950,5947,5948,21
2002/02/05,09:44:00,5946,5947,5946,5946,10
2002/02/05,09:45:00,5946,5946,5941,5941,73
2002/02/05,09:46:00,5941,5943,5941,5942,37
2002/02/05,09:47:00,5941,5943,5940,5940,53
2002/02/05,09:48:00,5941,5943,5941,5943,26
2002/02/05,09:49:00,5944,5944,5940,5941,46
2002/02/05,09:50:00,5941,5945,5941,5945,22
2002/02/05,09:51:00,5945,5950,5945,5946,26
2002/02/05,09:52:00,5949,5950,5948,5950,17
2002/02/05,09:53:00,5949,5949,5949,5949,25
2002/02/05,09:54:00,5950,5950,5949,5950,18
2002/02/05,09:55:00,5951,5953,5951,5953,53
2002/02/05,09:56:00,5953,5954,5951,5951,15
2002/02/05,09:57:00,5951,5951,5949,5949,14
2002/02/05,09:58:00,5949,5950,5946,5946,10
2002/02/05,09:59:00,5946,5949,5946,5949,10
2002/02/05,10:00:00,5947,5950,5947,5947,19
2002/02/05,10:01:00,5949,5949,5942,5942,45
2002/02/05,10:02:00,5941,5945,5941,5941,31
2002/02/05,10:03:00,5941,5945,5941,5945,12
2002/02/05,10:04:00,5948,5950,5945,5950,15
2002/02/05,10:05:00,5950,5950,5946,5946,6
2002/02/05,10:06:00,5946,5948,5946,5946,9
2002/02/05,10:07:00,5948,5948,5945,5946,17
2002/02/05,10:08:00,5946,5946,5943,5943,15
2002/02/05,10:09:00,5943,5945,5942,5942,9
2002/02/05,10:10:00,5942,5943,5942,5943,10
2002/02/05,10:11:00,5944,5946,5944,5946,32
2002/02/05,10:12:00,5946,5948,5946,5948,5
2002/02/05,10:13:00,5946,5948,5945,5946,14
2002/02/05,10:14:00,5945,5947,5945,5946,16
2002/02/05,10:15:00,5946,5948,5946,5947,6
2002/02/05,10:16:00,5950,5950,5948,5950,17
2002/02/05,10:17:00,5950,5950,5947,5947,11
2002/02/05,10:18:00,5949,5949,5946,5948,10
2002/02/05,10:19:00,5949,5950,5949,5950,9
2002/02/05,10:20:00,5950,5951,5949,5949,7
2002/02/05,10:21:00,5947,5948,5947,5948,4
2002/02/05,10:22:00,5950,5950,5950,5950,5
2002/02/05,10:23:00,5949,5950,5948,5950,12
2002/02/05,10:24:00,5950,5950,5948,5950,7
2002/02/05,10:25:00,5950,5951,5950,5950,8
2002/02/05,10:26:00,5952,5952,5952,5952,12
2002/02/05,10:27:00,5952,5953,5952,5953,10
2002/02/05,10:28:00,5951,5952,5950,5950,18
2002/02/05,10:29:00,5950,5950,5947,5949,34
2002/02/05,10:30:00,5948,5950,5948,5950,11
2002/02/05,10:31:00,5950,5953,5950,5953,18
2002/02/05,10:32:00,5953,5954,5953,5954,25
2002/02/05,10:33:00,5953,5953,5950,5950,21
2002/02/05,10:34:00,5950,5951,5950,5951,27
2002/02/05,10:35:00,5951,5952,5951,5952,18
2002/02/05,10:36:00,5953,5953,5951,5953,18
2002/02/05,10:37:00,5953,5955,5953,5955,26
2002/02/05,10:38:00,5955,5955,5955,5955,21
2002/02/05,10:39:00,5955,5957,5955,5955,12
2002/02/05,10:40:00,5955,5957,5955,5957,30
2002/02/05,10:41:00,5955,5957,5955,5957,8
2002/02/05,10:42:00,5955,5958,5955,5958,19
2002/02/05,10:43:00,5958,5958,5956,5958,23
2002/02/05,10:44:00,5959,5960,5959,5959,46
2002/02/05,10:45:00,5962,5962,5960,5960,24
2002/02/05,10:46:00,5958,5963,5958,5960,43
2002/02/05,10:47:00,5962,5962,5960,5960,14
2002/02/05,10:48:00,5960,5963,5959,5962,26
2002/02/05,10:49:00,5961,5961,5960,5961,10
2002/02/05,10:50:00,5961,5963,5961,5963,13
2002/02/05,10:51:00,5963,5963,5962,5962,14
2002/02/05,10:52:00,5962,5962,5960,5962,14
2002/02/05,10:53:00,5960,5960,5960,5960,27
2002/02/05,10:54:00,5960,5961,5960,5960,33
2002/02/05,10:55:00,5960,5960,5957,5957,27
2002/02/05,10:56:00,5957,5958,5956,5957,9
2002/02/05,10:57:00,5959,5959,5956,5956,13
2002/02/05,10:58:00,5956,5959,5956,5956,8
2002/02/05,10:59:00,5956,5959,5956,5959,4
2002/02/05,11:00:00,5959,5959,5959,5959,0
2002/02/05,11:01:00,5960,5960,5960,5960,7
2002/02/05,11:02:00,5956,5960,5956,5956,26
2002/02/05,11:03:00,5955,5957,5955,5957,7
2002/02/05,11:04:00,5959,5960,5957,5960,14
2002/02/05,11:05:00,5960,5966,5960,5966,58
2002/02/05,11:06:00,5969,5970,5960,5970,32
2002/02/05,11:07:00,5970,5970,5962,5968,30
2002/02/05,11:08:00,5965,5967,5965,5967,22
2002/02/05,11:09:00,5968,5968,5966,5966,26
2002/02/05,11:10:00,5965,5966,5965,5965,18
2002/02/05,11:11:00,5966,5967,5966,5967,13
2002/02/05,11:12:00,5967,5967,5963,5963,9
2002/02/05,11:13:00,5965,5967,5965,5965,14
2002/02/05,11:14:00,5963,5963,5960,5960,28
2002/02/05,11:15:00,5960,5963,5960,5963,9
2002/02/05,11:16:00,5963,5963,5961,5961,13
2002/02/05,11:17:00,5961,5963,5961,5963,17
2002/02/05,11:18:00,5963,5964,5963,5964,5
2002/02/05,11:19:00,5965,5967,5965,5965,19
2002/02/05,11:20:00,5967,5967,5965,5965,8
2002/02/05,11:21:00,5966,5966,5963,5963,26
2002/02/05,11:22:00,5961,5964,5961,5961,8
2002/02/05,11:23:00,5961,5964,5960,5960,20
2002/02/05,11:24:00,5965,5965,5964,5964,8
2002/02/05,11:25:00,5964,5964,5964,5964,11
2002/02/05,11:26:00,5964,5965,5964,5965,5
2002/02/05,11:27:00,5965,5965,5965,5965,12
2002/02/05,11:28:00,5969,5970,5967,5967,30
2002/02/05,11:29:00,5967,5969,5967,5969,10
2002/02/05,11:30:00,5965,5969,5965,5969,15
2002/02/05,11:31:00,5969,5970,5968,5970,8
2002/02/05,11:32:00,5969,5970,5969,5970,16
2002/02/05,11:33:00,5971,5972,5970,5970,20
2002/02/05,11:34:00,5970,5972,5969,5972,21
2002/02/05,11:35:00,5972,5973,5972,5973,16
2002/02/05,11:36:00,5973,5974,5973,5973,20
2002/02/05,11:37:00,5973,5973,5970,5970,10
2002/02/05,11:38:00,5972,5972,5970,5970,9
2002/02/05,11:39:00,5970,5970,5970,5970,21
2002/02/05,11:40:00,5967,5970,5967,5970,11
2002/02/05,11:41:00,5970,5974,5970,5974,25
2002/02/05,11:42:00,5974,5983,5974,5980,89
2002/02/05,11:43:00,5980,5980,5980,5980,19
2002/02/05,11:44:00,5980,5983,5980,5983,33
2002/02/05,11:45:00,5980,5982,5980,5980,30
2002/02/05,11:46:00,5980,5983,5980,5983,31
2002/02/05,11:47:00,5981,5983,5980,5980,36
2002/02/05,11:48:00,5980,5982,5979,5979,28
2002/02/05,11:49:00,5977,5979,5976,5976,20
2002/02/05,11:50:00,5976,5976,5968,5972,32
2002/02/05,11:51:00,5972,5972,5970,5970,18
2002/02/05,11:52:00,5969,5970,5969,5969,24
2002/02/05,11:53:00,5968,5969,5968,5969,15
2002/02/05,11:54:00,5970,5970,5969,5969,8
2002/02/05,11:55:00,5969,5969,5968,5968,19
2002/02/05,11:56:00,5967,5968,5967,5968,22
2002/02/05,11:57:00,5968,5968,5965,5965,46
2002/02/05,11:58:00,5965,5968,5965,5967,12
2002/02/05,11:59:00,5968,5970,5967,5970,32
2002/02/05,12:00:00,5968,5970,5968,5968,7
2002/02/05,12:01:00,5970,5970,5968,5970,9
2002/02/05,12:02:00,5969,5969,5967,5967,12
2002/02/05,12:03:00,5966,5966,5963,5965,20
2002/02/05,12:04:00,5967,5969,5967,5969,11
2002/02/05,12:05:00,5969,5969,5965,5965,7
2002/02/05,12:06:00,5966,5967,5966,5967,7
2002/02/05,12:07:00,5967,5968,5967,5968,13
2002/02/05,12:08:00,5968,5968,5967,5968,6
2002/02/05,12:09:00,5969,5970,5967,5970,11
2002/02/05,12:10:00,5967,5970,5967,5970,6
2002/02/05,12:11:00,5969,5969,5968,5969,4
2002/02/05,12:12:00,5967,5969,5967,5967,6
2002/02/05,12:13:00,5969,5969,5969,5969,12
2002/02/05,12:14:00,5968,5968,5965,5965,33
2002/02/05,12:15:00,5963,5963,5962,5962,6
2002/02/05,12:16:00,5963,5965,5963,5963,5
2002/02/05,12:17:00,5963,5965,5963,5965,17
2002/02/05,12:18:00,5965,5969,5965,5969,9
2002/02/05,12:19:00,5970,5975,5969,5975,41
2002/02/05,12:20:00,5975,5975,5973,5975,10
2002/02/05,12:21:00,5973,5975,5973,5974,12
2002/02/05,12:22:00,5974,5974,5970,5970,10
2002/02/05,12:23:00,5971,5973,5971,5973,14
2002/02/05,12:24:00,5973,5973,5970,5970,7
2002/02/05,12:25:00,5970,5973,5967,5973,14
2002/02/05,12:26:00,5970,5970,5967,5970,10
2002/02/05,12:27:00,5968,5968,5966,5966,14
2002/02/05,12:28:00,5970,5971,5966,5968,9
2002/02/05,12:29:00,5966,5966,5965,5965,11
2002/02/05,12:30:00,5963,5963,5960,5960,34
2002/02/05,12:31:00,5960,5960,5957,5960,41
2002/02/05,12:32:00,5958,5960,5958,5960,21
2002/02/05,12:33:00,5959,5964,5959,5964,21
2002/02/05,12:34:00,5965,5965,5963,5965,16
2002/02/05,12:35:00,5962,5963,5962,5963,9
2002/02/05,12:36:00,5965,5965,5958,5958,22
2002/02/05,12:37:00,5958,5960,5958,5958,16
2002/02/05,12:38:00,5958,5960,5958,5960,20
2002/02/05,12:39:00,5957,5959,5957,5959,14
2002/02/05,12:40:00,5959,5960,5957,5957,18
2002/02/05,12:41:00,5960,5960,5955,5955,31
2002/02/05,12:42:00,5956,5960,5955,5959,44
2002/02/05,12:43:00,5959,5959,5957,5957,14
2002/02/05,12:44:00,5959,5960,5957,5960,8
2002/02/05,12:45:00,5957,5960,5956,5957,14
2002/02/05,12:46:00,5957,5957,5951,5955,27
2002/02/05,12:47:00,5955,5957,5953,5954,21
2002/02/05,12:48:00,5955,5960,5955,5960,22
2002/02/05,12:49:00,5957,5960,5957,5960,12
2002/02/05,12:50:00,5960,5963,5960,5960,12
2002/02/05,12:51:00,5964,5965,5961,5965,15
2002/02/05,12:52:00,5965,5965,5964,5965,20
2002/02/05,12:53:00,5965,5966,5965,5966,18
2002/02/05,12:54:00,5966,5966,5964,5964,16
2002/02/05,12:55:00,5966,5967,5962,5967,15
2002/02/05,12:56:00,5967,5968,5966,5966,20
2002/02/05,12:57:00,5966,5968,5965,5965,33
2002/02/05,12:58:00,5965,5968,5964,5964,17
2002/02/05,12:59:00,5963,5965,5963,5965,8
2002/02/05,13:00:00,5963,5965,5963,5965,2
2002/02/05,13:01:00,5967,5967,5967,5967,5
2002/02/05,13:02:00,5967,5968,5967,5968,11
2002/02/05,13:03:00,5968,5969,5967,5969,9
2002/02/05,13:04:00,5969,5970,5969,5970,17
2002/02/05,13:05:00,5969,5969,5965,5965,13
2002/02/05,13:06:00,5969,5969,5969,5969,7
2002/02/05,13:07:00,5970,5970,5968,5969,22
2002/02/05,13:08:00,5969,5970,5967,5967,13
2002/02/05,13:09:00,5965,5975,5965,5975,77
2002/02/05,13:10:00,5983,5983,5982,5982,82
2002/02/05,13:11:00,5982,5991,5982,5991,109
2002/02/05,13:12:00,5995,5995,5992,5995,96
2002/02/05,13:13:00,5995,6005,5995,6005,115
2002/02/05,13:14:00,6004,6005,6000,6000,111
2002/02/05,13:15:00,5999,5999,5995,5998,43
2002/02/05,13:16:00,5998,6004,5998,6004,64
2002/02/05,13:17:00,6004,6010,6004,6008,103
2002/02/05,13:18:00,6013,6015,6006,6010,123
2002/02/05,13:19:00,6010,6014,6010,6011,56
2002/02/05,13:20:00,6014,6014,6011,6012,38
2002/02/05,13:21:00,6013,6019,6013,6019,88
2002/02/05,13:22:00,6020,6025,6020,6025,70
2002/02/05,13:23:00,6025,6030,6025,6030,116
2002/02/05,13:24:00,6032,6032,6027,6029,86
2002/02/05,13:25:00,6027,6029,6027,6027,80
2002/02/05,13:26:00,6027,6028,6026,6026,54
2002/02/05,13:27:00,6028,6031,6025,6028,62
2002/02/05,13:28:00,6027,6028,6025,6027,39
2002/02/05,13:29:00,6030,6031,6025,6025,51
2002/02/05,13:30:00,6025,6031,6025,6031,32
2002/02/05,13:31:00,6031,6035,6031,6035,67
2002/02/05,13:32:00,6040,6040,6039,6040,97
2002/02/05,13:33:00,6043,6045,6041,6045,117
2002/02/05,13:34:00,6045,6055,6045,6055,117
2002/02/05,13:35:00,6051,6054,6051,6053,90
2002/02/05,13:36:00,6054,6054,6050,6054,99
2002/02/05,13:37:00,6052,6055,6051,6055,73
2002/02/05,13:38:00,6054,6055,6051,6055,127
2002/02/05,13:39:00,6055,6058,6055,6055,126
2002/02/05,13:40:00,6055,6059,6055,6059,77
2002/02/05,13:41:00,6056,6056,6056,6056,9
2002/02/05,13:42:00,6056,6056,6056,6056,0
2002/02/05,13:43:00,6056,6056,6056,6056,0
2002/02/05,13:44:00,6056,6056,6056,6056,0
2002/02/05,13:45:00,6059,6059,6059,6059,307
