Date,Time,Open,High,Low,Close,Volume
2001/08/08,08:46:00,4368,4375,4367,4375,54
2001/08/08,08:47:00,4368,4371,4367,4367,68
2001/08/08,08:48:00,4366,4366,4366,4366,33
2001/08/08,08:49:00,4367,4370,4366,4366,25
2001/08/08,08:50:00,4370,4370,4367,4367,24
2001/08/08,08:51:00,4369,4370,4368,4369,29
2001/08/08,08:52:00,4369,4372,4369,4372,22
2001/08/08,08:53:00,4373,4375,4373,4375,33
2001/08/08,08:54:00,4375,4376,4375,4376,65
2001/08/08,08:55:00,4376,4377,4376,4376,43
2001/08/08,08:56:00,4377,4378,4376,4378,26
2001/08/08,08:57:00,4378,4379,4378,4379,30
2001/08/08,08:58:00,4380,4381,4379,4381,31
2001/08/08,08:59:00,4379,4383,4379,4383,48
2001/08/08,09:00:00,4383,4383,4377,4377,46
2001/08/08,09:01:00,4376,4376,4376,4376,43
2001/08/08,09:02:00,4376,4394,4376,4394,99
2001/08/08,09:03:00,4398,4401,4396,4396,73
2001/08/08,09:04:00,4386,4395,4386,4395,70
2001/08/08,09:05:00,4395,4396,4393,4393,59
2001/08/08,09:06:00,4396,4397,4396,4397,64
2001/08/08,09:07:00,4398,4398,4396,4396,43
2001/08/08,09:08:00,4395,4395,4394,4394,41
2001/08/08,09:09:00,4392,4396,4392,4396,39
2001/08/08,09:10:00,4393,4396,4391,4391,35
2001/08/08,09:11:00,4387,4387,4384,4384,42
2001/08/08,09:12:00,4384,4384,4381,4381,40
2001/08/08,09:13:00,4378,4380,4377,4380,42
2001/08/08,09:14:00,4382,4382,4380,4381,26
2001/08/08,09:15:00,4381,4382,4381,4382,30
2001/08/08,09:16:00,4383,4386,4382,4386,65
2001/08/08,09:17:00,4387,4391,4387,4391,50
2001/08/08,09:18:00,4391,4393,4391,4393,36
2001/08/08,09:19:00,4392,4392,4391,4391,23
2001/08/08,09:20:00,4391,4394,4391,4394,28
2001/08/08,09:21:00,4394,4395,4391,4395,36
2001/08/08,09:22:00,4394,4395,4394,4394,27
2001/08/08,09:23:00,4394,4396,4394,4395,33
2001/08/08,09:24:00,4395,4397,4395,4397,57
2001/08/08,09:25:00,4400,4404,4400,4404,93
2001/08/08,09:26:00,4406,4410,4406,4407,97
2001/08/08,09:27:00,4409,4409,4408,4408,71
2001/08/08,09:28:00,4407,4408,4406,4406,63
2001/08/08,09:29:00,4406,4406,4402,4402,84
2001/08/08,09:30:00,4402,4406,4402,4406,24
2001/08/08,09:31:00,4408,4408,4407,4408,42
2001/08/08,09:32:00,4407,4409,4407,4409,48
2001/08/08,09:33:00,4406,4411,4406,4411,70
2001/08/08,09:34:00,4411,4421,4411,4421,105
2001/08/08,09:35:00,4411,4426,4411,4426,82
2001/08/08,09:36:00,4426,4426,4425,4425,60
2001/08/08,09:37:00,4425,4425,4421,4421,62
2001/08/08,09:38:00,4419,4419,4416,4416,55
2001/08/08,09:39:00,4412,4417,4411,4414,43
2001/08/08,09:40:00,4414,4415,4412,4412,23
2001/08/08,09:41:00,4416,4416,4414,4416,22
2001/08/08,09:42:00,4420,4421,4420,4421,56
2001/08/08,09:43:00,4421,4425,4420,4420,48
2001/08/08,09:44:00,4425,4425,4421,4421,40
2001/08/08,09:45:00,4424,4424,4421,4421,38
2001/08/08,09:46:00,4422,4422,4419,4419,28
2001/08/08,09:47:00,4417,4422,4417,4422,35
2001/08/08,09:48:00,4421,4426,4421,4426,44
2001/08/08,09:49:00,4426,4436,4426,4433,104
2001/08/08,09:50:00,4433,4436,4433,4436,59
2001/08/08,09:51:00,4433,4435,4431,4431,41
2001/08/08,09:52:00,4431,4433,4431,4433,73
2001/08/08,09:53:00,4431,4433,4431,4433,44
2001/08/08,09:54:00,4431,4435,4431,4435,72
2001/08/08,09:55:00,4436,4445,4436,4445,119
2001/08/08,09:56:00,4445,4450,4445,4450,107
2001/08/08,09:57:00,4451,4454,4450,4451,107
2001/08/08,09:58:00,4451,4456,4451,4456,94
2001/08/08,09:59:00,4456,4456,4454,4456,162
2001/08/08,10:00:00,4454,4456,4454,4456,85
2001/08/08,10:01:00,4456,4456,4453,4453,97
2001/08/08,10:02:00,4454,4454,4451,4451,117
2001/08/08,10:03:00,4451,4451,4447,4447,78
2001/08/08,10:04:00,4446,4448,4446,4446,67
2001/08/08,10:05:00,4449,4451,4449,4451,42
2001/08/08,10:06:00,4451,4456,4451,4456,72
2001/08/08,10:07:00,4456,4464,4456,4464,120
2001/08/08,10:08:00,4465,4465,4462,4464,81
2001/08/08,10:09:00,4464,4464,4457,4462,67
2001/08/08,10:10:00,4462,4462,4458,4459,31
2001/08/08,10:11:00,4460,4461,4458,4458,49
2001/08/08,10:12:00,4459,4459,4457,4458,37
2001/08/08,10:13:00,4457,4460,4457,4460,71
2001/08/08,10:14:00,4457,4461,4457,4461,56
2001/08/08,10:15:00,4461,4462,4461,4462,68
2001/08/08,10:16:00,4463,4463,4458,4458,43
2001/08/08,10:17:00,4457,4459,4452,4452,44
2001/08/08,10:18:00,4452,4452,4448,4448,43
2001/08/08,10:19:00,4448,4451,4448,4450,54
2001/08/08,10:20:00,4449,4451,4449,4449,29
2001/08/08,10:21:00,4449,4450,4449,4450,25
2001/08/08,10:22:00,4451,4454,4451,4454,33
2001/08/08,10:23:00,4455,4456,4453,4456,22
2001/08/08,10:24:00,4451,4452,4451,4452,23
2001/08/08,10:25:00,4451,4454,4451,4454,26
2001/08/08,10:26:00,4453,4454,4452,4452,26
2001/08/08,10:27:00,4452,4452,4451,4451,13
2001/08/08,10:28:00,4450,4450,4447,4447,39
2001/08/08,10:29:00,4447,4450,4447,4450,33
2001/08/08,10:30:00,4450,4451,4449,4451,38
2001/08/08,10:31:00,4451,4453,4451,4453,28
2001/08/08,10:32:00,4455,4457,4452,4457,52
2001/08/08,10:33:00,4457,4466,4457,4466,79
2001/08/08,10:34:00,4466,4466,4466,4466,126
2001/08/08,10:35:00,4474,4474,4467,4468,85
2001/08/08,10:36:00,4472,4476,4472,4475,92
2001/08/08,10:37:00,4476,4476,4472,4474,86
2001/08/08,10:38:00,4472,4476,4471,4476,65
2001/08/08,10:39:00,4470,4483,4470,4483,99
2001/08/08,10:40:00,4485,4485,4481,4485,103
2001/08/08,10:41:00,4486,4487,4485,4486,65
2001/08/08,10:42:00,4486,4486,4481,4486,59
2001/08/08,10:43:00,4481,4485,4479,4485,43
2001/08/08,10:44:00,4484,4484,4479,4479,22
2001/08/08,10:45:00,4481,4481,4480,4480,17
2001/08/08,10:46:00,4480,4480,4476,4477,28
2001/08/08,10:47:00,4476,4478,4476,4477,25
2001/08/08,10:48:00,4477,4477,4475,4475,10
2001/08/08,10:49:00,4473,4475,4471,4472,31
2001/08/08,10:50:00,4475,4478,4475,4478,42
2001/08/08,10:51:00,4479,4480,4478,4478,16
2001/08/08,10:52:00,4479,4483,4479,4483,22
2001/08/08,10:53:00,4479,4482,4479,4480,16
2001/08/08,10:54:00,4480,4480,4477,4477,14
2001/08/08,10:55:00,4476,4476,4476,4476,31
2001/08/08,10:56:00,4476,4476,4472,4472,23
2001/08/08,10:57:00,4472,4472,4471,4471,15
2001/08/08,10:58:00,4473,4473,4471,4471,25
2001/08/08,10:59:00,4471,4471,4470,4471,13
2001/08/08,11:00:00,4471,4474,4471,4473,19
2001/08/08,11:01:00,4474,4477,4474,4477,55
2001/08/08,11:02:00,4478,4481,4478,4481,51
2001/08/08,11:03:00,4482,4485,4481,4485,49
2001/08/08,11:04:00,4486,4486,4486,4486,44
2001/08/08,11:05:00,4486,4486,4485,4486,61
2001/08/08,11:06:00,4486,4486,4481,4484,33
2001/08/08,11:07:00,4481,4481,4478,4478,7
2001/08/08,11:08:00,4478,4481,4478,4481,14
2001/08/08,11:09:00,4482,4485,4482,4482,28
2001/08/08,11:10:00,4484,4484,4482,4482,12
2001/08/08,11:11:00,4476,4482,4476,4482,34
2001/08/08,11:12:00,4481,4481,4476,4476,26
2001/08/08,11:13:00,4477,4480,4477,4478,12
2001/08/08,11:14:00,4477,4477,4472,4472,18
2001/08/08,11:15:00,4474,4474,4471,4471,31
2001/08/08,11:16:00,4473,4473,4470,4471,16
2001/08/08,11:17:00,4471,4471,4469,4469,29
2001/08/08,11:18:00,4470,4470,4468,4468,23
2001/08/08,11:19:00,4467,4468,4466,4466,72
2001/08/08,11:20:00,4465,4465,4461,4461,67
2001/08/08,11:21:00,4461,4461,4459,4459,51
2001/08/08,11:22:00,4460,4464,4460,4464,48
2001/08/08,11:23:00,4466,4466,4462,4462,37
2001/08/08,11:24:00,4462,4465,4462,4465,22
2001/08/08,11:25:00,4465,4465,4463,4463,20
2001/08/08,11:26:00,4462,4462,4458,4458,45
2001/08/08,11:27:00,4457,4457,4452,4454,76
2001/08/08,11:28:00,4454,4457,4454,4457,55
2001/08/08,11:29:00,4455,4456,4455,4456,55
2001/08/08,11:30:00,4456,4456,4455,4456,26
2001/08/08,11:31:00,4456,4457,4456,4456,25
2001/08/08,11:32:00,4456,4456,4455,4456,37
2001/08/08,11:33:00,4456,4456,4456,4456,27
2001/08/08,11:34:00,4457,4457,4456,4457,24
2001/08/08,11:35:00,4457,4458,4456,4457,26
2001/08/08,11:36:00,4458,4459,4457,4459,35
2001/08/08,11:37:00,4460,4460,4460,4460,33
2001/08/08,11:38:00,4460,4461,4459,4459,28
2001/08/08,11:39:00,4460,4461,4458,4458,33
2001/08/08,11:40:00,4458,4460,4458,4460,18
2001/08/08,11:41:00,4459,4459,4455,4455,50
2001/08/08,11:42:00,4454,4454,4452,4452,43
2001/08/08,11:43:00,4454,4455,4454,4455,15
2001/08/08,11:44:00,4455,4456,4455,4456,19
2001/08/08,11:45:00,4456,4456,4452,4453,28
2001/08/08,11:46:00,4454,4454,4453,4454,16
2001/08/08,11:47:00,4456,4456,4452,4454,21
2001/08/08,11:48:00,4455,4455,4453,4455,31
2001/08/08,11:49:00,4456,4456,4453,4453,27
2001/08/08,11:50:00,4452,4452,4448,4450,73
2001/08/08,11:51:00,4448,4448,4442,4442,77
2001/08/08,11:52:00,4444,4444,4438,4438,63
2001/08/08,11:53:00,4441,4441,4440,4441,82
2001/08/08,11:54:00,4441,4441,4438,4441,44
2001/08/08,11:55:00,4440,4440,4438,4438,47
2001/08/08,11:56:00,4438,4438,4435,4435,74
2001/08/08,11:57:00,4434,4434,4432,4432,77
2001/08/08,11:58:00,4435,4435,4432,4434,62
2001/08/08,11:59:00,4435,4436,4435,4435,46
2001/08/08,12:00:00,4436,4439,4436,4439,59
2001/08/08,12:01:00,4439,4440,4439,4439,54
2001/08/08,12:02:00,4440,4440,4439,4440,43
2001/08/08,12:03:00,4440,4440,4436,4436,55
2001/08/08,12:04:00,4435,4435,4428,4428,116
2001/08/08,12:05:00,4426,4427,4426,4427,99
2001/08/08,12:06:00,4427,4431,4427,4431,57
2001/08/08,12:07:00,4431,4431,4430,4430,38
2001/08/08,12:08:00,4430,4430,4427,4429,55
2001/08/08,12:09:00,4426,4429,4426,4429,59
2001/08/08,12:10:00,4429,4429,4427,4429,27
2001/08/08,12:11:00,4428,4431,4428,4431,45
2001/08/08,12:12:00,4431,4437,4431,4436,61
2001/08/08,12:13:00,4437,4440,4437,4438,60
2001/08/08,12:14:00,4440,4441,4440,4441,40
2001/08/08,12:15:00,4444,4445,4444,4444,50
2001/08/08,12:16:00,4443,4444,4442,4442,37
2001/08/08,12:17:00,4441,4441,4440,4441,53
2001/08/08,12:18:00,4441,4443,4441,4442,24
2001/08/08,12:19:00,4442,4443,4441,4442,36
2001/08/08,12:20:00,4442,4442,4441,4442,25
2001/08/08,12:21:00,4441,4441,4436,4436,21
2001/08/08,12:22:00,4436,4436,4433,4433,21
2001/08/08,12:23:00,4432,4436,4432,4432,10
2001/08/08,12:24:00,4433,4433,4431,4433,17
2001/08/08,12:25:00,4434,4435,4433,4433,12
2001/08/08,12:26:00,4435,4435,4433,4433,20
2001/08/08,12:27:00,4432,4437,4432,4434,27
2001/08/08,12:28:00,4437,4437,4434,4436,31
2001/08/08,12:29:00,4436,4438,4436,4438,33
2001/08/08,12:30:00,4439,4440,4439,4440,24
2001/08/08,12:31:00,4441,4442,4438,4441,26
2001/08/08,12:32:00,4441,4441,4439,4439,26
2001/08/08,12:33:00,4438,4438,4434,4434,22
2001/08/08,12:34:00,4433,4436,4433,4436,14
2001/08/08,12:35:00,4436,4436,4434,4436,18
2001/08/08,12:36:00,4432,4435,4432,4433,13
2001/08/08,12:37:00,4434,4436,4433,4434,9
2001/08/08,12:38:00,4434,4440,4434,4440,24
2001/08/08,12:39:00,4440,4443,4440,4443,36
2001/08/08,12:40:00,4443,4447,4443,4447,45
2001/08/08,12:41:00,4450,4450,4450,4450,41
2001/08/08,12:42:00,4451,4451,4448,4448,28
2001/08/08,12:43:00,4447,4447,4444,4446,35
2001/08/08,12:44:00,4444,4449,4444,4449,17
2001/08/08,12:45:00,4449,4450,4449,4449,30
2001/08/08,12:46:00,4451,4458,4451,4458,92
2001/08/08,12:47:00,4461,4461,4458,4459,86
2001/08/08,12:48:00,4459,4460,4459,4460,55
2001/08/08,12:49:00,4458,4463,4458,4463,63
2001/08/08,12:50:00,4463,4466,4461,4466,56
2001/08/08,12:51:00,4461,4469,4461,4469,66
2001/08/08,12:52:00,4467,4471,4467,4471,49
2001/08/08,12:53:00,4469,4471,4466,4466,42
2001/08/08,12:54:00,4469,4470,4466,4468,26
2001/08/08,12:55:00,4467,4469,4466,4469,58
2001/08/08,12:56:00,4467,4470,4467,4470,51
2001/08/08,12:57:00,4470,4476,4470,4476,95
2001/08/08,12:58:00,4476,4480,4476,4480,75
2001/08/08,12:59:00,4480,4481,4480,4480,63
2001/08/08,13:00:00,4476,4479,4476,4476,83
2001/08/08,13:01:00,4476,4476,4472,4472,45
2001/08/08,13:02:00,4476,4476,4471,4476,34
2001/08/08,13:03:00,4476,4476,4471,4471,30
2001/08/08,13:04:00,4471,4474,4471,4473,30
2001/08/08,13:05:00,4472,4472,4471,4471,43
2001/08/08,13:06:00,4471,4471,4466,4466,61
2001/08/08,13:07:00,4467,4467,4457,4457,64
2001/08/08,13:08:00,4457,4459,4457,4459,34
2001/08/08,13:09:00,4457,4459,4457,4459,45
2001/08/08,13:10:00,4459,4459,4446,4446,81
2001/08/08,13:11:00,4446,4446,4443,4444,44
2001/08/08,13:12:00,4445,4445,4440,4441,57
2001/08/08,13:13:00,4439,4439,4436,4436,89
2001/08/08,13:14:00,4436,4436,4432,4434,70
2001/08/08,13:15:00,4434,4435,4433,4435,67
2001/08/08,13:16:00,4436,4444,4436,4444,49
2001/08/08,13:17:00,4444,4444,4439,4439,38
2001/08/08,13:18:00,4441,4444,4437,4440,50
2001/08/08,13:19:00,4440,4451,4440,4451,61
2001/08/08,13:20:00,4454,4455,4449,4454,35
2001/08/08,13:21:00,4455,4461,4455,4459,43
2001/08/08,13:22:00,4464,4464,4463,4464,56
2001/08/08,13:23:00,4464,4464,4461,4464,60
2001/08/08,13:24:00,4463,4471,4463,4471,78
2001/08/08,13:25:00,4472,4475,4469,4473,98
2001/08/08,13:26:00,4473,4476,4473,4476,104
2001/08/08,13:27:00,4476,4484,4476,4481,154
2001/08/08,13:28:00,4483,4483,4476,4476,98
2001/08/08,13:29:00,4476,4479,4473,4477,79
2001/08/08,13:30:00,4479,4484,4479,4484,109
2001/08/08,13:31:00,4485,4494,4485,4494,209
2001/08/08,13:32:00,4492,4494,4492,4494,121
2001/08/08,13:33:00,4494,4495,4492,4495,121
2001/08/08,13:34:00,4495,4499,4495,4499,140
2001/08/08,13:35:00,4496,4501,4496,4501,90
2001/08/08,13:36:00,4501,4501,4498,4499,71
2001/08/08,13:37:00,4500,4500,4496,4496,66
2001/08/08,13:38:00,4498,4506,4498,4501,147
2001/08/08,13:39:00,4504,4508,4503,4506,90
2001/08/08,13:40:00,4506,4512,4506,4511,103
2001/08/08,13:41:00,4511,4511,4511,4511,9
2001/08/08,13:42:00,4511,4511,4511,4511,0
2001/08/08,13:43:00,4511,4511,4511,4511,0
2001/08/08,13:44:00,4511,4511,4511,4511,0
2001/08/08,13:45:00,4512,4512,4512,4512,469
