Date,Time,Open,High,Low,Close,Volume
2001/08/10,08:46:00,4406,4413,4406,4411,66
2001/08/10,08:47:00,4411,4416,4408,4416,19
2001/08/10,08:48:00,4420,4420,4415,4416,51
2001/08/10,08:49:00,4416,4416,4416,4416,46
2001/08/10,08:50:00,4414,4416,4414,4416,27
2001/08/10,08:51:00,4416,4416,4414,4415,22
2001/08/10,08:52:00,4416,4420,4416,4416,35
2001/08/10,08:53:00,4419,4421,4419,4421,36
2001/08/10,08:54:00,4421,4424,4421,4421,48
2001/08/10,08:55:00,4424,4426,4424,4426,47
2001/08/10,08:56:00,4426,4426,4424,4426,107
2001/08/10,08:57:00,4429,4429,4426,4426,47
2001/08/10,08:58:00,4430,4430,4425,4425,40
2001/08/10,08:59:00,4426,4426,4423,4424,17
2001/08/10,09:00:00,4422,4422,4421,4422,43
2001/08/10,09:01:00,4423,4430,4423,4430,51
2001/08/10,09:02:00,4426,4432,4426,4432,110
2001/08/10,09:03:00,4432,4432,4423,4423,68
2001/08/10,09:04:00,4423,4423,4416,4416,59
2001/08/10,09:05:00,4416,4416,4413,4414,72
2001/08/10,09:06:00,4413,4416,4412,4413,58
2001/08/10,09:07:00,4411,4411,4404,4404,82
2001/08/10,09:08:00,4402,4402,4399,4399,90
2001/08/10,09:09:00,4399,4399,4395,4396,131
2001/08/10,09:10:00,4396,4396,4392,4392,104
2001/08/10,09:11:00,4392,4392,4391,4391,86
2001/08/10,09:12:00,4388,4391,4386,4390,112
2001/08/10,09:13:00,4390,4391,4388,4389,89
2001/08/10,09:14:00,4390,4391,4390,4391,59
2001/08/10,09:15:00,4391,4395,4391,4395,54
2001/08/10,09:16:00,4396,4401,4396,4401,45
2001/08/10,09:17:00,4401,4401,4398,4398,61
2001/08/10,09:18:00,4396,4396,4394,4394,78
2001/08/10,09:19:00,4391,4392,4391,4391,60
2001/08/10,09:20:00,4391,4396,4391,4395,34
2001/08/10,09:21:00,4395,4395,4391,4391,22
2001/08/10,09:22:00,4391,4391,4388,4388,53
2001/08/10,09:23:00,4388,4388,4386,4386,70
2001/08/10,09:24:00,4384,4386,4384,4386,37
2001/08/10,09:25:00,4386,4386,4382,4382,29
2001/08/10,09:26:00,4381,4381,4378,4378,69
2001/08/10,09:27:00,4379,4379,4370,4371,129
2001/08/10,09:28:00,4372,4372,4369,4370,60
2001/08/10,09:29:00,4370,4372,4369,4372,54
2001/08/10,09:30:00,4372,4372,4368,4370,76
2001/08/10,09:31:00,4370,4370,4366,4366,64
2001/08/10,09:32:00,4367,4367,4365,4366,75
2001/08/10,09:33:00,4364,4370,4364,4370,68
2001/08/10,09:34:00,4371,4375,4371,4375,46
2001/08/10,09:35:00,4375,4376,4372,4374,38
2001/08/10,09:36:00,4375,4375,4374,4374,28
2001/08/10,09:37:00,4374,4376,4372,4374,21
2001/08/10,09:38:00,4375,4376,4371,4375,34
2001/08/10,09:39:00,4372,4373,4372,4372,25
2001/08/10,09:40:00,4372,4373,4372,4372,27
2001/08/10,09:41:00,4373,4375,4373,4375,16
2001/08/10,09:42:00,4373,4374,4373,4373,17
2001/08/10,09:43:00,4373,4373,4366,4366,60
2001/08/10,09:44:00,4366,4366,4366,4366,27
2001/08/10,09:45:00,4366,4366,4364,4364,29
2001/08/10,09:46:00,4363,4366,4361,4363,44
2001/08/10,09:47:00,4363,4366,4363,4363,22
2001/08/10,09:48:00,4367,4367,4366,4367,23
2001/08/10,09:49:00,4367,4368,4366,4368,32
2001/08/10,09:50:00,4370,4373,4369,4373,26
2001/08/10,09:51:00,4373,4376,4373,4376,26
2001/08/10,09:52:00,4374,4376,4374,4376,17
2001/08/10,09:53:00,4376,4376,4376,4376,24
2001/08/10,09:54:00,4376,4376,4372,4375,15
2001/08/10,09:55:00,4371,4375,4369,4373,26
2001/08/10,09:56:00,4369,4371,4368,4371,18
2001/08/10,09:57:00,4373,4373,4371,4371,19
2001/08/10,09:58:00,4369,4369,4361,4361,70
2001/08/10,09:59:00,4361,4362,4361,4361,41
2001/08/10,10:00:00,4361,4361,4361,4361,32
2001/08/10,10:01:00,4361,4366,4361,4366,20
2001/08/10,10:02:00,4366,4371,4366,4371,14
2001/08/10,10:03:00,4370,4371,4369,4371,16
2001/08/10,10:04:00,4371,4371,4368,4370,8
2001/08/10,10:05:00,4371,4374,4371,4374,22
2001/08/10,10:06:00,4373,4374,4373,4374,16
2001/08/10,10:07:00,4374,4375,4374,4375,16
2001/08/10,10:08:00,4375,4377,4375,4377,72
2001/08/10,10:09:00,4379,4381,4379,4380,34
2001/08/10,10:10:00,4380,4380,4378,4379,24
2001/08/10,10:11:00,4379,4379,4377,4379,16
2001/08/10,10:12:00,4379,4380,4379,4380,21
2001/08/10,10:13:00,4378,4381,4378,4380,24
2001/08/10,10:14:00,4380,4380,4377,4378,35
2001/08/10,10:15:00,4376,4378,4376,4376,24
2001/08/10,10:16:00,4369,4374,4369,4374,16
2001/08/10,10:17:00,4374,4374,4371,4372,11
2001/08/10,10:18:00,4372,4372,4371,4371,8
2001/08/10,10:19:00,4372,4374,4371,4371,20
2001/08/10,10:20:00,4375,4375,4371,4374,14
2001/08/10,10:21:00,4373,4374,4373,4374,7
2001/08/10,10:22:00,4374,4376,4374,4376,27
2001/08/10,10:23:00,4376,4379,4376,4376,28
2001/08/10,10:24:00,4380,4380,4376,4379,21
2001/08/10,10:25:00,4379,4381,4378,4378,17
2001/08/10,10:26:00,4378,4379,4377,4379,17
2001/08/10,10:27:00,4376,4377,4376,4376,13
2001/08/10,10:28:00,4380,4380,4380,4380,18
2001/08/10,10:29:00,4380,4381,4380,4381,24
2001/08/10,10:30:00,4381,4386,4381,4386,69
2001/08/10,10:31:00,4385,4386,4385,4386,25
2001/08/10,10:32:00,4386,4389,4386,4388,29
2001/08/10,10:33:00,4386,4387,4385,4385,34
2001/08/10,10:34:00,4384,4388,4384,4385,36
2001/08/10,10:35:00,4384,4384,4383,4383,32
2001/08/10,10:36:00,4386,4387,4384,4387,40
2001/08/10,10:37:00,4387,4390,4387,4390,37
2001/08/10,10:38:00,4388,4389,4388,4388,62
2001/08/10,10:39:00,4388,4388,4384,4385,80
2001/08/10,10:40:00,4384,4385,4384,4385,27
2001/08/10,10:41:00,4384,4384,4383,4383,24
2001/08/10,10:42:00,4384,4384,4383,4383,29
2001/08/10,10:43:00,4383,4384,4383,4384,21
2001/08/10,10:44:00,4384,4385,4384,4385,33
2001/08/10,10:45:00,4385,4385,4383,4383,38
2001/08/10,10:46:00,4384,4386,4384,4384,26
2001/08/10,10:47:00,4386,4386,4384,4384,34
2001/08/10,10:48:00,4385,4386,4384,4384,25
2001/08/10,10:49:00,4385,4385,4383,4383,31
2001/08/10,10:50:00,4383,4383,4381,4381,57
2001/08/10,10:51:00,4381,4381,4379,4379,38
2001/08/10,10:52:00,4378,4378,4377,4377,33
2001/08/10,10:53:00,4377,4377,4377,4377,20
2001/08/10,10:54:00,4377,4377,4376,4376,26
2001/08/10,10:55:00,4376,4376,4375,4376,29
2001/08/10,10:56:00,4376,4376,4375,4375,23
2001/08/10,10:57:00,4375,4375,4373,4374,35
2001/08/10,10:58:00,4373,4373,4367,4368,49
2001/08/10,10:59:00,4368,4368,4366,4366,25
2001/08/10,11:00:00,4367,4370,4366,4368,29
2001/08/10,11:01:00,4368,4373,4368,4373,17
2001/08/10,11:02:00,4369,4371,4369,4371,13
2001/08/10,11:03:00,4368,4370,4368,4369,13
2001/08/10,11:04:00,4368,4370,4368,4370,27
2001/08/10,11:05:00,4370,4370,4368,4368,33
2001/08/10,11:06:00,4368,4369,4367,4367,40
2001/08/10,11:07:00,4366,4366,4363,4363,45
2001/08/10,11:08:00,4364,4364,4363,4364,17
2001/08/10,11:09:00,4365,4371,4365,4370,20
2001/08/10,11:10:00,4367,4370,4366,4370,7
2001/08/10,11:11:00,4370,4370,4370,4370,4
2001/08/10,11:12:00,4370,4370,4369,4369,4
2001/08/10,11:13:00,4369,4370,4369,4370,15
2001/08/10,11:14:00,4369,4369,4367,4369,50
2001/08/10,11:15:00,4370,4370,4368,4368,18
2001/08/10,11:16:00,4368,4369,4368,4369,16
2001/08/10,11:17:00,4369,4369,4366,4366,33
2001/08/10,11:18:00,4365,4366,4365,4366,18
2001/08/10,11:19:00,4365,4368,4365,4368,30
2001/08/10,11:20:00,4369,4373,4369,4373,65
2001/08/10,11:21:00,4373,4376,4373,4376,37
2001/08/10,11:22:00,4375,4376,4374,4374,30
2001/08/10,11:23:00,4374,4374,4371,4371,22
2001/08/10,11:24:00,4371,4371,4370,4370,5
2001/08/10,11:25:00,4366,4366,4363,4366,33
2001/08/10,11:26:00,4363,4363,4362,4362,32
2001/08/10,11:27:00,4362,4363,4362,4363,26
2001/08/10,11:28:00,4362,4364,4362,4364,48
2001/08/10,11:29:00,4366,4366,4366,4366,43
2001/08/10,11:30:00,4366,4366,4365,4365,28
2001/08/10,11:31:00,4365,4365,4362,4362,20
2001/08/10,11:32:00,4362,4363,4362,4363,31
2001/08/10,11:33:00,4363,4363,4361,4361,64
2001/08/10,11:34:00,4361,4361,4357,4357,40
2001/08/10,11:35:00,4357,4357,4352,4352,107
2001/08/10,11:36:00,4352,4352,4351,4351,67
2001/08/10,11:37:00,4351,4352,4351,4351,57
2001/08/10,11:38:00,4351,4352,4350,4352,31
2001/08/10,11:39:00,4351,4354,4351,4354,46
2001/08/10,11:40:00,4354,4355,4354,4355,30
2001/08/10,11:41:00,4355,4355,4353,4354,30
2001/08/10,11:42:00,4354,4354,4351,4351,22
2001/08/10,11:43:00,4351,4351,4349,4349,53
2001/08/10,11:44:00,4349,4351,4349,4351,64
2001/08/10,11:45:00,4346,4350,4346,4346,149
2001/08/10,11:46:00,4345,4346,4345,4346,41
2001/08/10,11:47:00,4347,4351,4346,4351,67
2001/08/10,11:48:00,4352,4353,4352,4353,28
2001/08/10,11:49:00,4354,4355,4354,4355,49
2001/08/10,11:50:00,4356,4360,4356,4360,17
2001/08/10,11:51:00,4360,4363,4360,4363,21
2001/08/10,11:52:00,4362,4364,4362,4363,45
2001/08/10,11:53:00,4365,4371,4365,4370,38
2001/08/10,11:54:00,4370,4370,4367,4369,35
2001/08/10,11:55:00,4369,4369,4367,4368,24
2001/08/10,11:56:00,4367,4368,4366,4368,13
2001/08/10,11:57:00,4367,4367,4366,4366,16
2001/08/10,11:58:00,4367,4369,4367,4369,13
2001/08/10,11:59:00,4369,4370,4369,4369,25
2001/08/10,12:00:00,4369,4369,4366,4366,25
2001/08/10,12:01:00,4366,4367,4366,4367,22
2001/08/10,12:02:00,4366,4369,4366,4369,18
2001/08/10,12:03:00,4369,4374,4369,4374,36
2001/08/10,12:04:00,4371,4380,4371,4379,25
2001/08/10,12:05:00,4378,4378,4376,4376,19
2001/08/10,12:06:00,4376,4376,4376,4376,24
2001/08/10,12:07:00,4376,4377,4373,4376,23
2001/08/10,12:08:00,4376,4376,4373,4376,21
2001/08/10,12:09:00,4372,4378,4372,4378,33
2001/08/10,12:10:00,4371,4378,4371,4376,22
2001/08/10,12:11:00,4376,4376,4375,4375,18
2001/08/10,12:12:00,4377,4378,4377,4378,23
2001/08/10,12:13:00,4377,4377,4376,4376,21
2001/08/10,12:14:00,4376,4377,4375,4377,21
2001/08/10,12:15:00,4376,4380,4376,4377,19
2001/08/10,12:16:00,4377,4379,4376,4376,20
2001/08/10,12:17:00,4382,4398,4382,4398,177
2001/08/10,12:18:00,4401,4420,4401,4420,194
2001/08/10,12:19:00,4412,4416,4411,4411,123
2001/08/10,12:20:00,4411,4414,4411,4411,60
2001/08/10,12:21:00,4412,4413,4411,4411,87
2001/08/10,12:22:00,4411,4412,4408,4410,60
2001/08/10,12:23:00,4408,4408,4401,4404,59
2001/08/10,12:24:00,4402,4402,4401,4401,40
2001/08/10,12:25:00,4401,4404,4401,4402,44
2001/08/10,12:26:00,4406,4407,4402,4407,40
2001/08/10,12:27:00,4403,4404,4403,4403,47
2001/08/10,12:28:00,4403,4404,4402,4402,66
2001/08/10,12:29:00,4403,4403,4399,4399,66
2001/08/10,12:30:00,4396,4396,4391,4393,56
2001/08/10,12:31:00,4392,4396,4392,4396,35
2001/08/10,12:32:00,4393,4396,4393,4396,36
2001/08/10,12:33:00,4396,4396,4393,4396,33
2001/08/10,12:34:00,4396,4396,4394,4396,28
2001/08/10,12:35:00,4396,4401,4396,4401,24
2001/08/10,12:36:00,4401,4415,4401,4415,78
2001/08/10,12:37:00,4415,4416,4415,4415,72
2001/08/10,12:38:00,4416,4416,4411,4411,72
2001/08/10,12:39:00,4409,4411,4405,4406,48
2001/08/10,12:40:00,4411,4413,4411,4411,37
2001/08/10,12:41:00,4413,4416,4411,4416,36
2001/08/10,12:42:00,4415,4418,4415,4418,53
2001/08/10,12:43:00,4417,4419,4416,4419,43
2001/08/10,12:44:00,4419,4420,4419,4419,47
2001/08/10,12:45:00,4416,4419,4412,4418,54
2001/08/10,12:46:00,4418,4426,4418,4426,96
2001/08/10,12:47:00,4426,4436,4426,4435,167
2001/08/10,12:48:00,4436,4439,4434,4439,116
2001/08/10,12:49:00,4441,4444,4436,4444,109
2001/08/10,12:50:00,4443,4452,4443,4447,103
2001/08/10,12:51:00,4456,4456,4447,4450,97
2001/08/10,12:52:00,4451,4451,4451,4451,107
2001/08/10,12:53:00,4451,4451,4448,4450,104
2001/08/10,12:54:00,4446,4446,4438,4445,64
2001/08/10,12:55:00,4444,4445,4439,4442,59
2001/08/10,12:56:00,4442,4443,4438,4441,60
2001/08/10,12:57:00,4441,4441,4438,4438,51
2001/08/10,12:58:00,4439,4439,4436,4436,71
2001/08/10,12:59:00,4436,4437,4436,4437,63
2001/08/10,13:00:00,4437,4441,4436,4441,50
2001/08/10,13:01:00,4442,4448,4442,4448,84
2001/08/10,13:02:00,4448,4454,4448,4450,61
2001/08/10,13:03:00,4450,4451,4450,4451,33
2001/08/10,13:04:00,4451,4454,4451,4453,41
2001/08/10,13:05:00,4456,4456,4456,4456,94
2001/08/10,13:06:00,4457,4457,4451,4451,64
2001/08/10,13:07:00,4451,4451,4441,4446,50
2001/08/10,13:08:00,4446,4446,4444,4446,31
2001/08/10,13:09:00,4445,4450,4444,4450,35
2001/08/10,13:10:00,4450,4451,4450,4451,35
2001/08/10,13:11:00,4451,4453,4450,4453,29
2001/08/10,13:12:00,4456,4471,4456,4471,156
2001/08/10,13:13:00,4471,4476,4471,4476,151
2001/08/10,13:14:00,4476,4484,4476,4484,131
2001/08/10,13:15:00,4484,4486,4476,4486,127
2001/08/10,13:16:00,4481,4486,4481,4483,147
2001/08/10,13:17:00,4481,4482,4476,4479,71
2001/08/10,13:18:00,4476,4476,4471,4471,47
2001/08/10,13:19:00,4466,4471,4466,4468,67
2001/08/10,13:20:00,4466,4466,4463,4463,54
2001/08/10,13:21:00,4465,4468,4465,4466,47
2001/08/10,13:22:00,4466,4469,4466,4466,53
2001/08/10,13:23:00,4466,4468,4466,4466,32
2001/08/10,13:24:00,4469,4473,4466,4473,48
2001/08/10,13:25:00,4476,4478,4476,4476,78
2001/08/10,13:26:00,4476,4476,4471,4471,28
2001/08/10,13:27:00,4475,4475,4467,4470,20
2001/08/10,13:28:00,4466,4466,4456,4456,69
2001/08/10,13:29:00,4457,4461,4456,4461,23
2001/08/10,13:30:00,4461,4472,4461,4464,26
2001/08/10,13:31:00,4470,4471,4463,4464,38
2001/08/10,13:32:00,4470,4470,4466,4466,20
2001/08/10,13:33:00,4464,4468,4464,4468,36
2001/08/10,13:34:00,4469,4469,4466,4466,29
2001/08/10,13:35:00,4468,4470,4466,4466,40
2001/08/10,13:36:00,4468,4468,4466,4466,31
2001/08/10,13:37:00,4466,4466,4464,4466,46
2001/08/10,13:38:00,4466,4466,4463,4464,84
2001/08/10,13:39:00,4462,4462,4461,4462,49
2001/08/10,13:40:00,4462,4465,4461,4462,38
2001/08/10,13:41:00,4463,4463,4463,4463,7
2001/08/10,13:42:00,4463,4463,4463,4463,0
2001/08/10,13:43:00,4463,4463,4463,4463,0
2001/08/10,13:44:00,4463,4463,4463,4463,0
2001/08/10,13:45:00,4465,4465,4465,4465,219
