Date,Time,Open,High,Low,Close,Volume
2021/01/26,15:01:00,15615,15654,15613,15651,839
2021/01/26,15:02:00,15653,15676,15650,15659,682
2021/01/26,15:03:00,15661,15669,15654,15667,403
2021/01/26,15:04:00,15668,15678,15666,15670,517
2021/01/26,15:05:00,15670,15677,15665,15665,276
2021/01/26,15:06:00,15666,15670,15660,15665,216
2021/01/26,15:07:00,15665,15675,15665,15666,206
2021/01/26,15:08:00,15666,15671,15664,15667,118
2021/01/26,15:09:00,15668,15669,15663,15663,62
2021/01/26,15:10:00,15663,15666,15660,15666,143
2021/01/26,15:11:00,15667,15670,15666,15666,106
2021/01/26,15:12:00,15665,15667,15662,15664,47
2021/01/26,15:13:00,15663,15666,15662,15662,53
2021/01/26,15:14:00,15661,15665,15661,15662,86
2021/01/26,15:15:00,15661,15668,15661,15665,83
2021/01/26,15:16:00,15666,15669,15664,15667,98
2021/01/26,15:17:00,15665,15667,15664,15666,38
2021/01/26,15:18:00,15667,15674,15667,15674,216
2021/01/26,15:19:00,15674,15675,15670,15671,93
2021/01/26,15:20:00,15671,15672,15668,15670,52
2021/01/26,15:21:00,15670,15683,15670,15680,276
2021/01/26,15:22:00,15681,15686,15676,15681,289
2021/01/26,15:23:00,15681,15685,15677,15678,140
2021/01/26,15:24:00,15678,15680,15675,15680,81
2021/01/26,15:25:00,15679,15681,15677,15680,82
2021/01/26,15:26:00,15679,15685,15679,15683,99
2021/01/26,15:27:00,15683,15683,15681,15682,40
2021/01/26,15:28:00,15681,15694,15681,15691,429
2021/01/26,15:29:00,15691,15693,15688,15688,148
2021/01/26,15:30:00,15687,15688,15684,15684,139
2021/01/26,15:31:00,15685,15698,15685,15692,281
2021/01/26,15:32:00,15691,15692,15688,15688,92
2021/01/26,15:33:00,15687,15687,15685,15687,47
2021/01/26,15:34:00,15685,15685,15679,15681,132
2021/01/26,15:35:00,15680,15681,15678,15679,96
2021/01/26,15:36:00,15680,15681,15680,15680,24
2021/01/26,15:37:00,15680,15680,15675,15678,52
2021/01/26,15:38:00,15677,15678,15672,15676,121
2021/01/26,15:39:00,15676,15679,15676,15678,107
2021/01/26,15:40:00,15678,15678,15673,15673,62
2021/01/26,15:41:00,15673,15678,15673,15678,99
2021/01/26,15:42:00,15679,15681,15677,15677,56
2021/01/26,15:43:00,15677,15678,15673,15674,51
2021/01/26,15:44:00,15673,15677,15671,15673,94
2021/01/26,15:45:00,15673,15673,15671,15673,40
2021/01/26,15:46:00,15673,15676,15672,15672,82
2021/01/26,15:47:00,15674,15677,15674,15677,47
2021/01/26,15:48:00,15677,15680,15677,15679,53
2021/01/26,15:49:00,15679,15680,15676,15678,37
2021/01/26,15:50:00,15677,15678,15675,15678,51
2021/01/26,15:51:00,15678,15678,15674,15675,46
2021/01/26,15:52:00,15676,15678,15675,15675,21
2021/01/26,15:53:00,15675,15675,15674,15674,14
2021/01/26,15:54:00,15674,15678,15674,15676,25
2021/01/26,15:55:00,15676,15682,15675,15681,142
2021/01/26,15:56:00,15681,15683,15678,15683,89
2021/01/26,15:57:00,15682,15683,15678,15680,93
2021/01/26,15:58:00,15679,15681,15679,15681,13
2021/01/26,15:59:00,15681,15681,15679,15681,25
2021/01/26,16:00:00,15680,15681,15677,15678,66
2021/01/26,16:01:00,15680,15687,15680,15686,147
2021/01/26,16:02:00,15687,15688,15682,15684,111
2021/01/26,16:03:00,15684,15688,15681,15684,115
2021/01/26,16:04:00,15683,15685,15677,15677,66
2021/01/26,16:05:00,15678,15680,15676,15679,91
2021/01/26,16:06:00,15678,15678,15677,15678,11
2021/01/26,16:07:00,15678,15684,15678,15683,50
2021/01/26,16:08:00,15684,15685,15682,15685,35
2021/01/26,16:09:00,15684,15686,15680,15680,40
2021/01/26,16:10:00,15681,15681,15677,15677,57
2021/01/26,16:11:00,15678,15682,15678,15681,24
2021/01/26,16:12:00,15682,15685,15680,15680,35
2021/01/26,16:13:00,15681,15687,15681,15686,84
2021/01/26,16:14:00,15686,15686,15682,15682,74
2021/01/26,16:15:00,15683,15683,15680,15680,10
2021/01/26,16:16:00,15681,15689,15681,15686,108
2021/01/26,16:17:00,15685,15685,15683,15683,26
2021/01/26,16:18:00,15683,15685,15682,15682,39
2021/01/26,16:19:00,15681,15684,15680,15684,62
2021/01/26,16:20:00,15683,15684,15683,15684,23
2021/01/26,16:21:00,15685,15686,15683,15683,39
2021/01/26,16:22:00,15682,15682,15680,15681,21
2021/01/26,16:23:00,15682,15684,15681,15684,12
2021/01/26,16:24:00,15683,15683,15680,15683,20
2021/01/26,16:25:00,15681,15681,15675,15675,104
2021/01/26,16:26:00,15676,15679,15672,15679,58
2021/01/26,16:27:00,15679,15680,15678,15680,32
2021/01/26,16:28:00,15680,15680,15673,15676,69
2021/01/26,16:29:00,15676,15680,15676,15679,19
2021/01/26,16:30:00,15679,15679,15678,15678,23
2021/01/26,16:31:00,15678,15683,15678,15682,111
2021/01/26,16:32:00,15681,15682,15678,15678,58
2021/01/26,16:33:00,15679,15680,15678,15678,21
2021/01/26,16:34:00,15677,15682,15676,15682,33
2021/01/26,16:35:00,15681,15682,15680,15681,10
2021/01/26,16:36:00,15682,15684,15682,15683,61
2021/01/26,16:37:00,15683,15685,15682,15683,28
2021/01/26,16:38:00,15683,15684,15683,15684,7
2021/01/26,16:39:00,15684,15684,15682,15682,14
2021/01/26,16:40:00,15682,15682,15681,15681,9
2021/01/26,16:41:00,15681,15682,15681,15682,25
2021/01/26,16:42:00,15682,15682,15680,15680,10
2021/01/26,16:43:00,15682,15682,15681,15681,3
2021/01/26,16:44:00,15681,15681,15680,15680,9
2021/01/26,16:45:00,15681,15681,15679,15679,11
2021/01/26,16:46:00,15680,15686,15680,15684,78
2021/01/26,16:47:00,15683,15686,15683,15685,36
2021/01/26,16:48:00,15684,15685,15684,15685,8
2021/01/26,16:49:00,15685,15690,15685,15688,82
2021/01/26,16:50:00,15688,15688,15687,15687,26
2021/01/26,16:51:00,15688,15692,15687,15688,92
2021/01/26,16:52:00,15688,15691,15687,15690,48
2021/01/26,16:53:00,15691,15692,15690,15690,46
2021/01/26,16:54:00,15690,15691,15688,15688,14
2021/01/26,16:55:00,15688,15689,15686,15686,38
2021/01/26,16:56:00,15686,15688,15685,15688,17
2021/01/26,16:57:00,15688,15689,15687,15687,18
2021/01/26,16:58:00,15686,15686,15684,15686,40
2021/01/26,16:59:00,15687,15689,15687,15688,30
2021/01/26,17:00:00,15687,15688,15686,15687,18
2021/01/26,17:01:00,15688,15691,15688,15691,80
2021/01/26,17:02:00,15690,15700,15690,15698,353
2021/01/26,17:03:00,15698,15705,15697,15705,226
2021/01/26,17:04:00,15705,15705,15701,15702,64
2021/01/26,17:05:00,15702,15704,15701,15702,76
2021/01/26,17:06:00,15702,15704,15702,15704,73
2021/01/26,17:07:00,15704,15707,15703,15705,134
2021/01/26,17:08:00,15705,15707,15702,15702,58
2021/01/26,17:09:00,15702,15703,15701,15701,20
2021/01/26,17:10:00,15702,15702,15700,15700,56
2021/01/26,17:11:00,15699,15700,15698,15698,50
2021/01/26,17:12:00,15699,15701,15698,15701,67
2021/01/26,17:13:00,15701,15703,15700,15703,25
2021/01/26,17:14:00,15702,15705,15702,15704,37
2021/01/26,17:15:00,15703,15704,15701,15702,39
2021/01/26,17:16:00,15702,15707,15702,15707,76
2021/01/26,17:17:00,15707,15709,15706,15706,139
2021/01/26,17:18:00,15706,15706,15702,15703,46
2021/01/26,17:19:00,15703,15703,15703,15703,17
2021/01/26,17:20:00,15704,15705,15702,15704,58
2021/01/26,17:21:00,15703,15706,15703,15705,30
2021/01/26,17:22:00,15705,15715,15705,15714,215
2021/01/26,17:23:00,15714,15718,15713,15717,134
2021/01/26,17:24:00,15718,15718,15714,15716,94
2021/01/26,17:25:00,15715,15722,15715,15721,253
2021/01/26,17:26:00,15721,15721,15719,15719,45
2021/01/26,17:27:00,15719,15719,15717,15717,71
2021/01/26,17:28:00,15718,15719,15717,15717,35
2021/01/26,17:29:00,15717,15717,15714,15715,42
2021/01/26,17:30:00,15714,15716,15714,15715,46
2021/01/26,17:31:00,15716,15725,15716,15724,168
2021/01/26,17:32:00,15723,15723,15720,15720,86
2021/01/26,17:33:00,15720,15721,15719,15720,54
2021/01/26,17:34:00,15720,15722,15719,15719,57
2021/01/26,17:35:00,15719,15720,15718,15718,12
2021/01/26,17:36:00,15718,15721,15718,15718,57
2021/01/26,17:37:00,15720,15720,15719,15719,16
2021/01/26,17:38:00,15719,15719,15715,15715,61
2021/01/26,17:39:00,15716,15716,15708,15710,190
2021/01/26,17:40:00,15710,15710,15708,15708,69
2021/01/26,17:41:00,15709,15712,15709,15710,71
2021/01/26,17:42:00,15710,15712,15710,15710,17
2021/01/26,17:43:00,15710,15710,15708,15708,29
2021/01/26,17:44:00,15709,15710,15709,15710,38
2021/01/26,17:45:00,15710,15711,15709,15710,18
2021/01/26,17:46:00,15711,15712,15707,15709,52
2021/01/26,17:47:00,15709,15713,15708,15712,88
2021/01/26,17:48:00,15712,15712,15707,15707,51
2021/01/26,17:49:00,15707,15709,15706,15707,55
2021/01/26,17:50:00,15707,15709,15707,15708,24
2021/01/26,17:51:00,15709,15710,15709,15710,19
2021/01/26,17:52:00,15710,15710,15706,15706,55
2021/01/26,17:53:00,15705,15706,15704,15704,32
2021/01/26,17:54:00,15704,15704,15701,15702,161
2021/01/26,17:55:00,15703,15705,15702,15702,81
2021/01/26,17:56:00,15704,15704,15700,15700,145
2021/01/26,17:57:00,15700,15701,15698,15700,100
2021/01/26,17:58:00,15699,15702,15696,15702,109
2021/01/26,17:59:00,15702,15702,15700,15701,37
2021/01/26,18:00:00,15701,15704,15700,15702,28
2021/01/26,18:01:00,15702,15704,15701,15704,57
2021/01/26,18:02:00,15704,15704,15701,15702,28
2021/01/26,18:03:00,15701,15701,15697,15697,55
2021/01/26,18:04:00,15698,15699,15694,15695,111
2021/01/26,18:05:00,15694,15699,15694,15697,99
2021/01/26,18:06:00,15697,15698,15697,15698,21
2021/01/26,18:07:00,15698,15699,15697,15698,30
2021/01/26,18:08:00,15697,15699,15696,15698,63
2021/01/26,18:09:00,15698,15700,15698,15699,38
2021/01/26,18:10:00,15700,15700,15697,15698,25
2021/01/26,18:11:00,15697,15697,15696,15697,30
2021/01/26,18:12:00,15697,15701,15697,15700,28
2021/01/26,18:13:00,15701,15704,15701,15701,55
2021/01/26,18:14:00,15701,15702,15699,15700,67
2021/01/26,18:15:00,15700,15702,15700,15701,15
2021/01/26,18:16:00,15702,15703,15701,15701,22
2021/01/26,18:17:00,15702,15702,15702,15702,3
2021/01/26,18:18:00,15701,15702,15700,15700,19
2021/01/26,18:19:00,15700,15700,15699,15699,5
2021/01/26,18:20:00,15698,15699,15697,15699,18
2021/01/26,18:21:00,15699,15702,15699,15701,42
2021/01/26,18:22:00,15701,15701,15699,15699,17
2021/01/26,18:23:00,15698,15698,15696,15698,34
2021/01/26,18:24:00,15697,15697,15696,15697,26
2021/01/26,18:25:00,15697,15697,15696,15697,29
2021/01/26,18:26:00,15697,15697,15697,15697,12
2021/01/26,18:27:00,15697,15697,15696,15696,7
2021/01/26,18:28:00,15696,15696,15695,15696,15
2021/01/26,18:29:00,15695,15695,15691,15692,138
2021/01/26,18:30:00,15692,15696,15692,15696,80
2021/01/26,18:31:00,15694,15694,15691,15691,55
2021/01/26,18:32:00,15691,15691,15687,15689,149
2021/01/26,18:33:00,15689,15692,15689,15691,49
2021/01/26,18:34:00,15691,15691,15690,15691,27
2021/01/26,18:35:00,15690,15691,15689,15689,28
2021/01/26,18:36:00,15688,15688,15683,15683,152
2021/01/26,18:37:00,15683,15686,15681,15684,97
2021/01/26,18:38:00,15684,15686,15683,15685,33
2021/01/26,18:39:00,15686,15691,15686,15691,56
2021/01/26,18:40:00,15691,15691,15689,15690,24
2021/01/26,18:41:00,15689,15690,15688,15688,32
2021/01/26,18:42:00,15688,15689,15687,15687,14
2021/01/26,18:43:00,15687,15688,15687,15687,8
2021/01/26,18:44:00,15687,15687,15686,15686,17
2021/01/26,18:45:00,15686,15686,15682,15682,67
2021/01/26,18:46:00,15682,15685,15682,15683,30
2021/01/26,18:47:00,15683,15683,15677,15682,161
2021/01/26,18:48:00,15682,15682,15678,15678,44
2021/01/26,18:49:00,15679,15683,15677,15683,84
2021/01/26,18:50:00,15683,15684,15682,15683,30
2021/01/26,18:51:00,15682,15682,15679,15681,30
2021/01/26,18:52:00,15682,15685,15681,15685,46
2021/01/26,18:53:00,15685,15686,15683,15683,78
2021/01/26,18:54:00,15683,15688,15683,15688,71
2021/01/26,18:55:00,15688,15688,15687,15688,22
2021/01/26,18:56:00,15687,15689,15685,15688,26
2021/01/26,18:57:00,15689,15690,15688,15689,26
2021/01/26,18:58:00,15689,15690,15689,15690,32
2021/01/26,18:59:00,15691,15692,15690,15691,36
2021/01/26,19:00:00,15692,15692,15689,15689,77
2021/01/26,19:01:00,15690,15690,15688,15690,23
2021/01/26,19:02:00,15689,15689,15687,15687,11
2021/01/26,19:03:00,15688,15691,15688,15691,12
2021/01/26,19:04:00,15690,15691,15689,15691,8
2021/01/26,19:05:00,15691,15691,15688,15689,18
2021/01/26,19:06:00,15689,15691,15689,15690,9
2021/01/26,19:07:00,15690,15692,15690,15692,16
2021/01/26,19:08:00,15693,15696,15692,15693,91
2021/01/26,19:09:00,15694,15694,15691,15693,44
2021/01/26,19:10:00,15694,15694,15694,15694,18
2021/01/26,19:11:00,15694,15695,15693,15694,41
2021/01/26,19:12:00,15695,15695,15694,15694,27
2021/01/26,19:13:00,15694,15696,15694,15695,35
2021/01/26,19:14:00,15695,15696,15692,15692,39
2021/01/26,19:15:00,15692,15693,15691,15693,28
2021/01/26,19:16:00,15692,15692,15688,15688,75
2021/01/26,19:17:00,15689,15692,15689,15691,18
2021/01/26,19:18:00,15692,15692,15690,15690,20
2021/01/26,19:19:00,15690,15691,15690,15691,16
2021/01/26,19:20:00,15691,15691,15689,15690,17
2021/01/26,19:21:00,15690,15690,15690,15690,1
2021/01/26,19:22:00,15690,15691,15689,15691,18
2021/01/26,19:23:00,15692,15692,15691,15691,18
2021/01/26,19:24:00,15690,15690,15690,15690,20
2021/01/26,19:25:00,15691,15694,15691,15693,39
2021/01/26,19:26:00,15693,15694,15692,15693,22
2021/01/26,19:27:00,15693,15694,15693,15693,27
2021/01/26,19:28:00,15694,15694,15693,15693,16
2021/01/26,19:29:00,15692,15692,15691,15691,14
2021/01/26,19:30:00,15691,15693,15690,15693,37
2021/01/26,19:31:00,15693,15694,15692,15693,6
2021/01/26,19:32:00,15693,15694,15693,15694,17
2021/01/26,19:33:00,15694,15694,15693,15694,5
2021/01/26,19:34:00,15693,15694,15691,15691,15
2021/01/26,19:35:00,15691,15691,15688,15688,30
2021/01/26,19:36:00,15690,15691,15689,15690,32
2021/01/26,19:37:00,15690,15690,15690,15690,2
2021/01/26,19:38:00,15690,15691,15690,15690,14
2021/01/26,19:39:00,15689,15691,15688,15690,27
2021/01/26,19:40:00,15690,15690,15687,15689,18
2021/01/26,19:41:00,15690,15692,15690,15692,47
2021/01/26,19:42:00,15692,15694,15692,15693,22
2021/01/26,19:43:00,15693,15693,15692,15692,9
2021/01/26,19:44:00,15692,15693,15692,15693,5
2021/01/26,19:45:00,15694,15698,15694,15698,188
2021/01/26,19:46:00,15698,15699,15696,15696,65
2021/01/26,19:47:00,15696,15698,15696,15698,8
2021/01/26,19:48:00,15698,15700,15698,15699,42
2021/01/26,19:49:00,15699,15701,15699,15700,70
2021/01/26,19:50:00,15700,15706,15700,15704,80
2021/01/26,19:51:00,15704,15706,15703,15706,64
2021/01/26,19:52:00,15706,15706,15703,15705,64
2021/01/26,19:53:00,15705,15705,15703,15704,17
2021/01/26,19:54:00,15704,15704,15701,15702,46
2021/01/26,19:55:00,15703,15704,15702,15703,43
2021/01/26,19:56:00,15703,15703,15700,15700,39
2021/01/26,19:57:00,15700,15701,15698,15699,34
2021/01/26,19:58:00,15697,15698,15696,15696,26
2021/01/26,19:59:00,15696,15698,15695,15697,30
2021/01/26,20:00:00,15697,15697,15696,15696,21
2021/01/26,20:01:00,15696,15701,15696,15701,43
2021/01/26,20:02:00,15699,15699,15698,15698,19
2021/01/26,20:03:00,15699,15700,15698,15698,42
2021/01/26,20:04:00,15698,15698,15697,15698,6
2021/01/26,20:05:00,15699,15702,15699,15700,8
2021/01/26,20:06:00,15701,15704,15701,15702,74
2021/01/26,20:07:00,15704,15712,15704,15710,177
2021/01/26,20:08:00,15711,15711,15707,15708,101
2021/01/26,20:09:00,15709,15709,15706,15706,37
2021/01/26,20:10:00,15706,15708,15705,15707,55
2021/01/26,20:11:00,15707,15707,15703,15703,23
2021/01/26,20:12:00,15703,15703,15701,15701,21
2021/01/26,20:13:00,15701,15702,15701,15701,8
2021/01/26,20:14:00,15702,15702,15702,15702,4
2021/01/26,20:15:00,15702,15702,15700,15700,41
2021/01/26,20:16:00,15701,15701,15698,15699,38
2021/01/26,20:17:00,15698,15698,15697,15697,20
2021/01/26,20:18:00,15698,15701,15698,15700,27
2021/01/26,20:19:00,15701,15701,15699,15699,40
2021/01/26,20:20:00,15700,15701,15699,15701,5
2021/01/26,20:21:00,15700,15704,15700,15701,42
2021/01/26,20:22:00,15701,15701,15700,15700,12
2021/01/26,20:23:00,15700,15700,15697,15698,33
2021/01/26,20:24:00,15697,15701,15697,15699,21
2021/01/26,20:25:00,15700,15702,15700,15702,19
2021/01/26,20:26:00,15702,15703,15702,15702,16
2021/01/26,20:27:00,15701,15702,15701,15701,12
2021/01/26,20:28:00,15701,15701,15701,15701,4
2021/01/26,20:29:00,15701,15701,15701,15701,7
2021/01/26,20:30:00,15701,15701,15697,15697,31
2021/01/26,20:31:00,15699,15699,15698,15699,7
2021/01/26,20:32:00,15698,15698,15693,15693,53
2021/01/26,20:33:00,15694,15695,15691,15693,46
2021/01/26,20:34:00,15694,15695,15693,15694,31
2021/01/26,20:35:00,15695,15696,15695,15696,30
2021/01/26,20:36:00,15696,15698,15694,15696,40
2021/01/26,20:37:00,15697,15699,15697,15698,26
2021/01/26,20:38:00,15698,15702,15698,15699,38
2021/01/26,20:39:00,15699,15699,15699,15699,6
2021/01/26,20:40:00,15700,15700,15699,15700,40
2021/01/26,20:41:00,15700,15700,15700,15700,3
2021/01/26,20:42:00,15700,15700,15699,15699,7
2021/01/26,20:43:00,15699,15700,15699,15700,15
2021/01/26,20:44:00,15700,15700,15699,15699,7
2021/01/26,20:45:00,15699,15701,15699,15701,23
2021/01/26,20:46:00,15701,15703,15701,15702,17
2021/01/26,20:47:00,15702,15702,15697,15697,28
2021/01/26,20:48:00,15697,15697,15696,15697,11
2021/01/26,20:49:00,15697,15697,15694,15694,26
2021/01/26,20:50:00,15694,15695,15694,15695,14
2021/01/26,20:51:00,15695,15696,15695,15696,10
2021/01/26,20:52:00,15696,15698,15694,15696,44
2021/01/26,20:53:00,15696,15696,15694,15695,5
2021/01/26,20:54:00,15696,15696,15696,15696,4
2021/01/26,20:55:00,15697,15698,15697,15697,30
2021/01/26,20:56:00,15696,15697,15696,15696,8
2021/01/26,20:57:00,15696,15698,15696,15697,21
2021/01/26,20:58:00,15698,15698,15698,15698,16
2021/01/26,20:59:00,15699,15699,15697,15697,26
2021/01/26,21:00:00,15698,15698,15696,15696,12
2021/01/26,21:01:00,15697,15699,15696,15699,16
2021/01/26,21:02:00,15698,15699,15697,15697,11
2021/01/26,21:03:00,15698,15698,15698,15698,7
2021/01/26,21:04:00,15698,15698,15696,15696,26
2021/01/26,21:05:00,15698,15698,15697,15697,15
2021/01/26,21:06:00,15697,15698,15697,15698,15
2021/01/26,21:07:00,15698,15698,15695,15695,41
2021/01/26,21:08:00,15695,15696,15695,15696,9
2021/01/26,21:09:00,15696,15697,15695,15695,12
2021/01/26,21:10:00,15695,15696,15693,15694,20
2021/01/26,21:11:00,15693,15694,15691,15693,20
2021/01/26,21:12:00,15693,15694,15691,15692,21
2021/01/26,21:13:00,15691,15693,15691,15691,25
2021/01/26,21:14:00,15691,15692,15690,15691,30
2021/01/26,21:15:00,15692,15692,15691,15691,20
2021/01/26,21:16:00,15691,15693,15691,15692,23
2021/01/26,21:17:00,15691,15692,15691,15692,8
2021/01/26,21:18:00,15692,15694,15692,15694,6
2021/01/26,21:19:00,15694,15696,15694,15694,34
2021/01/26,21:20:00,15694,15694,15694,15694,7
2021/01/26,21:21:00,15694,15694,15693,15693,10
2021/01/26,21:22:00,15693,15693,15690,15690,34
2021/01/26,21:23:00,15690,15690,15688,15690,48
2021/01/26,21:24:00,15690,15690,15690,15690,0
2021/01/26,21:25:00,15690,15691,15689,15691,66
2021/01/26,21:26:00,15692,15694,15691,15694,53
2021/01/26,21:27:00,15693,15693,15690,15690,11
2021/01/26,21:28:00,15689,15689,15685,15689,79
2021/01/26,21:29:00,15688,15688,15680,15680,170
2021/01/26,21:30:00,15680,15681,15675,15678,243
2021/01/26,21:31:00,15680,15680,15668,15668,268
2021/01/26,21:32:00,15669,15673,15665,15669,225
2021/01/26,21:33:00,15670,15671,15664,15669,120
2021/01/26,21:34:00,15668,15671,15667,15671,92
2021/01/26,21:35:00,15671,15675,15671,15675,59
2021/01/26,21:36:00,15675,15677,15674,15675,54
2021/01/26,21:37:00,15676,15676,15675,15676,20
2021/01/26,21:38:00,15676,15678,15676,15677,32
2021/01/26,21:39:00,15678,15680,15678,15679,39
2021/01/26,21:40:00,15679,15679,15677,15679,35
2021/01/26,21:41:00,15679,15683,15679,15680,93
2021/01/26,21:42:00,15681,15681,15679,15680,21
2021/01/26,21:43:00,15680,15683,15680,15683,48
2021/01/26,21:44:00,15683,15684,15680,15681,48
2021/01/26,21:45:00,15681,15681,15680,15681,9
2021/01/26,21:46:00,15680,15683,15680,15682,24
2021/01/26,21:47:00,15683,15683,15676,15677,62
2021/01/26,21:48:00,15676,15677,15674,15677,60
2021/01/26,21:49:00,15677,15680,15677,15680,23
2021/01/26,21:50:00,15681,15681,15678,15680,29
2021/01/26,21:51:00,15680,15682,15680,15682,39
2021/01/26,21:52:00,15682,15683,15681,15681,23
2021/01/26,21:53:00,15680,15684,15680,15684,25
2021/01/26,21:54:00,15682,15687,15682,15686,97
2021/01/26,21:55:00,15686,15687,15685,15685,33
2021/01/26,21:56:00,15685,15687,15685,15686,52
2021/01/26,21:57:00,15687,15687,15684,15684,33
2021/01/26,21:58:00,15684,15685,15684,15684,10
2021/01/26,21:59:00,15685,15686,15685,15685,7
2021/01/26,22:00:00,15684,15684,15683,15684,13
2021/01/26,22:01:00,15684,15691,15682,15689,104
2021/01/26,22:02:00,15689,15696,15689,15695,201
2021/01/26,22:03:00,15695,15696,15694,15695,103
2021/01/26,22:04:00,15695,15695,15692,15693,47
2021/01/26,22:05:00,15694,15698,15693,15697,42
2021/01/26,22:06:00,15696,15705,15696,15704,209
2021/01/26,22:07:00,15704,15711,15704,15710,191
2021/01/26,22:08:00,15710,15717,15710,15714,276
2021/01/26,22:09:00,15715,15716,15709,15711,124
2021/01/26,22:10:00,15711,15712,15708,15708,40
2021/01/26,22:11:00,15708,15711,15708,15709,68
2021/01/26,22:12:00,15709,15709,15704,15706,37
2021/01/26,22:13:00,15706,15707,15705,15706,48
2021/01/26,22:14:00,15706,15709,15706,15708,22
2021/01/26,22:15:00,15709,15711,15708,15708,46
2021/01/26,22:16:00,15709,15712,15708,15709,68
2021/01/26,22:17:00,15709,15709,15707,15708,26
2021/01/26,22:18:00,15707,15711,15707,15711,47
2021/01/26,22:19:00,15711,15712,15710,15710,20
2021/01/26,22:20:00,15710,15710,15709,15709,18
2021/01/26,22:21:00,15709,15714,15709,15713,72
2021/01/26,22:22:00,15713,15713,15708,15708,114
2021/01/26,22:23:00,15709,15709,15708,15709,18
2021/01/26,22:24:00,15709,15709,15706,15706,80
2021/01/26,22:25:00,15705,15706,15703,15703,68
2021/01/26,22:26:00,15703,15707,15702,15705,79
2021/01/26,22:27:00,15704,15704,15700,15701,74
2021/01/26,22:28:00,15700,15701,15699,15701,40
2021/01/26,22:29:00,15700,15702,15700,15702,45
2021/01/26,22:30:00,15702,15706,15702,15704,33
2021/01/26,22:31:00,15704,15715,15704,15710,285
2021/01/26,22:32:00,15712,15712,15698,15700,178
2021/01/26,22:33:00,15700,15703,15691,15697,181
2021/01/26,22:34:00,15698,15700,15692,15694,128
2021/01/26,22:35:00,15695,15695,15686,15692,218
2021/01/26,22:36:00,15693,15696,15683,15685,285
2021/01/26,22:37:00,15684,15688,15683,15687,147
2021/01/26,22:38:00,15688,15690,15683,15685,179
2021/01/26,22:39:00,15685,15690,15682,15685,140
2021/01/26,22:40:00,15684,15686,15675,15684,361
2021/01/26,22:41:00,15684,15686,15680,15685,133
2021/01/26,22:42:00,15685,15690,15684,15686,159
2021/01/26,22:43:00,15685,15689,15684,15689,55
2021/01/26,22:44:00,15689,15691,15682,15683,133
2021/01/26,22:45:00,15684,15685,15683,15684,49
2021/01/26,22:46:00,15684,15684,15677,15681,219
2021/01/26,22:47:00,15682,15683,15679,15683,65
2021/01/26,22:48:00,15681,15683,15675,15677,128
2021/01/26,22:49:00,15677,15681,15675,15679,95
2021/01/26,22:50:00,15680,15683,15680,15682,60
2021/01/26,22:51:00,15682,15682,15670,15672,291
2021/01/26,22:52:00,15673,15678,15671,15677,139
2021/01/26,22:53:00,15676,15678,15674,15676,49
2021/01/26,22:54:00,15678,15682,15678,15679,59
2021/01/26,22:55:00,15680,15688,15680,15685,141
2021/01/26,22:56:00,15685,15688,15684,15684,92
2021/01/26,22:57:00,15684,15688,15684,15687,35
2021/01/26,22:58:00,15687,15688,15685,15686,47
2021/01/26,22:59:00,15686,15686,15682,15686,41
2021/01/26,23:00:00,15687,15687,15685,15685,23
2021/01/26,23:01:00,15685,15693,15685,15692,183
2021/01/26,23:02:00,15692,15697,15690,15692,177
2021/01/26,23:03:00,15691,15695,15689,15695,65
2021/01/26,23:04:00,15695,15699,15694,15698,152
2021/01/26,23:05:00,15698,15699,15695,15695,73
2021/01/26,23:06:00,15696,15700,15696,15698,92
2021/01/26,23:07:00,15698,15698,15695,15696,38
2021/01/26,23:08:00,15696,15699,15696,15696,77
2021/01/26,23:09:00,15695,15697,15692,15696,84
2021/01/26,23:10:00,15696,15699,15694,15697,55
2021/01/26,23:11:00,15697,15697,15686,15687,111
2021/01/26,23:12:00,15688,15688,15680,15683,185
2021/01/26,23:13:00,15680,15685,15678,15682,155
2021/01/26,23:14:00,15682,15683,15677,15678,102
2021/01/26,23:15:00,15677,15679,15673,15678,251
2021/01/26,23:16:00,15678,15678,15673,15673,100
2021/01/26,23:17:00,15672,15676,15667,15673,249
2021/01/26,23:18:00,15674,15685,15674,15684,142
2021/01/26,23:19:00,15685,15686,15677,15678,75
2021/01/26,23:20:00,15677,15677,15668,15669,248
2021/01/26,23:21:00,15670,15674,15670,15673,119
2021/01/26,23:22:00,15674,15681,15674,15676,90
2021/01/26,23:23:00,15675,15676,15671,15675,73
2021/01/26,23:24:00,15675,15676,15673,15675,19
2021/01/26,23:25:00,15675,15678,15671,15678,69
2021/01/26,23:26:00,15677,15681,15675,15681,55
2021/01/26,23:27:00,15680,15683,15679,15680,71
2021/01/26,23:28:00,15681,15682,15681,15682,34
2021/01/26,23:29:00,15682,15690,15682,15690,219
2021/01/26,23:30:00,15689,15690,15684,15687,117
2021/01/26,23:31:00,15688,15691,15684,15685,127
2021/01/26,23:32:00,15686,15689,15685,15688,34
2021/01/26,23:33:00,15688,15688,15683,15686,36
2021/01/26,23:34:00,15686,15690,15685,15687,36
2021/01/26,23:35:00,15687,15687,15685,15686,32
2021/01/26,23:36:00,15687,15691,15687,15691,104
2021/01/26,23:37:00,15691,15691,15688,15689,45
2021/01/26,23:38:00,15689,15690,15687,15688,33
2021/01/26,23:39:00,15688,15688,15679,15683,85
2021/01/26,23:40:00,15683,15686,15682,15685,51
2021/01/26,23:41:00,15686,15689,15684,15687,44
2021/01/26,23:42:00,15687,15689,15686,15688,24
2021/01/26,23:43:00,15689,15691,15686,15688,58
2021/01/26,23:44:00,15688,15693,15688,15693,79
2021/01/26,23:45:00,15692,15692,15689,15690,30
2021/01/26,23:46:00,15690,15693,15689,15691,40
2021/01/26,23:47:00,15693,15694,15692,15693,34
2021/01/26,23:48:00,15693,15693,15689,15689,34
2021/01/26,23:49:00,15689,15694,15689,15694,41
2021/01/26,23:50:00,15694,15697,15693,15694,116
2021/01/26,23:51:00,15695,15695,15692,15694,10
2021/01/26,23:52:00,15693,15693,15692,15693,12
2021/01/26,23:53:00,15693,15693,15692,15692,16
2021/01/26,23:54:00,15691,15693,15686,15689,80
2021/01/26,23:55:00,15688,15689,15684,15688,63
2021/01/26,23:56:00,15687,15687,15685,15686,61
2021/01/26,23:57:00,15685,15688,15685,15687,32
2021/01/26,23:58:00,15688,15689,15684,15684,31
2021/01/26,23:59:00,15684,15686,15683,15685,41
2021/01/27,00:00:00,15684,15685,15681,15685,37
2021/01/27,00:01:00,15685,15689,15683,15683,47
2021/01/27,00:02:00,15683,15683,15680,15683,48
2021/01/27,00:03:00,15683,15683,15680,15680,77
2021/01/27,00:04:00,15681,15681,15679,15680,54
2021/01/27,00:05:00,15680,15682,15680,15680,87
2021/01/27,00:06:00,15682,15683,15676,15683,92
2021/01/27,00:07:00,15685,15686,15683,15685,35
2021/01/27,00:08:00,15685,15685,15683,15683,7
2021/01/27,00:09:00,15680,15680,15673,15673,102
2021/01/27,00:10:00,15672,15674,15668,15673,146
2021/01/27,00:11:00,15673,15679,15672,15679,44
2021/01/27,00:12:00,15680,15683,15677,15680,121
2021/01/27,00:13:00,15678,15679,15676,15679,69
2021/01/27,00:14:00,15679,15680,15678,15678,15
2021/01/27,00:15:00,15678,15678,15675,15675,20
2021/01/27,00:16:00,15675,15683,15673,15682,88
2021/01/27,00:17:00,15681,15681,15680,15680,7
2021/01/27,00:18:00,15680,15680,15677,15678,21
2021/01/27,00:19:00,15678,15681,15678,15678,38
2021/01/27,00:20:00,15677,15677,15676,15676,28
2021/01/27,00:21:00,15677,15680,15677,15677,31
2021/01/27,00:22:00,15678,15679,15678,15678,11
2021/01/27,00:23:00,15678,15681,15678,15678,19
2021/01/27,00:24:00,15677,15678,15676,15677,23
2021/01/27,00:25:00,15678,15678,15677,15677,8
2021/01/27,00:26:00,15677,15677,15672,15672,43
2021/01/27,00:27:00,15673,15678,15673,15676,22
2021/01/27,00:28:00,15675,15677,15675,15677,13
2021/01/27,00:29:00,15677,15679,15675,15679,16
2021/01/27,00:30:00,15678,15680,15677,15677,23
2021/01/27,00:31:00,15676,15678,15673,15678,30
2021/01/27,00:32:00,15677,15679,15677,15679,24
2021/01/27,00:33:00,15679,15679,15678,15678,6
2021/01/27,00:34:00,15677,15680,15677,15679,13
2021/01/27,00:35:00,15678,15679,15677,15677,18
2021/01/27,00:36:00,15677,15677,15676,15676,9
2021/01/27,00:37:00,15677,15677,15676,15676,20
2021/01/27,00:38:00,15677,15677,15671,15672,75
2021/01/27,00:39:00,15672,15675,15671,15674,28
2021/01/27,00:40:00,15674,15674,15673,15674,10
2021/01/27,00:41:00,15675,15676,15673,15673,65
2021/01/27,00:42:00,15672,15673,15667,15668,68
2021/01/27,00:43:00,15668,15671,15668,15670,24
2021/01/27,00:44:00,15671,15674,15671,15672,44
2021/01/27,00:45:00,15674,15674,15669,15670,59
2021/01/27,00:46:00,15668,15669,15665,15665,150
2021/01/27,00:47:00,15665,15666,15652,15654,457
2021/01/27,00:48:00,15653,15655,15641,15651,379
2021/01/27,00:49:00,15651,15651,15645,15646,84
2021/01/27,00:50:00,15646,15646,15642,15642,79
2021/01/27,00:51:00,15642,15651,15639,15649,184
2021/01/27,00:52:00,15648,15656,15648,15652,91
2021/01/27,00:53:00,15652,15653,15648,15650,29
2021/01/27,00:54:00,15649,15650,15644,15644,68
2021/01/27,00:55:00,15643,15646,15640,15645,71
2021/01/27,00:56:00,15646,15649,15645,15649,31
2021/01/27,00:57:00,15649,15652,15647,15647,41
2021/01/27,00:58:00,15646,15648,15645,15648,20
2021/01/27,00:59:00,15648,15649,15647,15647,7
2021/01/27,01:00:00,15647,15648,15646,15647,14
2021/01/27,01:01:00,15646,15648,15629,15639,448
2021/01/27,01:02:00,15636,15644,15635,15642,119
2021/01/27,01:03:00,15642,15647,15641,15646,71
2021/01/27,01:04:00,15647,15652,15645,15650,81
2021/01/27,01:05:00,15649,15653,15648,15649,93
2021/01/27,01:06:00,15648,15649,15646,15648,31
2021/01/27,01:07:00,15649,15654,15649,15653,42
2021/01/27,01:08:00,15652,15654,15649,15649,56
2021/01/27,01:09:00,15650,15653,15650,15653,11
2021/01/27,01:10:00,15654,15654,15651,15651,11
2021/01/27,01:11:00,15650,15652,15650,15651,19
2021/01/27,01:12:00,15650,15655,15650,15654,31
2021/01/27,01:13:00,15653,15656,15653,15654,32
2021/01/27,01:14:00,15655,15658,15654,15654,67
2021/01/27,01:15:00,15655,15655,15653,15655,15
2021/01/27,01:16:00,15653,15653,15651,15653,39
2021/01/27,01:17:00,15655,15655,15654,15655,4
2021/01/27,01:18:00,15655,15655,15651,15651,11
2021/01/27,01:19:00,15652,15654,15652,15652,8
2021/01/27,01:20:00,15653,15655,15652,15653,10
2021/01/27,01:21:00,15654,15654,15653,15653,6
2021/01/27,01:22:00,15653,15654,15653,15653,7
2021/01/27,01:23:00,15652,15654,15652,15654,19
2021/01/27,01:24:00,15654,15659,15654,15658,38
2021/01/27,01:25:00,15657,15661,15657,15659,152
2021/01/27,01:26:00,15658,15665,15658,15664,40
2021/01/27,01:27:00,15664,15667,15663,15664,55
2021/01/27,01:28:00,15665,15665,15663,15664,10
2021/01/27,01:29:00,15664,15664,15664,15664,5
2021/01/27,01:30:00,15665,15666,15665,15665,27
2021/01/27,01:31:00,15665,15669,15665,15667,64
2021/01/27,01:32:00,15667,15669,15667,15669,33
2021/01/27,01:33:00,15669,15669,15667,15668,26
2021/01/27,01:34:00,15667,15667,15666,15666,11
2021/01/27,01:35:00,15668,15668,15666,15667,3
2021/01/27,01:36:00,15667,15667,15665,15665,14
2021/01/27,01:37:00,15664,15667,15663,15663,44
2021/01/27,01:38:00,15663,15664,15661,15664,26
2021/01/27,01:39:00,15665,15668,15665,15666,24
2021/01/27,01:40:00,15665,15665,15665,15665,2
2021/01/27,01:41:00,15665,15665,15665,15665,2
2021/01/27,01:42:00,15664,15664,15662,15662,12
2021/01/27,01:43:00,15661,15662,15660,15661,37
2021/01/27,01:44:00,15661,15662,15661,15662,4
2021/01/27,01:45:00,15661,15661,15661,15661,2
2021/01/27,01:46:00,15660,15661,15660,15660,40
2021/01/27,01:47:00,15661,15662,15660,15660,20
2021/01/27,01:48:00,15659,15659,15657,15658,27
2021/01/27,01:49:00,15659,15661,15659,15659,11
2021/01/27,01:50:00,15661,15664,15661,15664,14
2021/01/27,01:51:00,15664,15665,15664,15665,13
2021/01/27,01:52:00,15666,15674,15666,15673,108
2021/01/27,01:53:00,15672,15677,15671,15676,156
2021/01/27,01:54:00,15676,15680,15673,15674,159
2021/01/27,01:55:00,15675,15679,15675,15675,110
2021/01/27,01:56:00,15675,15676,15674,15674,14
2021/01/27,01:57:00,15673,15675,15672,15675,10
2021/01/27,01:58:00,15673,15674,15668,15668,30
2021/01/27,01:59:00,15669,15669,15669,15669,10
2021/01/27,02:00:00,15668,15671,15668,15671,32
2021/01/27,02:01:00,15671,15673,15671,15671,15
2021/01/27,02:02:00,15669,15669,15669,15669,3
2021/01/27,02:03:00,15670,15670,15669,15669,2
2021/01/27,02:04:00,15669,15670,15669,15670,11
2021/01/27,02:05:00,15670,15673,15670,15673,29
2021/01/27,02:06:00,15672,15672,15671,15671,5
2021/01/27,02:07:00,15671,15671,15670,15670,4
2021/01/27,02:08:00,15669,15669,15668,15669,14
2021/01/27,02:09:00,15670,15672,15670,15672,19
2021/01/27,02:10:00,15672,15678,15672,15675,38
2021/01/27,02:11:00,15675,15682,15675,15680,138
2021/01/27,02:12:00,15680,15685,15680,15682,113
2021/01/27,02:13:00,15681,15684,15681,15683,40
2021/01/27,02:14:00,15682,15682,15682,15682,8
2021/01/27,02:15:00,15682,15682,15682,15682,2
2021/01/27,02:16:00,15681,15681,15679,15679,19
2021/01/27,02:17:00,15679,15679,15679,15679,5
2021/01/27,02:18:00,15679,15679,15679,15679,2
2021/01/27,02:19:00,15680,15682,15676,15676,35
2021/01/27,02:20:00,15676,15676,15674,15674,12
2021/01/27,02:21:00,15674,15675,15674,15675,15
2021/01/27,02:22:00,15674,15674,15674,15674,2
2021/01/27,02:23:00,15674,15676,15674,15676,11
2021/01/27,02:24:00,15675,15675,15674,15674,5
2021/01/27,02:25:00,15674,15677,15674,15675,16
2021/01/27,02:26:00,15676,15676,15676,15676,1
2021/01/27,02:27:00,15676,15678,15676,15678,11
2021/01/27,02:28:00,15680,15681,15678,15678,12
2021/01/27,02:29:00,15680,15682,15679,15682,18
2021/01/27,02:30:00,15682,15682,15681,15681,5
2021/01/27,02:31:00,15679,15681,15674,15674,37
2021/01/27,02:32:00,15674,15674,15673,15673,10
2021/01/27,02:33:00,15673,15673,15673,15673,3
2021/01/27,02:34:00,15673,15673,15673,15673,0
2021/01/27,02:35:00,15675,15677,15674,15674,12
2021/01/27,02:36:00,15675,15675,15675,15675,2
2021/01/27,02:37:00,15675,15675,15673,15673,7
2021/01/27,02:38:00,15674,15674,15673,15674,5
2021/01/27,02:39:00,15673,15675,15673,15675,2
2021/01/27,02:40:00,15675,15675,15675,15675,2
2021/01/27,02:41:00,15675,15675,15673,15673,2
2021/01/27,02:42:00,15673,15673,15673,15673,0
2021/01/27,02:43:00,15673,15673,15673,15673,0
2021/01/27,02:44:00,15675,15678,15675,15678,10
2021/01/27,02:45:00,15676,15679,15676,15679,26
2021/01/27,02:46:00,15679,15679,15679,15679,3
2021/01/27,02:47:00,15678,15678,15675,15675,4
2021/01/27,02:48:00,15675,15675,15675,15675,2
2021/01/27,02:49:00,15676,15676,15676,15676,3
2021/01/27,02:50:00,15676,15676,15676,15676,0
2021/01/27,02:51:00,15677,15677,15676,15676,4
2021/01/27,02:52:00,15676,15678,15676,15678,2
2021/01/27,02:53:00,15678,15679,15678,15679,6
2021/01/27,02:54:00,15680,15680,15678,15678,3
2021/01/27,02:55:00,15680,15684,15680,15683,33
2021/01/27,02:56:00,15682,15683,15681,15683,16
2021/01/27,02:57:00,15681,15681,15680,15680,9
2021/01/27,02:58:00,15679,15680,15679,15679,14
2021/01/27,02:59:00,15678,15679,15678,15679,5
2021/01/27,03:00:00,15679,15679,15679,15679,2
2021/01/27,03:01:00,15678,15681,15678,15680,34
2021/01/27,03:02:00,15679,15679,15679,15679,3
2021/01/27,03:03:00,15679,15679,15679,15679,0
2021/01/27,03:04:00,15680,15684,15680,15683,22
2021/01/27,03:05:00,15680,15682,15680,15681,8
2021/01/27,03:06:00,15680,15681,15680,15680,5
2021/01/27,03:07:00,15680,15681,15679,15679,6
2021/01/27,03:08:00,15678,15678,15678,15678,2
2021/01/27,03:09:00,15679,15679,15679,15679,2
2021/01/27,03:10:00,15679,15679,15679,15679,2
2021/01/27,03:11:00,15680,15680,15680,15680,11
2021/01/27,03:12:00,15680,15680,15680,15680,0
2021/01/27,03:13:00,15680,15680,15680,15680,0
2021/01/27,03:14:00,15680,15680,15680,15680,0
2021/01/27,03:15:00,15680,15680,15680,15680,0
2021/01/27,03:16:00,15681,15681,15680,15680,7
2021/01/27,03:17:00,15679,15679,15678,15679,5
2021/01/27,03:18:00,15678,15678,15676,15678,29
2021/01/27,03:19:00,15676,15678,15676,15678,3
2021/01/27,03:20:00,15678,15678,15678,15678,0
2021/01/27,03:21:00,15677,15677,15677,15677,1
2021/01/27,03:22:00,15677,15677,15677,15677,0
2021/01/27,03:23:00,15678,15682,15678,15682,58
2021/01/27,03:24:00,15681,15681,15681,15681,1
2021/01/27,03:25:00,15682,15694,15682,15690,357
2021/01/27,03:26:00,15690,15693,15690,15690,64
2021/01/27,03:27:00,15689,15689,15679,15680,38
2021/01/27,03:28:00,15679,15680,15678,15680,18
2021/01/27,03:29:00,15683,15685,15683,15684,4
2021/01/27,03:30:00,15683,15683,15683,15683,1
2021/01/27,03:31:00,15683,15683,15683,15683,0
2021/01/27,03:32:00,15681,15691,15681,15690,104
2021/01/27,03:33:00,15691,15691,15690,15690,11
2021/01/27,03:34:00,15687,15687,15687,15687,3
2021/01/27,03:35:00,15689,15689,15686,15686,8
2021/01/27,03:36:00,15687,15687,15687,15687,3
2021/01/27,03:37:00,15687,15692,15687,15692,32
2021/01/27,03:38:00,15691,15694,15690,15693,33
2021/01/27,03:39:00,15692,15700,15692,15692,298
2021/01/27,03:40:00,15692,15692,15690,15691,10
2021/01/27,03:41:00,15690,15698,15690,15691,49
2021/01/27,03:42:00,15692,15694,15692,15694,4
2021/01/27,03:43:00,15694,15697,15693,15693,19
2021/01/27,03:44:00,15693,15697,15693,15697,5
2021/01/27,03:45:00,15694,15694,15694,15694,1
2021/01/27,03:46:00,15695,15699,15695,15698,62
2021/01/27,03:47:00,15696,15698,15696,15698,9
2021/01/27,03:48:00,15697,15705,15697,15702,168
2021/01/27,03:49:00,15704,15707,15696,15698,97
2021/01/27,03:50:00,15699,15701,15699,15699,9
2021/01/27,03:51:00,15698,15702,15697,15697,58
2021/01/27,03:52:00,15696,15698,15695,15697,18
2021/01/27,03:53:00,15697,15697,15697,15697,0
2021/01/27,03:54:00,15697,15697,15694,15694,10
2021/01/27,03:55:00,15693,15694,15693,15694,6
2021/01/27,03:56:00,15695,15697,15695,15697,7
2021/01/27,03:57:00,15695,15702,15695,15699,57
2021/01/27,03:58:00,15700,15704,15699,15702,31
2021/01/27,03:59:00,15703,15704,15702,15703,56
2021/01/27,04:00:00,15704,15706,15704,15705,22
2021/01/27,04:01:00,15703,15710,15701,15706,207
2021/01/27,04:02:00,15706,15708,15706,15707,5
2021/01/27,04:03:00,15707,15709,15707,15707,21
2021/01/27,04:04:00,15707,15707,15705,15706,12
2021/01/27,04:05:00,15706,15706,15706,15706,9
2021/01/27,04:06:00,15705,15706,15704,15706,25
2021/01/27,04:07:00,15706,15707,15705,15705,16
2021/01/27,04:08:00,15704,15704,15703,15703,5
2021/01/27,04:09:00,15703,15704,15702,15703,14
2021/01/27,04:10:00,15705,15706,15704,15706,5
2021/01/27,04:11:00,15706,15708,15706,15707,17
2021/01/27,04:12:00,15707,15708,15707,15707,6
2021/01/27,04:13:00,15707,15708,15707,15707,5
2021/01/27,04:14:00,15707,15707,15706,15707,13
2021/01/27,04:15:00,15707,15710,15707,15708,45
2021/01/27,04:16:00,15707,15708,15706,15708,8
2021/01/27,04:17:00,15706,15706,15705,15706,16
2021/01/27,04:18:00,15706,15706,15706,15706,2
2021/01/27,04:19:00,15707,15708,15707,15708,2
2021/01/27,04:20:00,15707,15708,15706,15706,21
2021/01/27,04:21:00,15706,15707,15705,15705,9
2021/01/27,04:22:00,15705,15707,15704,15704,13
2021/01/27,04:23:00,15704,15704,15702,15702,26
2021/01/27,04:24:00,15701,15703,15701,15702,11
2021/01/27,04:25:00,15703,15704,15702,15702,6
2021/01/27,04:26:00,15703,15704,15701,15701,12
2021/01/27,04:27:00,15701,15706,15701,15706,22
2021/01/27,04:28:00,15704,15707,15704,15705,10
2021/01/27,04:29:00,15706,15706,15706,15706,3
2021/01/27,04:30:00,15707,15713,15707,15712,170
2021/01/27,04:31:00,15711,15729,15710,15720,762
2021/01/27,04:32:00,15719,15720,15717,15718,31
2021/01/27,04:33:00,15717,15720,15716,15716,41
2021/01/27,04:34:00,15717,15718,15714,15715,12
2021/01/27,04:35:00,15715,15716,15714,15715,32
2021/01/27,04:36:00,15714,15715,15713,15714,24
2021/01/27,04:37:00,15714,15716,15714,15714,23
2021/01/27,04:38:00,15713,15713,15711,15712,24
2021/01/27,04:39:00,15713,15713,15707,15707,26
2021/01/27,04:40:00,15707,15711,15707,15708,32
2021/01/27,04:41:00,15708,15711,15708,15710,19
2021/01/27,04:42:00,15710,15711,15710,15711,15
2021/01/27,04:43:00,15709,15712,15708,15710,15
2021/01/27,04:44:00,15710,15710,15709,15709,4
2021/01/27,04:45:00,15710,15711,15710,15710,22
2021/01/27,04:46:00,15710,15716,15703,15706,160
2021/01/27,04:47:00,15705,15707,15705,15707,15
2021/01/27,04:48:00,15707,15713,15707,15713,66
2021/01/27,04:49:00,15711,15713,15711,15713,10
2021/01/27,04:50:00,15712,15712,15706,15706,12
2021/01/27,04:51:00,15706,15709,15706,15709,13
2021/01/27,04:52:00,15708,15711,15708,15709,19
2021/01/27,04:53:00,15709,15711,15708,15708,17
2021/01/27,04:54:00,15707,15710,15706,15706,40
2021/01/27,04:55:00,15705,15707,15705,15707,24
2021/01/27,04:56:00,15706,15711,15704,15704,49
2021/01/27,04:57:00,15705,15711,15705,15707,43
2021/01/27,04:58:00,15707,15707,15704,15705,23
2021/01/27,04:59:00,15704,15704,15699,15699,79
2021/01/27,05:00:00,15700,15702,15698,15698,73
2021/01/27,08:46:00,15725,15739,15720,15734,1886
2021/01/27,08:47:00,15736,15747,15735,15745,1094
2021/01/27,08:48:00,15745,15754,15745,15745,902
2021/01/27,08:49:00,15747,15748,15739,15739,346
2021/01/27,08:50:00,15740,15752,15740,15748,477
2021/01/27,08:51:00,15748,15749,15739,15744,363
2021/01/27,08:52:00,15746,15746,15741,15746,217
2021/01/27,08:53:00,15745,15746,15740,15741,188
2021/01/27,08:54:00,15741,15749,15740,15748,195
2021/01/27,08:55:00,15749,15751,15745,15746,160
2021/01/27,08:56:00,15746,15747,15736,15737,367
2021/01/27,08:57:00,15736,15740,15730,15740,372
2021/01/27,08:58:00,15739,15739,15734,15736,220
2021/01/27,08:59:00,15736,15737,15727,15736,288
2021/01/27,09:00:00,15735,15746,15733,15746,377
2021/01/27,09:01:00,15744,15762,15733,15759,1850
2021/01/27,09:02:00,15759,15762,15737,15741,1128
2021/01/27,09:03:00,15742,15745,15720,15732,1150
2021/01/27,09:04:00,15731,15736,15713,15720,1230
2021/01/27,09:05:00,15719,15735,15716,15724,818
2021/01/27,09:06:00,15724,15729,15698,15705,1479
2021/01/27,09:07:00,15703,15704,15686,15689,1136
2021/01/27,09:08:00,15690,15696,15681,15686,1093
2021/01/27,09:09:00,15685,15710,15685,15702,1073
2021/01/27,09:10:00,15701,15702,15691,15696,448
2021/01/27,09:11:00,15696,15707,15686,15688,809
2021/01/27,09:12:00,15687,15712,15682,15709,886
2021/01/27,09:13:00,15709,15715,15702,15711,840
2021/01/27,09:14:00,15709,15718,15708,15715,548
2021/01/27,09:15:00,15715,15733,15710,15730,749
2021/01/27,09:16:00,15731,15745,15727,15744,1578
2021/01/27,09:17:00,15743,15744,15732,15741,610
2021/01/27,09:18:00,15741,15749,15738,15747,856
2021/01/27,09:19:00,15748,15750,15732,15736,839
2021/01/27,09:20:00,15738,15740,15722,15727,702
2021/01/27,09:21:00,15728,15741,15724,15741,623
2021/01/27,09:22:00,15739,15745,15730,15737,440
2021/01/27,09:23:00,15737,15755,15736,15748,815
2021/01/27,09:24:00,15748,15751,15742,15747,429
2021/01/27,09:25:00,15746,15771,15746,15766,2427
2021/01/27,09:26:00,15767,15769,15753,15757,788
2021/01/27,09:27:00,15758,15774,15757,15771,954
2021/01/27,09:28:00,15769,15779,15769,15777,1212
2021/01/27,09:29:00,15778,15782,15773,15778,809
2021/01/27,09:30:00,15778,15782,15766,15781,949
2021/01/27,09:31:00,15781,15787,15763,15769,1459
2021/01/27,09:32:00,15770,15773,15760,15763,709
2021/01/27,09:33:00,15763,15774,15763,15770,678
2021/01/27,09:34:00,15769,15782,15769,15782,602
2021/01/27,09:35:00,15782,15784,15771,15777,688
2021/01/27,09:36:00,15778,15792,15777,15790,1305
2021/01/27,09:37:00,15790,15798,15787,15791,1149
2021/01/27,09:38:00,15791,15803,15790,15801,1211
2021/01/27,09:39:00,15801,15807,15794,15801,859
2021/01/27,09:40:00,15802,15810,15801,15808,883
2021/01/27,09:41:00,15807,15814,15802,15802,1086
2021/01/27,09:42:00,15802,15812,15796,15807,930
2021/01/27,09:43:00,15807,15811,15800,15800,597
2021/01/27,09:44:00,15800,15808,15796,15801,954
2021/01/27,09:45:00,15802,15803,15791,15792,592
2021/01/27,09:46:00,15793,15804,15783,15787,1215
2021/01/27,09:47:00,15785,15796,15776,15793,1227
2021/01/27,09:48:00,15794,15795,15777,15780,532
2021/01/27,09:49:00,15780,15786,15771,15773,723
2021/01/27,09:50:00,15773,15775,15762,15769,1377
2021/01/27,09:51:00,15769,15777,15765,15768,512
2021/01/27,09:52:00,15766,15769,15751,15752,1065
2021/01/27,09:53:00,15752,15765,15751,15764,626
2021/01/27,09:54:00,15763,15770,15759,15770,506
2021/01/27,09:55:00,15770,15780,15770,15778,801
2021/01/27,09:56:00,15778,15786,15777,15785,594
2021/01/27,09:57:00,15785,15788,15777,15777,482
2021/01/27,09:58:00,15779,15783,15772,15780,652
2021/01/27,09:59:00,15781,15787,15776,15787,501
2021/01/27,10:00:00,15787,15792,15775,15776,658
2021/01/27,10:01:00,15775,15777,15752,15755,1056
2021/01/27,10:02:00,15754,15754,15713,15721,2996
2021/01/27,10:03:00,15721,15725,15704,15705,1411
2021/01/27,10:04:00,15705,15720,15688,15716,2257
2021/01/27,10:05:00,15715,15720,15695,15699,934
2021/01/27,10:06:00,15699,15711,15673,15673,1448
2021/01/27,10:07:00,15676,15689,15666,15673,2395
2021/01/27,10:08:00,15673,15693,15656,15686,1601
2021/01/27,10:09:00,15686,15688,15673,15677,623
2021/01/27,10:10:00,15678,15683,15654,15681,1331
2021/01/27,10:11:00,15681,15697,15671,15696,1121
2021/01/27,10:12:00,15697,15702,15688,15691,1005
2021/01/27,10:13:00,15691,15695,15682,15693,465
2021/01/27,10:14:00,15692,15695,15685,15692,398
2021/01/27,10:15:00,15694,15703,15688,15688,798
2021/01/27,10:16:00,15689,15697,15674,15691,998
2021/01/27,10:17:00,15691,15700,15690,15691,309
2021/01/27,10:18:00,15692,15695,15686,15689,258
2021/01/27,10:19:00,15688,15688,15674,15679,858
2021/01/27,10:20:00,15680,15687,15677,15684,344
2021/01/27,10:21:00,15684,15685,15664,15670,979
2021/01/27,10:22:00,15669,15669,15651,15664,1441
2021/01/27,10:23:00,15664,15676,15662,15672,508
2021/01/27,10:24:00,15671,15672,15663,15663,421
2021/01/27,10:25:00,15662,15662,15646,15650,1364
2021/01/27,10:26:00,15651,15669,15649,15668,646
2021/01/27,10:27:00,15668,15675,15659,15665,602
2021/01/27,10:28:00,15665,15675,15660,15673,391
2021/01/27,10:29:00,15674,15695,15672,15694,1308
2021/01/27,10:30:00,15693,15703,15687,15700,880
2021/01/27,10:31:00,15701,15712,15697,15709,913
2021/01/27,10:32:00,15709,15721,15707,15718,775
2021/01/27,10:33:00,15719,15719,15706,15709,628
2021/01/27,10:34:00,15708,15712,15691,15696,688
2021/01/27,10:35:00,15697,15699,15686,15693,425
2021/01/27,10:36:00,15693,15705,15687,15704,725
2021/01/27,10:37:00,15703,15711,15690,15691,474
2021/01/27,10:38:00,15691,15694,15677,15683,684
2021/01/27,10:39:00,15683,15683,15673,15678,496
2021/01/27,10:40:00,15677,15687,15674,15684,331
2021/01/27,10:41:00,15685,15685,15674,15681,335
2021/01/27,10:42:00,15680,15688,15678,15684,206
2021/01/27,10:43:00,15685,15689,15666,15677,549
2021/01/27,10:44:00,15676,15682,15673,15681,267
2021/01/27,10:45:00,15682,15683,15673,15677,241
2021/01/27,10:46:00,15675,15676,15660,15670,816
2021/01/27,10:47:00,15671,15676,15668,15672,335
2021/01/27,10:48:00,15671,15678,15669,15675,258
2021/01/27,10:49:00,15675,15678,15666,15674,280
2021/01/27,10:50:00,15673,15688,15671,15688,520
2021/01/27,10:51:00,15688,15688,15681,15682,334
2021/01/27,10:52:00,15683,15683,15655,15656,824
2021/01/27,10:53:00,15656,15659,15642,15649,1558
2021/01/27,10:54:00,15648,15655,15643,15652,615
2021/01/27,10:55:00,15651,15651,15635,15639,840
2021/01/27,10:56:00,15640,15641,15632,15636,883
2021/01/27,10:57:00,15636,15637,15617,15625,1676
2021/01/27,10:58:00,15624,15635,15617,15634,980
2021/01/27,10:59:00,15633,15645,15616,15617,1112
2021/01/27,11:00:00,15616,15622,15605,15613,1603
2021/01/27,11:01:00,15613,15613,15599,15600,1432
2021/01/27,11:02:00,15600,15606,15591,15603,1112
2021/01/27,11:03:00,15603,15614,15598,15611,764
2021/01/27,11:04:00,15612,15637,15608,15628,1186
2021/01/27,11:05:00,15627,15640,15624,15633,615
2021/01/27,11:06:00,15633,15644,15626,15627,670
2021/01/27,11:07:00,15627,15630,15610,15621,683
2021/01/27,11:08:00,15622,15625,15604,15610,725
2021/01/27,11:09:00,15609,15612,15600,15602,620
2021/01/27,11:10:00,15602,15619,15595,15612,770
2021/01/27,11:11:00,15613,15624,15607,15620,476
2021/01/27,11:12:00,15619,15620,15593,15593,688
2021/01/27,11:13:00,15593,15601,15585,15591,1126
2021/01/27,11:14:00,15591,15612,15588,15601,506
2021/01/27,11:15:00,15600,15600,15589,15598,426
2021/01/27,11:16:00,15597,15619,15591,15615,976
2021/01/27,11:17:00,15614,15630,15612,15626,865
2021/01/27,11:18:00,15625,15631,15615,15615,1016
2021/01/27,11:19:00,15615,15636,15615,15631,634
2021/01/27,11:20:00,15630,15632,15625,15630,299
2021/01/27,11:21:00,15631,15637,15626,15636,514
2021/01/27,11:22:00,15636,15642,15629,15631,519
2021/01/27,11:23:00,15631,15632,15624,15627,285
2021/01/27,11:24:00,15627,15641,15624,15640,295
2021/01/27,11:25:00,15639,15641,15625,15628,340
2021/01/27,11:26:00,15628,15634,15625,15632,297
2021/01/27,11:27:00,15634,15642,15632,15635,322
2021/01/27,11:28:00,15637,15639,15633,15638,96
2021/01/27,11:29:00,15638,15653,15638,15650,832
2021/01/27,11:30:00,15650,15666,15649,15662,960
2021/01/27,11:31:00,15663,15666,15655,15660,654
2021/01/27,11:32:00,15660,15669,15657,15663,509
2021/01/27,11:33:00,15662,15673,15662,15666,401
2021/01/27,11:34:00,15666,15668,15649,15654,576
2021/01/27,11:35:00,15652,15663,15652,15659,192
2021/01/27,11:36:00,15658,15662,15654,15656,235
2021/01/27,11:37:00,15656,15661,15655,15661,195
2021/01/27,11:38:00,15662,15665,15661,15662,265
2021/01/27,11:39:00,15662,15664,15655,15658,244
2021/01/27,11:40:00,15659,15662,15655,15659,129
2021/01/27,11:41:00,15660,15668,15659,15664,352
2021/01/27,11:42:00,15663,15665,15643,15644,501
2021/01/27,11:43:00,15645,15650,15644,15647,310
2021/01/27,11:44:00,15645,15652,15636,15636,388
2021/01/27,11:45:00,15636,15643,15636,15639,263
2021/01/27,11:46:00,15638,15648,15637,15643,294
2021/01/27,11:47:00,15644,15644,15635,15638,184
2021/01/27,11:48:00,15637,15637,15626,15631,674
2021/01/27,11:49:00,15632,15632,15625,15630,410
2021/01/27,11:50:00,15630,15637,15629,15632,257
2021/01/27,11:51:00,15632,15633,15625,15629,197
2021/01/27,11:52:00,15628,15635,15628,15633,113
2021/01/27,11:53:00,15634,15645,15632,15641,312
2021/01/27,11:54:00,15641,15642,15629,15629,284
2021/01/27,11:55:00,15629,15629,15619,15621,557
2021/01/27,11:56:00,15620,15621,15614,15617,376
2021/01/27,11:57:00,15617,15629,15613,15629,363
2021/01/27,11:58:00,15628,15629,15620,15621,147
2021/01/27,11:59:00,15622,15625,15621,15624,97
2021/01/27,12:00:00,15625,15630,15618,15623,316
2021/01/27,12:01:00,15623,15626,15618,15619,181
2021/01/27,12:02:00,15618,15625,15617,15622,211
2021/01/27,12:03:00,15623,15623,15604,15606,899
2021/01/27,12:04:00,15606,15612,15602,15603,410
2021/01/27,12:05:00,15602,15614,15601,15612,377
2021/01/27,12:06:00,15612,15633,15612,15631,633
2021/01/27,12:07:00,15632,15647,15629,15640,933
2021/01/27,12:08:00,15641,15643,15637,15638,244
2021/01/27,12:09:00,15639,15649,15638,15649,341
2021/01/27,12:10:00,15649,15664,15644,15661,756
2021/01/27,12:11:00,15662,15663,15652,15655,450
2021/01/27,12:12:00,15655,15659,15651,15658,241
2021/01/27,12:13:00,15658,15664,15654,15658,361
2021/01/27,12:14:00,15658,15668,15654,15663,405
2021/01/27,12:15:00,15662,15666,15660,15662,230
2021/01/27,12:16:00,15662,15667,15660,15662,200
2021/01/27,12:17:00,15662,15673,15657,15670,537
2021/01/27,12:18:00,15671,15674,15660,15660,405
2021/01/27,12:19:00,15660,15668,15659,15667,148
2021/01/27,12:20:00,15667,15668,15655,15657,235
2021/01/27,12:21:00,15657,15660,15652,15657,213
2021/01/27,12:22:00,15657,15660,15653,15659,159
2021/01/27,12:23:00,15658,15659,15653,15655,104
2021/01/27,12:24:00,15656,15668,15656,15658,342
2021/01/27,12:25:00,15658,15659,15652,15653,157
2021/01/27,12:26:00,15654,15659,15638,15638,516
2021/01/27,12:27:00,15638,15647,15635,15646,375
2021/01/27,12:28:00,15643,15643,15632,15639,382
2021/01/27,12:29:00,15641,15641,15624,15630,441
2021/01/27,12:30:00,15630,15636,15625,15633,428
2021/01/27,12:31:00,15636,15641,15636,15639,171
2021/01/27,12:32:00,15640,15640,15631,15640,140
2021/01/27,12:33:00,15640,15641,15636,15640,198
2021/01/27,12:34:00,15640,15640,15632,15633,208
2021/01/27,12:35:00,15632,15632,15616,15617,609
2021/01/27,12:36:00,15617,15626,15613,15625,440
2021/01/27,12:37:00,15625,15634,15622,15632,350
2021/01/27,12:38:00,15632,15634,15629,15633,113
2021/01/27,12:39:00,15633,15642,15629,15641,317
2021/01/27,12:40:00,15640,15649,15639,15644,390
2021/01/27,12:41:00,15645,15648,15640,15646,193
2021/01/27,12:42:00,15647,15653,15646,15650,311
2021/01/27,12:43:00,15649,15656,15649,15654,211
2021/01/27,12:44:00,15654,15658,15652,15655,189
2021/01/27,12:45:00,15654,15663,15654,15656,416
2021/01/27,12:46:00,15657,15662,15654,15659,236
2021/01/27,12:47:00,15660,15672,15660,15672,548
2021/01/27,12:48:00,15672,15678,15672,15674,571
2021/01/27,12:49:00,15674,15675,15663,15666,390
2021/01/27,12:50:00,15665,15675,15664,15672,257
2021/01/27,12:51:00,15671,15676,15670,15674,290
2021/01/27,12:52:00,15674,15678,15673,15676,273
2021/01/27,12:53:00,15676,15677,15666,15671,354
2021/01/27,12:54:00,15672,15674,15661,15667,322
2021/01/27,12:55:00,15665,15674,15665,15668,190
2021/01/27,12:56:00,15670,15675,15669,15671,197
2021/01/27,12:57:00,15671,15679,15669,15678,387
2021/01/27,12:58:00,15678,15688,15677,15686,899
2021/01/27,12:59:00,15686,15693,15685,15693,431
2021/01/27,13:00:00,15693,15695,15683,15686,535
2021/01/27,13:01:00,15686,15706,15686,15705,1180
2021/01/27,13:02:00,15703,15706,15698,15698,499
2021/01/27,13:03:00,15699,15704,15691,15698,326
2021/01/27,13:04:00,15698,15700,15687,15693,443
2021/01/27,13:05:00,15694,15697,15689,15690,297
2021/01/27,13:06:00,15690,15700,15690,15700,283
2021/01/27,13:07:00,15700,15705,15698,15701,393
2021/01/27,13:08:00,15702,15703,15698,15700,167
2021/01/27,13:09:00,15701,15701,15689,15692,405
2021/01/27,13:10:00,15691,15695,15680,15683,673
2021/01/27,13:11:00,15682,15696,15682,15694,359
2021/01/27,13:12:00,15695,15705,15695,15701,404
2021/01/27,13:13:00,15702,15704,15695,15700,242
2021/01/27,13:14:00,15701,15702,15691,15692,166
2021/01/27,13:15:00,15693,15693,15681,15686,500
2021/01/27,13:16:00,15686,15695,15684,15692,462
2021/01/27,13:17:00,15692,15694,15686,15693,162
2021/01/27,13:18:00,15693,15695,15687,15688,195
2021/01/27,13:19:00,15687,15702,15686,15700,423
2021/01/27,13:20:00,15701,15702,15692,15692,280
2021/01/27,13:21:00,15692,15698,15688,15692,305
2021/01/27,13:22:00,15692,15692,15687,15687,240
2021/01/27,13:23:00,15688,15691,15685,15688,248
2021/01/27,13:24:00,15689,15693,15685,15687,227
2021/01/27,13:25:00,15686,15692,15682,15691,300
2021/01/27,13:26:00,15690,15693,15670,15675,1138
2021/01/27,13:27:00,15675,15678,15669,15673,569
2021/01/27,13:28:00,15673,15680,15670,15672,398
2021/01/27,13:29:00,15672,15674,15667,15667,422
2021/01/27,13:30:00,15668,15673,15662,15666,805
2021/01/27,13:31:00,15664,15666,15656,15657,1153
2021/01/27,13:32:00,15658,15661,15653,15654,636
2021/01/27,13:33:00,15655,15657,15650,15651,479
2021/01/27,13:34:00,15651,15657,15651,15656,270
2021/01/27,13:35:00,15656,15659,15653,15657,269
2021/01/27,13:36:00,15657,15657,15654,15656,181
2021/01/27,13:37:00,15656,15669,15656,15669,623
2021/01/27,13:38:00,15669,15669,15662,15664,199
2021/01/27,13:39:00,15664,15666,15657,15658,259
2021/01/27,13:40:00,15657,15660,15655,15659,203
2021/01/27,13:41:00,15660,15663,15657,15659,307
2021/01/27,13:42:00,15659,15661,15657,15659,156
2021/01/27,13:43:00,15658,15658,15654,15656,246
2021/01/27,13:44:00,15657,15661,15655,15660,365
2021/01/27,13:45:00,15660,15662,15653,15660,673
