Date,Time,Open,High,Low,Close,Volume
2008/05/23,08:46:00,10692,10699,10686,10692,436
2008/05/23,08:47:00,10692,10699,10691,10694,192
2008/05/23,08:48:00,10693,10695,10685,10685,251
2008/05/23,08:49:00,10685,10687,10683,10685,151
2008/05/23,08:50:00,10685,10686,10683,10685,118
2008/05/23,08:51:00,10685,10686,10682,10684,194
2008/05/23,08:52:00,10682,10682,10674,10675,203
2008/05/23,08:53:00,10677,10682,10676,10678,96
2008/05/23,08:54:00,10679,10681,10678,10679,49
2008/05/23,08:55:00,10680,10681,10678,10681,59
2008/05/23,08:56:00,10680,10684,10679,10684,93
2008/05/23,08:57:00,10683,10687,10682,10687,127
2008/05/23,08:58:00,10686,10687,10682,10682,115
2008/05/23,08:59:00,10681,10682,10680,10680,57
2008/05/23,09:00:00,10680,10682,10678,10679,81
2008/05/23,09:01:00,10678,10684,10674,10684,255
2008/05/23,09:02:00,10682,10687,10680,10687,137
2008/05/23,09:03:00,10686,10687,10680,10686,199
2008/05/23,09:04:00,10685,10689,10684,10687,202
2008/05/23,09:05:00,10686,10694,10684,10690,298
2008/05/23,09:06:00,10690,10694,10689,10691,186
2008/05/23,09:07:00,10693,10693,10684,10687,261
2008/05/23,09:08:00,10687,10690,10686,10688,185
2008/05/23,09:09:00,10688,10696,10687,10692,219
2008/05/23,09:10:00,10691,10695,10688,10691,194
2008/05/23,09:11:00,10689,10694,10689,10692,93
2008/05/23,09:12:00,10692,10694,10690,10692,128
2008/05/23,09:13:00,10691,10692,10684,10689,255
2008/05/23,09:14:00,10688,10692,10687,10690,77
2008/05/23,09:15:00,10690,10695,10690,10693,206
2008/05/23,09:16:00,10693,10704,10692,10703,318
2008/05/23,09:17:00,10703,10703,10700,10700,150
2008/05/23,09:18:00,10700,10708,10699,10706,297
2008/05/23,09:19:00,10706,10708,10702,10705,226
2008/05/23,09:20:00,10703,10719,10702,10715,433
2008/05/23,09:21:00,10715,10716,10710,10710,331
2008/05/23,09:22:00,10710,10714,10707,10714,230
2008/05/23,09:23:00,10713,10714,10709,10711,200
2008/05/23,09:24:00,10711,10715,10711,10711,188
2008/05/23,09:25:00,10711,10711,10705,10706,295
2008/05/23,09:26:00,10707,10708,10702,10702,233
2008/05/23,09:27:00,10702,10703,10696,10698,240
2008/05/23,09:28:00,10698,10701,10696,10700,132
2008/05/23,09:29:00,10702,10705,10700,10705,84
2008/05/23,09:30:00,10705,10705,10699,10702,112
2008/05/23,09:31:00,10700,10704,10700,10704,63
2008/05/23,09:32:00,10704,10705,10693,10694,218
2008/05/23,09:33:00,10693,10694,10690,10693,219
2008/05/23,09:34:00,10694,10695,10692,10693,82
2008/05/23,09:35:00,10694,10695,10688,10689,181
2008/05/23,09:36:00,10688,10690,10679,10681,338
2008/05/23,09:37:00,10681,10687,10680,10686,188
2008/05/23,09:38:00,10684,10687,10684,10685,83
2008/05/23,09:39:00,10685,10690,10680,10680,210
2008/05/23,09:40:00,10680,10681,10659,10667,747
2008/05/23,09:41:00,10667,10671,10662,10666,463
2008/05/23,09:42:00,10669,10670,10662,10665,524
2008/05/23,09:43:00,10665,10670,10664,10670,166
2008/05/23,09:44:00,10671,10671,10668,10669,168
2008/05/23,09:45:00,10671,10673,10666,10666,233
2008/05/23,09:46:00,10667,10669,10658,10666,510
2008/05/23,09:47:00,10666,10673,10665,10672,253
2008/05/23,09:48:00,10671,10672,10669,10669,167
2008/05/23,09:49:00,10670,10672,10669,10670,146
2008/05/23,09:50:00,10670,10676,10669,10676,310
2008/05/23,09:51:00,10676,10676,10669,10671,208
2008/05/23,09:52:00,10670,10674,10670,10674,133
2008/05/23,09:53:00,10673,10674,10667,10667,188
2008/05/23,09:54:00,10667,10670,10666,10668,139
2008/05/23,09:55:00,10668,10669,10663,10665,154
2008/05/23,09:56:00,10666,10668,10664,10665,166
2008/05/23,09:57:00,10665,10670,10665,10667,165
2008/05/23,09:58:00,10667,10670,10667,10669,73
2008/05/23,09:59:00,10668,10671,10667,10668,99
2008/05/23,10:00:00,10668,10670,10665,10665,180
2008/05/23,10:01:00,10665,10666,10649,10654,761
2008/05/23,10:02:00,10654,10655,10642,10646,562
2008/05/23,10:03:00,10646,10647,10632,10635,675
2008/05/23,10:04:00,10636,10637,10622,10626,565
2008/05/23,10:05:00,10625,10635,10625,10634,412
2008/05/23,10:06:00,10633,10634,10631,10632,205
2008/05/23,10:07:00,10632,10640,10631,10639,283
2008/05/23,10:08:00,10639,10639,10634,10634,217
2008/05/23,10:09:00,10635,10637,10635,10635,95
2008/05/23,10:10:00,10636,10639,10635,10639,160
2008/05/23,10:11:00,10639,10640,10634,10637,228
2008/05/23,10:12:00,10637,10637,10627,10630,394
2008/05/23,10:13:00,10629,10631,10622,10622,484
2008/05/23,10:14:00,10622,10629,10617,10625,596
2008/05/23,10:15:00,10625,10627,10620,10620,289
2008/05/23,10:16:00,10620,10623,10603,10612,720
2008/05/23,10:17:00,10612,10616,10609,10614,272
2008/05/23,10:18:00,10614,10615,10609,10613,222
2008/05/23,10:19:00,10612,10621,10611,10616,380
2008/05/23,10:20:00,10616,10616,10607,10610,343
2008/05/23,10:21:00,10610,10613,10599,10607,473
2008/05/23,10:22:00,10607,10610,10603,10604,210
2008/05/23,10:23:00,10603,10610,10603,10603,202
2008/05/23,10:24:00,10604,10607,10602,10604,166
2008/05/23,10:25:00,10603,10610,10602,10608,193
2008/05/23,10:26:00,10609,10610,10603,10607,224
2008/05/23,10:27:00,10607,10610,10605,10605,134
2008/05/23,10:28:00,10605,10616,10604,10613,313
2008/05/23,10:29:00,10613,10618,10612,10616,214
2008/05/23,10:30:00,10618,10620,10617,10620,264
2008/05/23,10:31:00,10620,10620,10612,10615,200
2008/05/23,10:32:00,10614,10616,10612,10616,119
2008/05/23,10:33:00,10616,10618,10614,10617,118
2008/05/23,10:34:00,10618,10618,10613,10614,116
2008/05/23,10:35:00,10613,10617,10612,10616,88
2008/05/23,10:36:00,10616,10617,10614,10617,66
2008/05/23,10:37:00,10616,10626,10616,10624,290
2008/05/23,10:38:00,10625,10625,10617,10617,131
2008/05/23,10:39:00,10617,10619,10613,10617,202
2008/05/23,10:40:00,10617,10620,10617,10619,59
2008/05/23,10:41:00,10619,10620,10617,10619,64
2008/05/23,10:42:00,10620,10626,10619,10625,186
2008/05/23,10:43:00,10624,10626,10622,10626,116
2008/05/23,10:44:00,10625,10628,10622,10623,189
2008/05/23,10:45:00,10624,10624,10622,10623,98
2008/05/23,10:46:00,10623,10627,10622,10626,114
2008/05/23,10:47:00,10626,10627,10624,10624,138
2008/05/23,10:48:00,10623,10627,10623,10627,109
2008/05/23,10:49:00,10625,10627,10625,10626,66
2008/05/23,10:50:00,10625,10626,10619,10621,303
2008/05/23,10:51:00,10621,10629,10621,10627,130
2008/05/23,10:52:00,10628,10629,10627,10627,63
2008/05/23,10:53:00,10626,10628,10625,10626,85
2008/05/23,10:54:00,10626,10632,10625,10631,191
2008/05/23,10:55:00,10632,10634,10627,10629,233
2008/05/23,10:56:00,10630,10630,10624,10627,145
2008/05/23,10:57:00,10628,10630,10627,10628,59
2008/05/23,10:58:00,10629,10629,10619,10624,202
2008/05/23,10:59:00,10624,10630,10623,10628,100
2008/05/23,11:00:00,10628,10630,10624,10625,86
2008/05/23,11:01:00,10627,10628,10623,10623,66
2008/05/23,11:02:00,10623,10625,10623,10623,55
2008/05/23,11:03:00,10624,10627,10623,10626,111
2008/05/23,11:04:00,10623,10624,10614,10617,278
2008/05/23,11:05:00,10617,10617,10611,10613,311
2008/05/23,11:06:00,10612,10614,10604,10606,318
2008/05/23,11:07:00,10607,10609,10604,10608,174
2008/05/23,11:08:00,10607,10613,10607,10611,112
2008/05/23,11:09:00,10612,10615,10611,10612,70
2008/05/23,11:10:00,10613,10615,10612,10615,67
2008/05/23,11:11:00,10616,10617,10615,10615,72
2008/05/23,11:12:00,10615,10616,10608,10608,145
2008/05/23,11:13:00,10609,10615,10608,10612,134
2008/05/23,11:14:00,10611,10611,10601,10603,367
2008/05/23,11:15:00,10605,10605,10584,10592,747
2008/05/23,11:16:00,10587,10592,10578,10578,453
2008/05/23,11:17:00,10578,10583,10577,10579,399
2008/05/23,11:18:00,10578,10579,10560,10566,662
2008/05/23,11:19:00,10564,10568,10562,10563,362
2008/05/23,11:20:00,10565,10573,10563,10569,278
2008/05/23,11:21:00,10569,10575,10567,10573,274
2008/05/23,11:22:00,10573,10575,10568,10569,212
2008/05/23,11:23:00,10571,10576,10569,10572,194
2008/05/23,11:24:00,10573,10574,10572,10574,114
2008/05/23,11:25:00,10574,10580,10573,10578,161
2008/05/23,11:26:00,10580,10581,10575,10577,234
2008/05/23,11:27:00,10576,10580,10575,10579,95
2008/05/23,11:28:00,10579,10585,10578,10585,186
2008/05/23,11:29:00,10584,10585,10581,10582,209
2008/05/23,11:30:00,10581,10582,10573,10574,211
2008/05/23,11:31:00,10574,10575,10568,10569,285
2008/05/23,11:32:00,10569,10570,10548,10552,587
2008/05/23,11:33:00,10552,10556,10545,10549,602
2008/05/23,11:34:00,10547,10550,10537,10545,662
2008/05/23,11:35:00,10547,10552,10545,10551,282
2008/05/23,11:36:00,10552,10552,10546,10550,220
2008/05/23,11:37:00,10550,10559,10550,10559,374
2008/05/23,11:38:00,10559,10562,10550,10551,255
2008/05/23,11:39:00,10551,10557,10548,10557,183
2008/05/23,11:40:00,10555,10556,10550,10556,148
2008/05/23,11:41:00,10556,10556,10547,10556,184
2008/05/23,11:42:00,10557,10567,10555,10566,235
2008/05/23,11:43:00,10566,10567,10559,10560,203
2008/05/23,11:44:00,10562,10575,10560,10573,232
2008/05/23,11:45:00,10573,10578,10569,10578,229
2008/05/23,11:46:00,10578,10584,10576,10583,373
2008/05/23,11:47:00,10583,10585,10579,10579,301
2008/05/23,11:48:00,10579,10583,10574,10582,270
2008/05/23,11:49:00,10580,10583,10577,10581,145
2008/05/23,11:50:00,10580,10589,10577,10589,219
2008/05/23,11:51:00,10588,10592,10585,10585,262
2008/05/23,11:52:00,10585,10589,10583,10585,179
2008/05/23,11:53:00,10587,10587,10583,10584,125
2008/05/23,11:54:00,10583,10583,10576,10583,171
2008/05/23,11:55:00,10582,10583,10580,10581,47
2008/05/23,11:56:00,10582,10590,10580,10588,128
2008/05/23,11:57:00,10588,10592,10585,10587,137
2008/05/23,11:58:00,10587,10604,10587,10600,344
2008/05/23,11:59:00,10599,10607,10597,10598,244
2008/05/23,12:00:00,10599,10599,10592,10592,145
2008/05/23,12:01:00,10593,10597,10590,10594,102
2008/05/23,12:02:00,10596,10597,10594,10596,66
2008/05/23,12:03:00,10595,10600,10595,10597,109
2008/05/23,12:04:00,10597,10598,10585,10586,191
2008/05/23,12:05:00,10585,10589,10583,10584,107
2008/05/23,12:06:00,10585,10586,10576,10580,198
2008/05/23,12:07:00,10579,10589,10578,10586,87
2008/05/23,12:08:00,10584,10586,10583,10586,35
2008/05/23,12:09:00,10586,10599,10585,10596,169
2008/05/23,12:10:00,10599,10599,10592,10592,112
2008/05/23,12:11:00,10593,10593,10589,10589,56
2008/05/23,12:12:00,10589,10592,10585,10592,90
2008/05/23,12:13:00,10592,10595,10587,10587,107
2008/05/23,12:14:00,10587,10587,10576,10576,193
2008/05/23,12:15:00,10578,10578,10565,10565,306
2008/05/23,12:16:00,10566,10572,10564,10568,176
2008/05/23,12:17:00,10570,10580,10569,10575,91
2008/05/23,12:18:00,10575,10581,10574,10581,72
2008/05/23,12:19:00,10582,10586,10577,10582,93
2008/05/23,12:20:00,10581,10584,10577,10577,51
2008/05/23,12:21:00,10577,10577,10568,10574,79
2008/05/23,12:22:00,10575,10582,10573,10580,61
2008/05/23,12:23:00,10580,10585,10577,10583,67
2008/05/23,12:24:00,10585,10611,10583,10611,559
2008/05/23,12:25:00,10611,10624,10606,10621,757
2008/05/23,12:26:00,10618,10621,10616,10619,275
2008/05/23,12:27:00,10621,10631,10619,10630,813
2008/05/23,12:28:00,10628,10630,10622,10625,259
2008/05/23,12:29:00,10623,10625,10617,10618,191
2008/05/23,12:30:00,10617,10619,10608,10608,176
2008/05/23,12:31:00,10609,10620,10605,10618,242
2008/05/23,12:32:00,10617,10620,10615,10617,81
2008/05/23,12:33:00,10617,10625,10615,10622,164
2008/05/23,12:34:00,10621,10621,10615,10615,157
2008/05/23,12:35:00,10615,10617,10611,10611,113
2008/05/23,12:36:00,10611,10622,10608,10622,168
2008/05/23,12:37:00,10622,10628,10621,10623,209
2008/05/23,12:38:00,10622,10624,10622,10622,70
2008/05/23,12:39:00,10622,10637,10621,10629,552
2008/05/23,12:40:00,10630,10632,10627,10628,128
2008/05/23,12:41:00,10628,10633,10627,10627,205
2008/05/23,12:42:00,10625,10627,10619,10625,160
2008/05/23,12:43:00,10622,10623,10618,10622,124
2008/05/23,12:44:00,10622,10624,10612,10612,168
2008/05/23,12:45:00,10612,10614,10605,10607,250
2008/05/23,12:46:00,10605,10613,10605,10609,191
2008/05/23,12:47:00,10608,10612,10607,10612,75
2008/05/23,12:48:00,10611,10614,10608,10609,114
2008/05/23,12:49:00,10610,10612,10607,10612,153
2008/05/23,12:50:00,10612,10612,10606,10606,91
2008/05/23,12:51:00,10607,10609,10600,10600,176
2008/05/23,12:52:00,10600,10602,10583,10587,545
2008/05/23,12:53:00,10586,10590,10576,10576,333
2008/05/23,12:54:00,10576,10577,10556,10559,621
2008/05/23,12:55:00,10563,10563,10554,10560,423
2008/05/23,12:56:00,10561,10563,10544,10544,548
2008/05/23,12:57:00,10547,10561,10542,10559,428
2008/05/23,12:58:00,10560,10561,10551,10557,226
2008/05/23,12:59:00,10559,10566,10556,10565,173
2008/05/23,13:00:00,10565,10570,10564,10570,163
2008/05/23,13:01:00,10568,10570,10564,10566,185
2008/05/23,13:02:00,10566,10568,10564,10565,121
2008/05/23,13:03:00,10565,10565,10547,10555,353
2008/05/23,13:04:00,10556,10559,10552,10556,164
2008/05/23,13:05:00,10556,10560,10555,10559,170
2008/05/23,13:06:00,10559,10571,10557,10571,212
2008/05/23,13:07:00,10571,10581,10569,10572,265
2008/05/23,13:08:00,10572,10576,10569,10573,174
2008/05/23,13:09:00,10572,10574,10567,10569,143
2008/05/23,13:10:00,10569,10570,10564,10567,107
2008/05/23,13:11:00,10565,10566,10552,10554,185
2008/05/23,13:12:00,10553,10554,10532,10546,893
2008/05/23,13:13:00,10546,10548,10537,10542,273
2008/05/23,13:14:00,10541,10550,10540,10549,250
2008/05/23,13:15:00,10549,10559,10547,10549,156
2008/05/23,13:16:00,10553,10553,10540,10540,197
2008/05/23,13:17:00,10541,10548,10541,10547,101
2008/05/23,13:18:00,10546,10547,10538,10542,241
2008/05/23,13:19:00,10543,10552,10541,10549,183
2008/05/23,13:20:00,10549,10556,10545,10549,191
2008/05/23,13:21:00,10549,10549,10536,10539,211
2008/05/23,13:22:00,10539,10541,10528,10532,478
2008/05/23,13:23:00,10532,10534,10522,10522,330
2008/05/23,13:24:00,10522,10523,10517,10520,294
2008/05/23,13:25:00,10520,10527,10518,10525,260
2008/05/23,13:26:00,10525,10526,10522,10522,124
2008/05/23,13:27:00,10522,10525,10512,10513,353
2008/05/23,13:28:00,10513,10516,10511,10512,215
2008/05/23,13:29:00,10513,10514,10511,10512,247
2008/05/23,13:30:00,10511,10516,10507,10512,316
2008/05/23,13:31:00,10509,10511,10498,10499,473
2008/05/23,13:32:00,10499,10502,10487,10492,681
2008/05/23,13:33:00,10492,10497,10488,10488,340
2008/05/23,13:34:00,10491,10491,10477,10481,566
2008/05/23,13:35:00,10480,10484,10470,10480,491
2008/05/23,13:36:00,10479,10486,10479,10486,404
2008/05/23,13:37:00,10486,10491,10485,10486,335
2008/05/23,13:38:00,10488,10489,10481,10483,284
2008/05/23,13:39:00,10484,10484,10481,10483,223
2008/05/23,13:40:00,10483,10485,10474,10478,455
2008/05/23,13:41:00,10478,10482,10475,10480,292
2008/05/23,13:42:00,10478,10482,10478,10480,181
2008/05/23,13:43:00,10480,10480,10475,10477,331
2008/05/23,13:44:00,10478,10479,10475,10478,320
2008/05/23,13:45:00,10477,10479,10475,10475,604
