Date,Time,Open,High,Low,Close,Volume
2002/11/04,08:46:00,5062,5106,5042,5105,397
2002/11/04,08:47:00,5081,5116,5067,5082,268
2002/11/04,08:48:00,5082,5096,5078,5082,271
2002/11/04,08:49:00,5091,5096,5081,5093,273
2002/11/04,08:50:00,5091,5096,5083,5088,288
2002/11/04,08:51:00,5091,5096,5088,5088,202
2002/11/04,08:52:00,5088,5091,5086,5089,145
2002/11/04,08:53:00,5087,5091,5086,5087,140
2002/11/04,08:54:00,5087,5090,5084,5090,152
2002/11/04,08:55:00,5088,5091,5085,5087,163
2002/11/04,08:56:00,5086,5091,5086,5086,119
2002/11/04,08:57:00,5086,5090,5085,5089,157
2002/11/04,08:58:00,5086,5090,5083,5085,76
2002/11/04,08:59:00,5084,5086,5082,5082,56
2002/11/04,09:00:00,5083,5084,5077,5080,119
2002/11/04,09:01:00,5077,5085,5076,5079,145
2002/11/04,09:02:00,5081,5085,5066,5066,110
2002/11/04,09:03:00,5066,5076,5066,5071,86
2002/11/04,09:04:00,5069,5076,5066,5068,119
2002/11/04,09:05:00,5068,5071,5066,5068,69
2002/11/04,09:06:00,5068,5068,5061,5064,92
2002/11/04,09:07:00,5063,5066,5061,5063,151
2002/11/04,09:08:00,5064,5066,5059,5066,213
2002/11/04,09:09:00,5066,5079,5061,5078,300
2002/11/04,09:10:00,5081,5082,5071,5076,145
2002/11/04,09:11:00,5071,5080,5071,5076,161
2002/11/04,09:12:00,5074,5079,5072,5077,114
2002/11/04,09:13:00,5074,5083,5072,5079,202
2002/11/04,09:14:00,5076,5080,5072,5074,127
2002/11/04,09:15:00,5071,5076,5067,5068,157
2002/11/04,09:16:00,5067,5071,5057,5060,141
2002/11/04,09:17:00,5060,5060,5049,5052,134
2002/11/04,09:18:00,5052,5056,5049,5050,101
2002/11/04,09:19:00,5053,5054,5050,5051,72
2002/11/04,09:20:00,5051,5053,5048,5051,92
2002/11/04,09:21:00,5052,5054,5048,5051,148
2002/11/04,09:22:00,5049,5055,5049,5052,63
2002/11/04,09:23:00,5053,5056,5051,5054,77
2002/11/04,09:24:00,5053,5053,5048,5048,102
2002/11/04,09:25:00,5051,5052,5048,5051,83
2002/11/04,09:26:00,5050,5056,5050,5056,138
2002/11/04,09:27:00,5056,5063,5056,5060,68
2002/11/04,09:28:00,5057,5063,5054,5054,84
2002/11/04,09:29:00,5060,5060,5051,5054,60
2002/11/04,09:30:00,5054,5055,5046,5049,98
2002/11/04,09:31:00,5049,5051,5046,5051,83
2002/11/04,09:32:00,5051,5051,5043,5043,90
2002/11/04,09:33:00,5046,5046,5036,5040,117
2002/11/04,09:34:00,5041,5045,5038,5045,82
2002/11/04,09:35:00,5042,5050,5041,5044,73
2002/11/04,09:36:00,5044,5051,5043,5046,88
2002/11/04,09:37:00,5046,5049,5043,5044,63
2002/11/04,09:38:00,5042,5046,5037,5039,102
2002/11/04,09:39:00,5039,5044,5037,5040,78
2002/11/04,09:40:00,5041,5044,5038,5039,67
2002/11/04,09:41:00,5039,5041,5027,5027,188
2002/11/04,09:42:00,5031,5034,5027,5031,97
2002/11/04,09:43:00,5031,5036,5031,5033,96
2002/11/04,09:44:00,5033,5035,5030,5032,37
2002/11/04,09:45:00,5032,5034,5031,5034,67
2002/11/04,09:46:00,5034,5036,5032,5036,109
2002/11/04,09:47:00,5036,5040,5033,5038,72
2002/11/04,09:48:00,5038,5041,5036,5038,88
2002/11/04,09:49:00,5038,5039,5035,5036,81
2002/11/04,09:50:00,5036,5041,5033,5038,79
2002/11/04,09:51:00,5036,5042,5036,5037,27
2002/11/04,09:52:00,5037,5039,5036,5036,54
2002/11/04,09:53:00,5037,5038,5034,5036,27
2002/11/04,09:54:00,5036,5039,5034,5039,52
2002/11/04,09:55:00,5037,5046,5036,5046,120
2002/11/04,09:56:00,5049,5058,5046,5055,126
2002/11/04,09:57:00,5055,5061,5052,5059,105
2002/11/04,09:58:00,5061,5066,5057,5062,145
2002/11/04,09:59:00,5061,5066,5059,5061,107
2002/11/04,10:00:00,5061,5063,5056,5056,147
2002/11/04,10:01:00,5058,5059,5053,5058,75
2002/11/04,10:02:00,5058,5058,5053,5055,61
2002/11/04,10:03:00,5055,5057,5052,5054,44
2002/11/04,10:04:00,5053,5054,5048,5048,32
2002/11/04,10:05:00,5051,5051,5049,5050,27
2002/11/04,10:06:00,5050,5051,5049,5050,40
2002/11/04,10:07:00,5050,5053,5049,5051,48
2002/11/04,10:08:00,5051,5056,5051,5055,44
2002/11/04,10:09:00,5054,5056,5052,5052,38
2002/11/04,10:10:00,5052,5055,5052,5053,48
2002/11/04,10:11:00,5054,5056,5052,5052,94
2002/11/04,10:12:00,5052,5053,5044,5044,91
2002/11/04,10:13:00,5044,5044,5036,5036,65
2002/11/04,10:14:00,5036,5038,5033,5035,58
2002/11/04,10:15:00,5034,5036,5033,5035,53
2002/11/04,10:16:00,5035,5037,5035,5037,40
2002/11/04,10:17:00,5037,5039,5034,5034,46
2002/11/04,10:18:00,5036,5036,5034,5035,30
2002/11/04,10:19:00,5034,5036,5033,5034,34
2002/11/04,10:20:00,5034,5036,5033,5033,34
2002/11/04,10:21:00,5033,5034,5031,5031,56
2002/11/04,10:22:00,5031,5036,5031,5036,43
2002/11/04,10:23:00,5036,5037,5033,5035,26
2002/11/04,10:24:00,5035,5037,5032,5036,29
2002/11/04,10:25:00,5036,5036,5028,5029,67
2002/11/04,10:26:00,5028,5033,5025,5027,135
2002/11/04,10:27:00,5025,5027,5018,5019,107
2002/11/04,10:28:00,5021,5027,5021,5026,75
2002/11/04,10:29:00,5028,5032,5026,5031,36
2002/11/04,10:30:00,5031,5035,5029,5035,34
2002/11/04,10:31:00,5035,5036,5033,5035,53
2002/11/04,10:32:00,5036,5039,5033,5039,32
2002/11/04,10:33:00,5038,5040,5036,5039,31
2002/11/04,10:34:00,5038,5040,5036,5038,23
2002/11/04,10:35:00,5037,5038,5032,5032,40
2002/11/04,10:36:00,5036,5036,5031,5032,19
2002/11/04,10:37:00,5031,5036,5026,5028,102
2002/11/04,10:38:00,5028,5035,5028,5035,27
2002/11/04,10:39:00,5032,5035,5030,5031,28
2002/11/04,10:40:00,5034,5035,5032,5034,14
2002/11/04,10:41:00,5033,5039,5033,5036,61
2002/11/04,10:42:00,5037,5041,5037,5039,39
2002/11/04,10:43:00,5039,5042,5038,5040,59
2002/11/04,10:44:00,5039,5041,5038,5039,78
2002/11/04,10:45:00,5038,5038,5031,5031,144
2002/11/04,10:46:00,5031,5031,5028,5029,43
2002/11/04,10:47:00,5029,5032,5029,5029,43
2002/11/04,10:48:00,5030,5030,5028,5030,41
2002/11/04,10:49:00,5030,5033,5029,5032,28
2002/11/04,10:50:00,5032,5034,5031,5034,13
2002/11/04,10:51:00,5032,5036,5032,5036,17
2002/11/04,10:52:00,5034,5040,5033,5038,31
2002/11/04,10:53:00,5038,5042,5038,5038,45
2002/11/04,10:54:00,5042,5042,5039,5040,30
2002/11/04,10:55:00,5040,5049,5038,5049,83
2002/11/04,10:56:00,5048,5050,5044,5049,74
2002/11/04,10:57:00,5046,5050,5044,5045,47
2002/11/04,10:58:00,5048,5048,5045,5045,29
2002/11/04,10:59:00,5044,5046,5043,5043,33
2002/11/04,11:00:00,5043,5043,5041,5043,22
2002/11/04,11:01:00,5043,5044,5041,5041,39
2002/11/04,11:02:00,5040,5041,5039,5039,9
2002/11/04,11:03:00,5039,5039,5031,5031,55
2002/11/04,11:04:00,5036,5038,5034,5037,26
2002/11/04,11:05:00,5038,5041,5036,5041,21
2002/11/04,11:06:00,5039,5046,5039,5046,47
2002/11/04,11:07:00,5046,5052,5043,5052,96
2002/11/04,11:08:00,5049,5054,5049,5054,83
2002/11/04,11:09:00,5054,5056,5051,5054,100
2002/11/04,11:10:00,5053,5056,5053,5055,42
2002/11/04,11:11:00,5054,5054,5050,5051,22
2002/11/04,11:12:00,5050,5050,5045,5048,37
2002/11/04,11:13:00,5049,5049,5045,5046,45
2002/11/04,11:14:00,5046,5048,5044,5046,30
2002/11/04,11:15:00,5046,5047,5045,5047,24
2002/11/04,11:16:00,5045,5046,5039,5039,60
2002/11/04,11:17:00,5040,5042,5039,5039,33
2002/11/04,11:18:00,5039,5040,5036,5036,42
2002/11/04,11:19:00,5036,5036,5032,5034,32
2002/11/04,11:20:00,5036,5037,5033,5036,28
2002/11/04,11:21:00,5038,5041,5036,5041,42
2002/11/04,11:22:00,5037,5043,5037,5041,36
2002/11/04,11:23:00,5044,5046,5040,5043,53
2002/11/04,11:24:00,5041,5045,5036,5036,45
2002/11/04,11:25:00,5036,5041,5035,5036,33
2002/11/04,11:26:00,5036,5037,5033,5037,19
2002/11/04,11:27:00,5036,5044,5036,5041,34
2002/11/04,11:28:00,5044,5045,5040,5045,24
2002/11/04,11:29:00,5044,5044,5042,5044,7
2002/11/04,11:30:00,5044,5046,5042,5046,57
2002/11/04,11:31:00,5046,5053,5045,5053,82
2002/11/04,11:32:00,5051,5056,5051,5053,104
2002/11/04,11:33:00,5053,5057,5049,5049,95
2002/11/04,11:34:00,5051,5051,5047,5051,43
2002/11/04,11:35:00,5048,5051,5047,5051,64
2002/11/04,11:36:00,5051,5053,5050,5051,32
2002/11/04,11:37:00,5053,5055,5050,5051,49
2002/11/04,11:38:00,5053,5054,5051,5053,43
2002/11/04,11:39:00,5054,5054,5051,5052,30
2002/11/04,11:40:00,5051,5051,5048,5049,34
2002/11/04,11:41:00,5048,5048,5043,5043,68
2002/11/04,11:42:00,5045,5046,5043,5046,9
2002/11/04,11:43:00,5045,5048,5044,5046,28
2002/11/04,11:44:00,5049,5049,5046,5048,13
2002/11/04,11:45:00,5047,5050,5046,5049,28
2002/11/04,11:46:00,5047,5050,5047,5047,25
2002/11/04,11:47:00,5047,5049,5044,5044,24
2002/11/04,11:48:00,5044,5044,5038,5038,46
2002/11/04,11:49:00,5038,5039,5034,5036,83
2002/11/04,11:50:00,5034,5036,5031,5034,80
2002/11/04,11:51:00,5033,5039,5032,5037,32
2002/11/04,11:52:00,5036,5037,5034,5036,23
2002/11/04,11:53:00,5034,5036,5032,5033,52
2002/11/04,11:54:00,5032,5035,5029,5029,61
2002/11/04,11:55:00,5029,5033,5028,5031,32
2002/11/04,11:56:00,5031,5034,5031,5034,25
2002/11/04,11:57:00,5035,5036,5034,5036,18
2002/11/04,11:58:00,5035,5038,5035,5036,34
2002/11/04,11:59:00,5035,5039,5033,5033,25
2002/11/04,12:00:00,5033,5033,5031,5031,44
2002/11/04,12:01:00,5029,5031,5028,5029,21
2002/11/04,12:02:00,5029,5031,5027,5027,126
2002/11/04,12:03:00,5027,5029,5023,5024,154
2002/11/04,12:04:00,5025,5027,5024,5026,81
2002/11/04,12:05:00,5026,5027,5025,5026,50
2002/11/04,12:06:00,5025,5028,5024,5026,58
2002/11/04,12:07:00,5026,5029,5026,5027,30
2002/11/04,12:08:00,5028,5031,5027,5028,24
2002/11/04,12:09:00,5030,5031,5029,5029,16
2002/11/04,12:10:00,5029,5035,5029,5035,48
2002/11/04,12:11:00,5030,5036,5030,5036,62
2002/11/04,12:12:00,5033,5036,5033,5035,49
2002/11/04,12:13:00,5036,5038,5034,5038,24
2002/11/04,12:14:00,5036,5037,5035,5036,17
2002/11/04,12:15:00,5035,5035,5030,5032,39
2002/11/04,12:16:00,5029,5031,5027,5027,20
2002/11/04,12:17:00,5027,5028,5021,5025,46
2002/11/04,12:18:00,5026,5030,5023,5028,38
2002/11/04,12:19:00,5028,5031,5026,5030,24
2002/11/04,12:20:00,5031,5033,5030,5031,12
2002/11/04,12:21:00,5031,5036,5030,5032,27
2002/11/04,12:22:00,5036,5041,5031,5037,59
2002/11/04,12:23:00,5038,5038,5036,5036,24
2002/11/04,12:24:00,5036,5038,5033,5038,31
2002/11/04,12:25:00,5036,5038,5036,5037,18
2002/11/04,12:26:00,5037,5039,5032,5036,50
2002/11/04,12:27:00,5037,5037,5032,5033,17
2002/11/04,12:28:00,5035,5035,5027,5027,45
2002/11/04,12:29:00,5029,5029,5021,5021,155
2002/11/04,12:30:00,5021,5024,5016,5016,152
2002/11/04,12:31:00,5018,5018,5007,5012,163
2002/11/04,12:32:00,5009,5016,5009,5014,85
2002/11/04,12:33:00,5016,5024,5014,5017,43
2002/11/04,12:34:00,5017,5021,5017,5018,32
2002/11/04,12:35:00,5018,5021,5018,5020,39
2002/11/04,12:36:00,5019,5020,5016,5016,33
2002/11/04,12:37:00,5016,5018,5012,5014,41
2002/11/04,12:38:00,5012,5015,5011,5014,61
2002/11/04,12:39:00,5014,5015,5011,5013,43
2002/11/04,12:40:00,5013,5013,5006,5006,135
2002/11/04,12:41:00,5006,5011,4999,5006,106
2002/11/04,12:42:00,5006,5006,5004,5006,52
2002/11/04,12:43:00,5007,5010,5006,5009,50
2002/11/04,12:44:00,5009,5012,5008,5011,45
2002/11/04,12:45:00,5011,5014,5011,5011,36
2002/11/04,12:46:00,5014,5016,5011,5016,47
2002/11/04,12:47:00,5016,5018,5013,5015,42
2002/11/04,12:48:00,5013,5016,5012,5014,32
2002/11/04,12:49:00,5014,5014,5011,5011,40
2002/11/04,12:50:00,5013,5013,5011,5013,16
2002/11/04,12:51:00,5012,5016,5011,5016,32
2002/11/04,12:52:00,5016,5020,5015,5017,45
2002/11/04,12:53:00,5019,5019,5016,5016,25
2002/11/04,12:54:00,5017,5017,5012,5013,56
2002/11/04,12:55:00,5012,5016,5010,5014,34
2002/11/04,12:56:00,5014,5014,5012,5013,9
2002/11/04,12:57:00,5013,5014,5011,5013,13
2002/11/04,12:58:00,5014,5016,5013,5014,20
2002/11/04,12:59:00,5016,5016,5011,5011,45
2002/11/04,13:00:00,5013,5013,5007,5007,42
2002/11/04,13:01:00,5007,5010,5003,5006,89
2002/11/04,13:02:00,5006,5006,4992,4996,220
2002/11/04,13:03:00,4996,5000,4992,4996,65
2002/11/04,13:04:00,4997,5001,4996,5000,66
2002/11/04,13:05:00,5000,5002,4996,4999,50
2002/11/04,13:06:00,4999,5000,4997,5000,51
2002/11/04,13:07:00,4999,5006,4998,5005,44
2002/11/04,13:08:00,5005,5011,5003,5011,31
2002/11/04,13:09:00,5006,5011,5006,5009,32
2002/11/04,13:10:00,5011,5015,5008,5015,38
2002/11/04,13:11:00,5015,5015,5011,5013,52
2002/11/04,13:12:00,5012,5015,5012,5015,41
2002/11/04,13:13:00,5016,5018,5014,5018,60
2002/11/04,13:14:00,5017,5026,5017,5026,125
2002/11/04,13:15:00,5026,5026,5021,5022,131
2002/11/04,13:16:00,5021,5024,5020,5022,56
2002/11/04,13:17:00,5022,5023,5020,5022,39
2002/11/04,13:18:00,5022,5024,5020,5024,39
2002/11/04,13:19:00,5023,5031,5023,5031,100
2002/11/04,13:20:00,5027,5036,5027,5034,107
2002/11/04,13:21:00,5035,5035,5030,5032,69
2002/11/04,13:22:00,5032,5032,5029,5032,58
2002/11/04,13:23:00,5031,5035,5029,5031,87
2002/11/04,13:24:00,5032,5040,5032,5034,143
2002/11/04,13:25:00,5038,5041,5033,5037,93
2002/11/04,13:26:00,5037,5041,5036,5039,94
2002/11/04,13:27:00,5039,5040,5037,5038,76
2002/11/04,13:28:00,5039,5041,5038,5039,57
2002/11/04,13:29:00,5041,5043,5038,5043,72
2002/11/04,13:30:00,5043,5046,5041,5043,138
2002/11/04,13:31:00,5046,5053,5044,5049,145
2002/11/04,13:32:00,5049,5055,5048,5052,148
2002/11/04,13:33:00,5049,5055,5049,5053,91
2002/11/04,13:34:00,5055,5059,5052,5057,202
2002/11/04,13:35:00,5056,5061,5055,5061,135
2002/11/04,13:36:00,5058,5061,5056,5059,106
2002/11/04,13:37:00,5061,5062,5059,5060,177
2002/11/04,13:38:00,5060,5061,5058,5061,145
2002/11/04,13:39:00,5061,5062,5057,5060,184
2002/11/04,13:40:00,5061,5063,5057,5061,128
2002/11/04,13:41:00,5061,5061,5061,5061,1
2002/11/04,13:42:00,5061,5061,5061,5061,0
2002/11/04,13:43:00,5061,5061,5061,5061,0
2002/11/04,13:44:00,5061,5061,5061,5061,0
2002/11/04,13:45:00,5071,5071,5071,5071,671
