Date,Time,Open,High,Low,Close,Volume
2003/11/04,08:46:00,6746,6755,6746,6755,353
2003/11/04,08:47:00,6751,6764,6751,6759,333
2003/11/04,08:48:00,6758,6761,6752,6758,295
2003/11/04,08:49:00,6754,6758,6751,6755,145
2003/11/04,08:50:00,6756,6758,6754,6756,146
2003/11/04,08:51:00,6756,6759,6755,6756,162
2003/11/04,08:52:00,6757,6758,6755,6756,135
2003/11/04,08:53:00,6757,6758,6754,6755,172
2003/11/04,08:54:00,6755,6756,6752,6752,124
2003/11/04,08:55:00,6754,6754,6751,6751,127
2003/11/04,08:56:00,6751,6753,6749,6749,98
2003/11/04,08:57:00,6750,6751,6748,6749,92
2003/11/04,08:58:00,6749,6751,6745,6746,212
2003/11/04,08:59:00,6745,6748,6744,6745,277
2003/11/04,09:00:00,6747,6750,6746,6749,105
2003/11/04,09:01:00,6748,6756,6748,6756,199
2003/11/04,09:02:00,6754,6756,6750,6750,149
2003/11/04,09:03:00,6751,6754,6749,6754,113
2003/11/04,09:04:00,6751,6754,6749,6751,61
2003/11/04,09:05:00,6752,6754,6751,6752,112
2003/11/04,09:06:00,6753,6756,6752,6753,312
2003/11/04,09:07:00,6754,6756,6752,6752,136
2003/11/04,09:08:00,6754,6754,6749,6751,156
2003/11/04,09:09:00,6749,6751,6748,6748,112
2003/11/04,09:10:00,6748,6750,6748,6748,85
2003/11/04,09:11:00,6748,6749,6747,6749,201
2003/11/04,09:12:00,6747,6749,6747,6748,129
2003/11/04,09:13:00,6749,6750,6747,6750,118
2003/11/04,09:14:00,6749,6751,6748,6751,155
2003/11/04,09:15:00,6751,6755,6751,6755,112
2003/11/04,09:16:00,6755,6756,6752,6756,193
2003/11/04,09:17:00,6754,6757,6754,6756,206
2003/11/04,09:18:00,6756,6757,6754,6754,72
2003/11/04,09:19:00,6755,6756,6753,6754,127
2003/11/04,09:20:00,6753,6754,6751,6753,77
2003/11/04,09:21:00,6753,6754,6751,6751,88
2003/11/04,09:22:00,6752,6754,6750,6754,145
2003/11/04,09:23:00,6754,6754,6752,6753,60
2003/11/04,09:24:00,6753,6755,6752,6754,80
2003/11/04,09:25:00,6754,6756,6753,6754,142
2003/11/04,09:26:00,6756,6758,6755,6758,245
2003/11/04,09:27:00,6758,6759,6756,6759,124
2003/11/04,09:28:00,6758,6759,6757,6759,103
2003/11/04,09:29:00,6759,6759,6754,6756,202
2003/11/04,09:30:00,6756,6757,6753,6755,196
2003/11/04,09:31:00,6755,6755,6753,6754,87
2003/11/04,09:32:00,6753,6754,6753,6754,76
2003/11/04,09:33:00,6753,6754,6751,6753,83
2003/11/04,09:34:00,6751,6754,6751,6751,71
2003/11/04,09:35:00,6751,6752,6748,6749,120
2003/11/04,09:36:00,6748,6748,6741,6741,415
2003/11/04,09:37:00,6741,6745,6739,6742,126
2003/11/04,09:38:00,6742,6744,6740,6742,185
2003/11/04,09:39:00,6742,6744,6741,6741,143
2003/11/04,09:40:00,6741,6742,6740,6741,123
2003/11/04,09:41:00,6741,6742,6739,6741,72
2003/11/04,09:42:00,6740,6742,6739,6740,96
2003/11/04,09:43:00,6741,6742,6740,6741,138
2003/11/04,09:44:00,6741,6742,6739,6739,123
2003/11/04,09:45:00,6740,6741,6738,6738,142
2003/11/04,09:46:00,6738,6741,6737,6739,155
2003/11/04,09:47:00,6740,6741,6737,6739,109
2003/11/04,09:48:00,6739,6741,6738,6739,71
2003/11/04,09:49:00,6740,6741,6737,6737,82
2003/11/04,09:50:00,6738,6739,6736,6737,108
2003/11/04,09:51:00,6737,6739,6734,6734,156
2003/11/04,09:52:00,6735,6736,6729,6729,237
2003/11/04,09:53:00,6730,6733,6726,6729,372
2003/11/04,09:54:00,6731,6731,6726,6729,272
2003/11/04,09:55:00,6729,6735,6728,6732,145
2003/11/04,09:56:00,6731,6736,6731,6735,86
2003/11/04,09:57:00,6735,6736,6733,6736,120
2003/11/04,09:58:00,6737,6740,6736,6738,158
2003/11/04,09:59:00,6736,6740,6734,6736,171
2003/11/04,10:00:00,6737,6739,6735,6738,62
2003/11/04,10:01:00,6737,6740,6737,6739,46
2003/11/04,10:02:00,6739,6741,6738,6739,56
2003/11/04,10:03:00,6739,6739,6737,6738,54
2003/11/04,10:04:00,6738,6738,6735,6735,102
2003/11/04,10:05:00,6735,6737,6734,6734,99
2003/11/04,10:06:00,6735,6736,6734,6736,25
2003/11/04,10:07:00,6735,6737,6734,6736,44
2003/11/04,10:08:00,6738,6738,6735,6736,27
2003/11/04,10:09:00,6736,6737,6735,6736,40
2003/11/04,10:10:00,6737,6739,6736,6739,82
2003/11/04,10:11:00,6739,6740,6739,6740,85
2003/11/04,10:12:00,6739,6741,6739,6741,74
2003/11/04,10:13:00,6741,6741,6739,6740,52
2003/11/04,10:14:00,6740,6740,6738,6740,54
2003/11/04,10:15:00,6740,6740,6739,6740,10
2003/11/04,10:16:00,6740,6741,6739,6741,22
2003/11/04,10:17:00,6740,6740,6739,6740,44
2003/11/04,10:18:00,6739,6740,6738,6739,59
2003/11/04,10:19:00,6739,6739,6737,6737,36
2003/11/04,10:20:00,6737,6738,6733,6733,79
2003/11/04,10:21:00,6733,6735,6733,6734,31
2003/11/04,10:22:00,6734,6735,6734,6734,15
2003/11/04,10:23:00,6735,6736,6734,6735,10
2003/11/04,10:24:00,6735,6736,6734,6734,12
2003/11/04,10:25:00,6736,6736,6734,6734,22
2003/11/04,10:26:00,6734,6736,6733,6735,65
2003/11/04,10:27:00,6736,6736,6735,6736,25
2003/11/04,10:28:00,6736,6739,6736,6738,53
2003/11/04,10:29:00,6737,6739,6737,6739,13
2003/11/04,10:30:00,6738,6739,6737,6738,20
2003/11/04,10:31:00,6738,6739,6737,6739,28
2003/11/04,10:32:00,6738,6738,6736,6736,8
2003/11/04,10:33:00,6737,6737,6735,6735,23
2003/11/04,10:34:00,6737,6737,6735,6736,8
2003/11/04,10:35:00,6736,6736,6735,6736,16
2003/11/04,10:36:00,6736,6737,6735,6736,8
2003/11/04,10:37:00,6735,6736,6735,6735,23
2003/11/04,10:38:00,6735,6736,6734,6736,31
2003/11/04,10:39:00,6734,6734,6732,6732,152
2003/11/04,10:40:00,6732,6733,6730,6730,216
2003/11/04,10:41:00,6731,6731,6729,6729,92
2003/11/04,10:42:00,6729,6731,6729,6730,83
2003/11/04,10:43:00,6729,6730,6728,6729,104
2003/11/04,10:44:00,6728,6729,6727,6728,141
2003/11/04,10:45:00,6728,6736,6728,6735,124
2003/11/04,10:46:00,6736,6736,6733,6733,98
2003/11/04,10:47:00,6735,6735,6733,6733,20
2003/11/04,10:48:00,6734,6735,6733,6734,52
2003/11/04,10:49:00,6734,6735,6734,6735,29
2003/11/04,10:50:00,6735,6735,6734,6735,34
2003/11/04,10:51:00,6735,6736,6735,6735,38
2003/11/04,10:52:00,6736,6737,6734,6734,64
2003/11/04,10:53:00,6736,6737,6735,6737,23
2003/11/04,10:54:00,6736,6737,6736,6737,25
2003/11/04,10:55:00,6736,6738,6736,6738,10
2003/11/04,10:56:00,6737,6739,6737,6737,28
2003/11/04,10:57:00,6739,6739,6737,6738,11
2003/11/04,10:58:00,6739,6740,6738,6740,41
2003/11/04,10:59:00,6740,6740,6739,6739,57
2003/11/04,11:00:00,6739,6740,6738,6740,31
2003/11/04,11:01:00,6739,6739,6737,6737,25
2003/11/04,11:02:00,6738,6740,6736,6740,74
2003/11/04,11:03:00,6738,6746,6738,6745,226
2003/11/04,11:04:00,6745,6746,6742,6744,91
2003/11/04,11:05:00,6744,6745,6742,6743,56
2003/11/04,11:06:00,6742,6744,6741,6742,52
2003/11/04,11:07:00,6742,6742,6739,6740,33
2003/11/04,11:08:00,6741,6742,6739,6741,18
2003/11/04,11:09:00,6741,6741,6740,6741,7
2003/11/04,11:10:00,6741,6741,6739,6741,12
2003/11/04,11:11:00,6741,6742,6741,6742,40
2003/11/04,11:12:00,6743,6745,6742,6745,54
2003/11/04,11:13:00,6745,6747,6743,6747,182
2003/11/04,11:14:00,6747,6749,6746,6749,152
2003/11/04,11:15:00,6749,6751,6747,6750,214
2003/11/04,11:16:00,6750,6751,6747,6747,116
2003/11/04,11:17:00,6748,6750,6747,6748,60
2003/11/04,11:18:00,6748,6748,6747,6747,34
2003/11/04,11:19:00,6748,6748,6747,6747,39
2003/11/04,11:20:00,6747,6748,6746,6747,17
2003/11/04,11:21:00,6747,6747,6745,6747,36
2003/11/04,11:22:00,6747,6748,6745,6748,47
2003/11/04,11:23:00,6746,6748,6745,6746,24
2003/11/04,11:24:00,6747,6749,6746,6749,53
2003/11/04,11:25:00,6748,6748,6745,6745,35
2003/11/04,11:26:00,6745,6746,6742,6745,35
2003/11/04,11:27:00,6744,6744,6743,6743,41
2003/11/04,11:28:00,6743,6744,6742,6743,80
2003/11/04,11:29:00,6743,6743,6741,6741,19
2003/11/04,11:30:00,6742,6742,6740,6741,29
2003/11/04,11:31:00,6739,6741,6739,6741,61
2003/11/04,11:32:00,6741,6741,6739,6739,39
2003/11/04,11:33:00,6740,6741,6740,6740,17
2003/11/04,11:34:00,6740,6741,6739,6740,36
2003/11/04,11:35:00,6739,6740,6739,6740,8
2003/11/04,11:36:00,6740,6742,6738,6738,89
2003/11/04,11:37:00,6738,6739,6737,6737,38
2003/11/04,11:38:00,6737,6737,6736,6736,39
2003/11/04,11:39:00,6736,6737,6736,6736,41
2003/11/04,11:40:00,6736,6736,6734,6734,52
2003/11/04,11:41:00,6735,6735,6733,6734,43
2003/11/04,11:42:00,6733,6736,6733,6735,55
2003/11/04,11:43:00,6736,6738,6735,6738,22
2003/11/04,11:44:00,6737,6737,6736,6737,29
2003/11/04,11:45:00,6736,6737,6736,6737,19
2003/11/04,11:46:00,6737,6739,6736,6738,19
2003/11/04,11:47:00,6739,6739,6738,6739,21
2003/11/04,11:48:00,6739,6741,6738,6739,48
2003/11/04,11:49:00,6740,6741,6738,6739,14
2003/11/04,11:50:00,6739,6739,6738,6739,10
2003/11/04,11:51:00,6738,6739,6737,6738,32
2003/11/04,11:52:00,6738,6738,6737,6737,26
2003/11/04,11:53:00,6737,6738,6736,6736,26
2003/11/04,11:54:00,6736,6738,6736,6737,18
2003/11/04,11:55:00,6738,6738,6736,6736,17
2003/11/04,11:56:00,6736,6737,6736,6737,22
2003/11/04,11:57:00,6736,6737,6735,6735,8
2003/11/04,11:58:00,6736,6736,6735,6735,11
2003/11/04,11:59:00,6736,6736,6735,6735,29
2003/11/04,12:00:00,6734,6735,6732,6732,72
2003/11/04,12:01:00,6734,6734,6732,6733,30
2003/11/04,12:02:00,6733,6733,6731,6732,61
2003/11/04,12:03:00,6731,6732,6728,6729,140
2003/11/04,12:04:00,6728,6730,6728,6730,118
2003/11/04,12:05:00,6728,6730,6727,6727,98
2003/11/04,12:06:00,6729,6731,6728,6731,57
2003/11/04,12:07:00,6731,6733,6730,6732,76
2003/11/04,12:08:00,6732,6733,6731,6733,19
2003/11/04,12:09:00,6733,6734,6732,6734,33
2003/11/04,12:10:00,6734,6735,6731,6732,173
2003/11/04,12:11:00,6732,6736,6729,6735,96
2003/11/04,12:12:00,6734,6735,6733,6735,19
2003/11/04,12:13:00,6735,6736,6733,6736,30
2003/11/04,12:14:00,6736,6736,6734,6736,43
2003/11/04,12:15:00,6735,6739,6735,6739,37
2003/11/04,12:16:00,6739,6740,6736,6739,24
2003/11/04,12:17:00,6738,6740,6737,6739,34
2003/11/04,12:18:00,6738,6739,6738,6738,15
2003/11/04,12:19:00,6739,6740,6737,6739,62
2003/11/04,12:20:00,6738,6739,6738,6739,18
2003/11/04,12:21:00,6739,6739,6738,6738,9
2003/11/04,12:22:00,6738,6739,6738,6739,26
2003/11/04,12:23:00,6739,6739,6738,6738,20
2003/11/04,12:24:00,6738,6739,6737,6738,17
2003/11/04,12:25:00,6739,6740,6739,6739,24
2003/11/04,12:26:00,6739,6740,6739,6739,14
2003/11/04,12:27:00,6739,6739,6738,6738,10
2003/11/04,12:28:00,6738,6739,6738,6738,10
2003/11/04,12:29:00,6738,6738,6737,6737,38
2003/11/04,12:30:00,6737,6738,6736,6736,22
2003/11/04,12:31:00,6737,6737,6736,6736,9
2003/11/04,12:32:00,6737,6737,6736,6736,47
2003/11/04,12:33:00,6736,6737,6735,6735,26
2003/11/04,12:34:00,6735,6736,6735,6736,8
2003/11/04,12:35:00,6735,6737,6735,6737,31
2003/11/04,12:36:00,6736,6737,6736,6737,19
2003/11/04,12:37:00,6736,6738,6736,6737,20
2003/11/04,12:38:00,6737,6737,6736,6737,10
2003/11/04,12:39:00,6736,6737,6735,6737,13
2003/11/04,12:40:00,6735,6737,6735,6736,24
2003/11/04,12:41:00,6736,6736,6735,6736,32
2003/11/04,12:42:00,6736,6736,6735,6736,28
2003/11/04,12:43:00,6737,6737,6736,6737,27
2003/11/04,12:44:00,6737,6738,6737,6738,16
2003/11/04,12:45:00,6737,6739,6737,6739,27
2003/11/04,12:46:00,6739,6739,6738,6739,28
2003/11/04,12:47:00,6738,6739,6737,6738,22
2003/11/04,12:48:00,6739,6739,6736,6737,31
2003/11/04,12:49:00,6737,6737,6734,6734,35
2003/11/04,12:50:00,6734,6736,6731,6731,102
2003/11/04,12:51:00,6731,6732,6730,6730,134
2003/11/04,12:52:00,6731,6731,6728,6730,79
2003/11/04,12:53:00,6729,6730,6728,6729,63
2003/11/04,12:54:00,6728,6730,6728,6728,80
2003/11/04,12:55:00,6728,6729,6727,6727,106
2003/11/04,12:56:00,6727,6728,6720,6720,512
2003/11/04,12:57:00,6720,6723,6716,6716,364
2003/11/04,12:58:00,6719,6723,6715,6716,199
2003/11/04,12:59:00,6716,6721,6716,6718,110
2003/11/04,13:00:00,6718,6720,6717,6718,182
2003/11/04,13:01:00,6718,6719,6716,6718,118
2003/11/04,13:02:00,6717,6718,6711,6711,256
2003/11/04,13:03:00,6711,6713,6708,6712,195
2003/11/04,13:04:00,6710,6712,6709,6711,97
2003/11/04,13:05:00,6710,6712,6709,6709,175
2003/11/04,13:06:00,6710,6711,6709,6711,154
2003/11/04,13:07:00,6709,6714,6709,6714,127
2003/11/04,13:08:00,6714,6717,6713,6716,129
2003/11/04,13:09:00,6715,6716,6714,6714,146
2003/11/04,13:10:00,6715,6717,6714,6716,72
2003/11/04,13:11:00,6716,6718,6715,6716,55
2003/11/04,13:12:00,6716,6719,6715,6718,73
2003/11/04,13:13:00,6717,6718,6715,6715,101
2003/11/04,13:14:00,6715,6716,6714,6715,61
2003/11/04,13:15:00,6715,6716,6714,6714,115
2003/11/04,13:16:00,6715,6716,6713,6715,75
2003/11/04,13:17:00,6716,6717,6714,6716,69
2003/11/04,13:18:00,6717,6718,6717,6718,34
2003/11/04,13:19:00,6718,6720,6717,6717,96
2003/11/04,13:20:00,6718,6720,6717,6720,39
2003/11/04,13:21:00,6719,6721,6718,6721,86
2003/11/04,13:22:00,6721,6722,6718,6719,55
2003/11/04,13:23:00,6720,6720,6716,6716,95
2003/11/04,13:24:00,6716,6716,6713,6713,74
2003/11/04,13:25:00,6713,6715,6712,6714,134
2003/11/04,13:26:00,6715,6715,6713,6714,62
2003/11/04,13:27:00,6715,6715,6713,6713,54
2003/11/04,13:28:00,6714,6715,6712,6712,102
2003/11/04,13:29:00,6712,6714,6712,6713,121
2003/11/04,13:30:00,6713,6715,6712,6715,60
2003/11/04,13:31:00,6713,6715,6711,6711,43
2003/11/04,13:32:00,6713,6713,6711,6712,126
2003/11/04,13:33:00,6712,6713,6711,6713,61
2003/11/04,13:34:00,6713,6713,6711,6712,77
2003/11/04,13:35:00,6711,6713,6708,6708,165
2003/11/04,13:36:00,6708,6711,6701,6701,473
2003/11/04,13:37:00,6701,6706,6700,6702,234
2003/11/04,13:38:00,6702,6705,6701,6705,185
2003/11/04,13:39:00,6704,6709,6704,6709,249
2003/11/04,13:40:00,6706,6713,6706,6711,252
2003/11/04,13:41:00,6712,6713,6712,6713,3
2003/11/04,13:42:00,6713,6713,6713,6713,0
2003/11/04,13:43:00,6713,6713,6713,6713,0
2003/11/04,13:44:00,6713,6713,6713,6713,0
2003/11/04,13:45:00,6720,6720,6720,6720,968
