Date,Time,Open,High,Low,Close,Volume
2017/04/24,08:46:00,15902,15913,15898,15905,4919
2017/04/24,08:47:00,15905,15909,15903,15909,887
2017/04/24,08:48:00,15908,15910,15906,15907,684
2017/04/24,08:49:00,15908,15908,15905,15906,424
2017/04/24,08:50:00,15906,15907,15904,15906,498
2017/04/24,08:51:00,15905,15910,15905,15909,724
2017/04/24,08:52:00,15910,15912,15909,15912,656
2017/04/24,08:53:00,15912,15914,15911,15912,679
2017/04/24,08:54:00,15913,15913,15910,15911,379
2017/04/24,08:55:00,15912,15914,15910,15913,460
2017/04/24,08:56:00,15914,15920,15913,15919,1453
2017/04/24,08:57:00,15919,15919,15915,15916,412
2017/04/24,08:58:00,15916,15916,15915,15916,281
2017/04/24,08:59:00,15916,15916,15914,15915,270
2017/04/24,09:00:00,15914,15915,15913,15915,275
2017/04/24,09:01:00,15915,15921,15913,15920,1577
2017/04/24,09:02:00,15919,15919,15910,15913,1253
2017/04/24,09:03:00,15911,15913,15907,15909,938
2017/04/24,09:04:00,15909,15910,15898,15903,2016
2017/04/24,09:05:00,15903,15907,15902,15906,724
2017/04/24,09:06:00,15907,15908,15902,15903,656
2017/04/24,09:07:00,15903,15903,15893,15899,2106
2017/04/24,09:08:00,15898,15902,15897,15900,630
2017/04/24,09:09:00,15901,15901,15896,15897,526
2017/04/24,09:10:00,15897,15898,15892,15892,1112
2017/04/24,09:11:00,15892,15893,15889,15892,1111
2017/04/24,09:12:00,15892,15893,15886,15887,1058
2017/04/24,09:13:00,15887,15891,15886,15890,822
2017/04/24,09:14:00,15890,15890,15886,15887,672
2017/04/24,09:15:00,15886,15889,15880,15882,1447
2017/04/24,09:16:00,15882,15888,15880,15885,1420
2017/04/24,09:17:00,15885,15887,15884,15884,578
2017/04/24,09:18:00,15884,15889,15882,15887,856
2017/04/24,09:19:00,15887,15890,15886,15890,631
2017/04/24,09:20:00,15891,15891,15884,15886,675
2017/04/24,09:21:00,15886,15891,15883,15891,1079
2017/04/24,09:22:00,15891,15891,15888,15889,443
2017/04/24,09:23:00,15889,15890,15885,15886,492
2017/04/24,09:24:00,15885,15886,15876,15878,1667
2017/04/24,09:25:00,15878,15882,15875,15880,881
2017/04/24,09:26:00,15880,15881,15878,15879,452
2017/04/24,09:27:00,15878,15878,15870,15873,1493
2017/04/24,09:28:00,15872,15875,15870,15872,842
2017/04/24,09:29:00,15872,15875,15871,15874,355
2017/04/24,09:30:00,15874,15875,15871,15874,456
2017/04/24,09:31:00,15874,15877,15872,15874,847
2017/04/24,09:32:00,15875,15880,15874,15879,1355
2017/04/24,09:33:00,15878,15879,15871,15874,907
2017/04/24,09:34:00,15874,15875,15870,15870,635
2017/04/24,09:35:00,15870,15877,15868,15877,773
2017/04/24,09:36:00,15877,15879,15874,15876,800
2017/04/24,09:37:00,15877,15878,15873,15878,387
2017/04/24,09:38:00,15877,15879,15875,15875,344
2017/04/24,09:39:00,15875,15878,15875,15876,338
2017/04/24,09:40:00,15876,15877,15872,15873,554
2017/04/24,09:41:00,15874,15874,15867,15869,1014
2017/04/24,09:42:00,15869,15875,15868,15873,1106
2017/04/24,09:43:00,15873,15877,15872,15873,708
2017/04/24,09:44:00,15873,15873,15868,15871,616
2017/04/24,09:45:00,15871,15871,15863,15867,1525
2017/04/24,09:46:00,15867,15868,15861,15861,1114
2017/04/24,09:47:00,15861,15864,15861,15863,888
2017/04/24,09:48:00,15863,15867,15861,15864,834
2017/04/24,09:49:00,15864,15865,15861,15864,397
2017/04/24,09:50:00,15864,15864,15860,15863,492
2017/04/24,09:51:00,15863,15864,15860,15861,560
2017/04/24,09:52:00,15860,15865,15857,15864,1285
2017/04/24,09:53:00,15864,15867,15863,15866,834
2017/04/24,09:54:00,15866,15866,15862,15864,395
2017/04/24,09:55:00,15864,15867,15863,15866,336
2017/04/24,09:56:00,15866,15869,15865,15868,444
2017/04/24,09:57:00,15868,15868,15862,15864,510
2017/04/24,09:58:00,15863,15865,15862,15862,265
2017/04/24,09:59:00,15862,15863,15859,15860,466
2017/04/24,10:00:00,15859,15863,15857,15860,811
2017/04/24,10:01:00,15859,15868,15857,15868,723
2017/04/24,10:02:00,15868,15868,15865,15865,275
2017/04/24,10:03:00,15866,15866,15861,15864,329
2017/04/24,10:04:00,15863,15864,15860,15861,362
2017/04/24,10:05:00,15861,15863,15858,15862,472
2017/04/24,10:06:00,15862,15862,15857,15857,544
2017/04/24,10:07:00,15857,15861,15851,15860,1827
2017/04/24,10:08:00,15859,15860,15857,15859,348
2017/04/24,10:09:00,15859,15860,15856,15857,352
2017/04/24,10:10:00,15857,15857,15852,15855,531
2017/04/24,10:11:00,15855,15858,15853,15858,439
2017/04/24,10:12:00,15858,15860,15857,15857,439
2017/04/24,10:13:00,15857,15860,15857,15859,273
2017/04/24,10:14:00,15859,15861,15858,15859,347
2017/04/24,10:15:00,15858,15862,15858,15862,231
2017/04/24,10:16:00,15862,15862,15859,15862,440
2017/04/24,10:17:00,15863,15863,15860,15860,331
2017/04/24,10:18:00,15860,15861,15854,15854,545
2017/04/24,10:19:00,15854,15858,15854,15854,366
2017/04/24,10:20:00,15854,15856,15846,15847,1369
2017/04/24,10:21:00,15847,15852,15845,15852,1110
2017/04/24,10:22:00,15852,15855,15851,15854,381
2017/04/24,10:23:00,15854,15858,15852,15854,456
2017/04/24,10:24:00,15853,15854,15851,15851,251
2017/04/24,10:25:00,15851,15852,15848,15849,259
2017/04/24,10:26:00,15848,15853,15848,15852,483
2017/04/24,10:27:00,15852,15855,15851,15853,269
2017/04/24,10:28:00,15852,15853,15847,15847,496
2017/04/24,10:29:00,15848,15850,15843,15849,925
2017/04/24,10:30:00,15848,15848,15843,15844,441
2017/04/24,10:31:00,15843,15845,15840,15842,861
2017/04/24,10:32:00,15843,15843,15839,15839,666
2017/04/24,10:33:00,15839,15844,15839,15843,471
2017/04/24,10:34:00,15843,15845,15842,15844,287
2017/04/24,10:35:00,15845,15845,15842,15843,319
2017/04/24,10:36:00,15844,15850,15842,15845,824
2017/04/24,10:37:00,15845,15846,15844,15846,225
2017/04/24,10:38:00,15846,15848,15845,15847,152
2017/04/24,10:39:00,15848,15849,15846,15848,262
2017/04/24,10:40:00,15849,15850,15848,15848,314
2017/04/24,10:41:00,15849,15854,15848,15853,693
2017/04/24,10:42:00,15854,15856,15851,15855,603
2017/04/24,10:43:00,15856,15858,15854,15857,542
2017/04/24,10:44:00,15858,15859,15855,15857,685
2017/04/24,10:45:00,15858,15859,15857,15857,212
2017/04/24,10:46:00,15857,15859,15854,15854,596
2017/04/24,10:47:00,15855,15855,15850,15852,661
2017/04/24,10:48:00,15852,15854,15850,15850,349
2017/04/24,10:49:00,15850,15853,15849,15852,330
2017/04/24,10:50:00,15853,15853,15852,15852,108
2017/04/24,10:51:00,15852,15853,15851,15851,91
2017/04/24,10:52:00,15851,15858,15851,15856,479
2017/04/24,10:53:00,15857,15858,15855,15857,324
2017/04/24,10:54:00,15858,15858,15855,15855,181
2017/04/24,10:55:00,15856,15857,15855,15856,170
2017/04/24,10:56:00,15857,15859,15857,15858,133
2017/04/24,10:57:00,15859,15859,15856,15856,165
2017/04/24,10:58:00,15857,15857,15856,15856,104
2017/04/24,10:59:00,15856,15857,15856,15856,87
2017/04/24,11:00:00,15856,15857,15855,15855,237
2017/04/24,11:01:00,15855,15856,15851,15852,416
2017/04/24,11:02:00,15852,15853,15847,15851,790
2017/04/24,11:03:00,15851,15852,15850,15850,103
2017/04/24,11:04:00,15850,15851,15850,15850,86
2017/04/24,11:05:00,15850,15851,15849,15851,145
2017/04/24,11:06:00,15850,15850,15846,15846,221
2017/04/24,11:07:00,15846,15849,15846,15849,198
2017/04/24,11:08:00,15848,15852,15848,15851,169
2017/04/24,11:09:00,15851,15852,15850,15852,65
2017/04/24,11:10:00,15851,15853,15851,15853,162
2017/04/24,11:11:00,15852,15855,15852,15853,188
2017/04/24,11:12:00,15854,15855,15853,15854,93
2017/04/24,11:13:00,15854,15855,15853,15854,59
2017/04/24,11:14:00,15853,15859,15853,15858,380
2017/04/24,11:15:00,15859,15859,15856,15856,201
2017/04/24,11:16:00,15856,15858,15856,15858,89
2017/04/24,11:17:00,15858,15859,15857,15859,178
2017/04/24,11:18:00,15859,15861,15859,15861,498
2017/04/24,11:19:00,15861,15861,15859,15859,261
2017/04/24,11:20:00,15859,15860,15858,15858,182
2017/04/24,11:21:00,15859,15859,15857,15858,172
2017/04/24,11:22:00,15858,15859,15857,15859,207
2017/04/24,11:23:00,15859,15861,15858,15861,214
2017/04/24,11:24:00,15861,15862,15859,15859,188
2017/04/24,11:25:00,15859,15859,15857,15857,149
2017/04/24,11:26:00,15858,15858,15856,15856,190
2017/04/24,11:27:00,15856,15857,15855,15855,150
2017/04/24,11:28:00,15856,15858,15855,15857,117
2017/04/24,11:29:00,15856,15858,15856,15856,117
2017/04/24,11:30:00,15856,15856,15853,15854,389
2017/04/24,11:31:00,15854,15855,15853,15854,79
2017/04/24,11:32:00,15854,15855,15854,15854,95
2017/04/24,11:33:00,15855,15855,15854,15854,67
2017/04/24,11:34:00,15854,15858,15854,15858,195
2017/04/24,11:35:00,15858,15859,15857,15858,124
2017/04/24,11:36:00,15858,15858,15857,15858,59
2017/04/24,11:37:00,15858,15858,15856,15857,92
2017/04/24,11:38:00,15857,15857,15856,15857,43
2017/04/24,11:39:00,15856,15857,15856,15856,24
2017/04/24,11:40:00,15857,15857,15854,15854,157
2017/04/24,11:41:00,15854,15854,15849,15851,554
2017/04/24,11:42:00,15850,15853,15849,15852,168
2017/04/24,11:43:00,15852,15853,15851,15851,97
2017/04/24,11:44:00,15852,15852,15848,15850,275
2017/04/24,11:45:00,15849,15851,15849,15850,80
2017/04/24,11:46:00,15851,15851,15849,15851,94
2017/04/24,11:47:00,15851,15853,15851,15853,132
2017/04/24,11:48:00,15853,15853,15852,15852,33
2017/04/24,11:49:00,15852,15852,15851,15852,41
2017/04/24,11:50:00,15851,15852,15848,15848,253
2017/04/24,11:51:00,15849,15853,15848,15853,190
2017/04/24,11:52:00,15853,15853,15851,15853,127
2017/04/24,11:53:00,15853,15853,15852,15853,80
2017/04/24,11:54:00,15853,15854,15852,15853,38
2017/04/24,11:55:00,15852,15852,15852,15852,58
2017/04/24,11:56:00,15852,15853,15851,15852,82
2017/04/24,11:57:00,15852,15854,15852,15854,48
2017/04/24,11:58:00,15854,15854,15853,15854,26
2017/04/24,11:59:00,15854,15857,15854,15857,307
2017/04/24,12:00:00,15856,15859,15856,15858,388
2017/04/24,12:01:00,15859,15865,15858,15864,927
2017/04/24,12:02:00,15864,15866,15862,15865,823
2017/04/24,12:03:00,15865,15869,15865,15869,778
2017/04/24,12:04:00,15869,15870,15866,15866,859
2017/04/24,12:05:00,15866,15867,15862,15863,750
2017/04/24,12:06:00,15864,15864,15862,15863,172
2017/04/24,12:07:00,15862,15863,15861,15861,238
2017/04/24,12:08:00,15862,15864,15861,15862,170
2017/04/24,12:09:00,15863,15864,15861,15864,124
2017/04/24,12:10:00,15864,15864,15862,15862,96
2017/04/24,12:11:00,15862,15862,15860,15861,259
2017/04/24,12:12:00,15861,15862,15860,15860,155
2017/04/24,12:13:00,15860,15862,15860,15861,90
2017/04/24,12:14:00,15862,15863,15861,15863,125
2017/04/24,12:15:00,15863,15863,15860,15860,164
2017/04/24,12:16:00,15861,15863,15861,15861,120
2017/04/24,12:17:00,15860,15861,15860,15861,78
2017/04/24,12:18:00,15860,15861,15860,15861,135
2017/04/24,12:19:00,15861,15861,15859,15861,89
2017/04/24,12:20:00,15859,15861,15858,15859,227
2017/04/24,12:21:00,15859,15861,15858,15860,115
2017/04/24,12:22:00,15861,15862,15861,15861,130
2017/04/24,12:23:00,15861,15862,15859,15859,134
2017/04/24,12:24:00,15859,15860,15857,15858,251
2017/04/24,12:25:00,15858,15859,15857,15858,104
2017/04/24,12:26:00,15858,15859,15857,15858,177
2017/04/24,12:27:00,15858,15861,15858,15859,95
2017/04/24,12:28:00,15859,15861,15859,15861,65
2017/04/24,12:29:00,15861,15861,15860,15861,67
2017/04/24,12:30:00,15862,15862,15860,15861,66
2017/04/24,12:31:00,15860,15861,15860,15861,62
2017/04/24,12:32:00,15861,15861,15860,15860,49
2017/04/24,12:33:00,15860,15862,15860,15861,110
2017/04/24,12:34:00,15861,15862,15860,15860,65
2017/04/24,12:35:00,15860,15861,15860,15860,79
2017/04/24,12:36:00,15860,15861,15859,15860,57
2017/04/24,12:37:00,15860,15861,15860,15860,32
2017/04/24,12:38:00,15860,15860,15859,15860,76
2017/04/24,12:39:00,15860,15860,15857,15859,158
2017/04/24,12:40:00,15858,15859,15857,15857,77
2017/04/24,12:41:00,15857,15858,15857,15858,93
2017/04/24,12:42:00,15858,15858,15857,15858,38
2017/04/24,12:43:00,15858,15858,15857,15857,35
2017/04/24,12:44:00,15857,15858,15857,15857,68
2017/04/24,12:45:00,15858,15858,15856,15857,203
2017/04/24,12:46:00,15857,15857,15855,15856,147
2017/04/24,12:47:00,15856,15857,15856,15856,22
2017/04/24,12:48:00,15856,15860,15856,15859,204
2017/04/24,12:49:00,15860,15860,15859,15859,74
2017/04/24,12:50:00,15858,15859,15858,15859,48
2017/04/24,12:51:00,15859,15861,15859,15860,261
2017/04/24,12:52:00,15860,15860,15859,15860,106
2017/04/24,12:53:00,15860,15861,15859,15860,55
2017/04/24,12:54:00,15860,15861,15860,15860,41
2017/04/24,12:55:00,15860,15861,15860,15860,54
2017/04/24,12:56:00,15860,15862,15860,15860,304
2017/04/24,12:57:00,15859,15860,15859,15860,66
2017/04/24,12:58:00,15860,15861,15859,15859,62
2017/04/24,12:59:00,15859,15859,15856,15857,286
2017/04/24,13:00:00,15858,15858,15856,15857,216
2017/04/24,13:01:00,15858,15859,15855,15858,243
2017/04/24,13:02:00,15858,15859,15858,15858,100
2017/04/24,13:03:00,15859,15860,15859,15860,163
2017/04/24,13:04:00,15860,15863,15859,15862,395
2017/04/24,13:05:00,15862,15864,15862,15863,284
2017/04/24,13:06:00,15862,15863,15861,15861,162
2017/04/24,13:07:00,15862,15864,15861,15862,163
2017/04/24,13:08:00,15861,15862,15860,15861,103
2017/04/24,13:09:00,15862,15863,15861,15862,87
2017/04/24,13:10:00,15862,15862,15860,15860,46
2017/04/24,13:11:00,15860,15863,15860,15862,198
2017/04/24,13:12:00,15861,15863,15860,15861,121
2017/04/24,13:13:00,15861,15863,15861,15861,75
2017/04/24,13:14:00,15861,15863,15861,15863,83
2017/04/24,13:15:00,15862,15867,15862,15867,669
2017/04/24,13:16:00,15867,15868,15864,15865,505
2017/04/24,13:17:00,15866,15866,15864,15864,142
2017/04/24,13:18:00,15865,15866,15863,15865,136
2017/04/24,13:19:00,15866,15866,15865,15866,114
2017/04/24,13:20:00,15865,15866,15864,15865,154
2017/04/24,13:21:00,15865,15866,15863,15864,247
2017/04/24,13:22:00,15863,15864,15861,15862,274
2017/04/24,13:23:00,15862,15865,15862,15864,290
2017/04/24,13:24:00,15865,15865,15862,15863,197
2017/04/24,13:25:00,15862,15864,15861,15862,237
2017/04/24,13:26:00,15863,15866,15862,15864,473
2017/04/24,13:27:00,15864,15865,15857,15859,723
2017/04/24,13:28:00,15859,15861,15859,15861,340
2017/04/24,13:29:00,15860,15861,15859,15860,161
2017/04/24,13:30:00,15860,15864,15859,15864,701
2017/04/24,13:31:00,15863,15864,15860,15860,565
2017/04/24,13:32:00,15861,15862,15859,15860,474
2017/04/24,13:33:00,15860,15861,15859,15861,160
2017/04/24,13:34:00,15861,15862,15860,15861,272
2017/04/24,13:35:00,15861,15863,15861,15861,286
2017/04/24,13:36:00,15861,15863,15861,15861,206
2017/04/24,13:37:00,15861,15862,15861,15861,138
2017/04/24,13:38:00,15861,15862,15861,15861,110
2017/04/24,13:39:00,15861,15862,15861,15861,182
2017/04/24,13:40:00,15861,15863,15861,15863,499
2017/04/24,13:41:00,15862,15863,15862,15862,264
2017/04/24,13:42:00,15863,15863,15861,15862,350
2017/04/24,13:43:00,15861,15862,15861,15861,305
2017/04/24,13:44:00,15862,15863,15861,15862,649
2017/04/24,13:45:00,15861,15862,15860,15860,1158
