Date,Time,Open,High,Low,Close,Volume
2009/02/16,08:46:00,7001,7001,6978,6982,926
2009/02/16,08:47:00,6980,6989,6979,6984,389
2009/02/16,08:48:00,6984,6989,6981,6987,399
2009/02/16,08:49:00,6987,6993,6985,6992,159
2009/02/16,08:50:00,6991,6994,6989,6992,186
2009/02/16,08:51:00,6994,6996,6990,6993,319
2009/02/16,08:52:00,6992,6995,6991,6992,181
2009/02/16,08:53:00,6992,6996,6991,6996,179
2009/02/16,08:54:00,6995,7007,6994,7005,372
2009/02/16,08:55:00,7005,7016,7003,7013,425
2009/02/16,08:56:00,7014,7015,7006,7006,363
2009/02/16,08:57:00,7006,7008,7003,7005,168
2009/02/16,08:58:00,7003,7009,7003,7008,114
2009/02/16,08:59:00,7008,7010,7005,7005,124
2009/02/16,09:00:00,7007,7007,6998,6999,280
2009/02/16,09:01:00,7000,7005,6995,7000,357
2009/02/16,09:02:00,7001,7007,6999,6999,222
2009/02/16,09:03:00,6998,7000,6989,6996,495
2009/02/16,09:04:00,6996,6998,6990,6992,323
2009/02/16,09:05:00,6992,6996,6989,6991,309
2009/02/16,09:06:00,6992,6993,6988,6992,259
2009/02/16,09:07:00,6991,6998,6990,6995,241
2009/02/16,09:08:00,6994,6996,6990,6994,184
2009/02/16,09:09:00,6994,6998,6993,6997,287
2009/02/16,09:10:00,6997,6999,6991,6991,218
2009/02/16,09:11:00,6991,6996,6985,6994,529
2009/02/16,09:12:00,6994,6996,6988,6994,171
2009/02/16,09:13:00,6994,6995,6987,6993,284
2009/02/16,09:14:00,6993,7000,6992,6997,334
2009/02/16,09:15:00,6998,7004,6997,7002,373
2009/02/16,09:16:00,7002,7003,7000,7002,222
2009/02/16,09:17:00,7001,7009,7001,7008,559
2009/02/16,09:18:00,7009,7009,7004,7007,360
2009/02/16,09:19:00,7007,7009,7002,7002,324
2009/02/16,09:20:00,7002,7003,6998,6998,210
2009/02/16,09:21:00,6999,7001,6990,6990,255
2009/02/16,09:22:00,6990,6995,6988,6993,290
2009/02/16,09:23:00,6994,6994,6990,6992,225
2009/02/16,09:24:00,6992,6992,6981,6981,676
2009/02/16,09:25:00,6981,6984,6974,6980,636
2009/02/16,09:26:00,6981,6983,6975,6982,409
2009/02/16,09:27:00,6983,6988,6981,6983,219
2009/02/16,09:28:00,6982,6986,6981,6986,120
2009/02/16,09:29:00,6986,6987,6984,6985,138
2009/02/16,09:30:00,6984,6986,6981,6985,216
2009/02/16,09:31:00,6985,6990,6982,6988,295
2009/02/16,09:32:00,6987,6993,6986,6990,395
2009/02/16,09:33:00,6990,6992,6988,6989,142
2009/02/16,09:34:00,6989,6992,6985,6989,363
2009/02/16,09:35:00,6989,6991,6988,6991,87
2009/02/16,09:36:00,6991,6994,6989,6992,173
2009/02/16,09:37:00,6992,6995,6990,6991,238
2009/02/16,09:38:00,6990,6994,6990,6992,125
2009/02/16,09:39:00,6992,6995,6990,6995,127
2009/02/16,09:40:00,6995,6997,6990,6993,274
2009/02/16,09:41:00,6993,6994,6989,6989,207
2009/02/16,09:42:00,6990,6992,6988,6992,198
2009/02/16,09:43:00,6993,6995,6991,6993,139
2009/02/16,09:44:00,6993,7002,6991,6999,381
2009/02/16,09:45:00,7001,7007,6999,7005,334
2009/02/16,09:46:00,7007,7008,7000,7004,505
2009/02/16,09:47:00,7005,7006,7001,7006,234
2009/02/16,09:48:00,7005,7020,7004,7013,649
2009/02/16,09:49:00,7013,7014,7009,7011,393
2009/02/16,09:50:00,7011,7014,7010,7012,317
2009/02/16,09:51:00,7014,7018,7007,7007,469
2009/02/16,09:52:00,7008,7010,7004,7009,255
2009/02/16,09:53:00,7010,7011,7006,7011,158
2009/02/16,09:54:00,7012,7012,7008,7009,116
2009/02/16,09:55:00,7010,7010,7005,7007,234
2009/02/16,09:56:00,7006,7006,7003,7004,167
2009/02/16,09:57:00,7004,7005,7003,7003,132
2009/02/16,09:58:00,7003,7003,7000,7002,229
2009/02/16,09:59:00,7002,7005,7001,7005,138
2009/02/16,10:00:00,7004,7005,7002,7004,94
2009/02/16,10:01:00,7005,7009,7003,7006,170
2009/02/16,10:02:00,7007,7008,7004,7006,123
2009/02/16,10:03:00,7005,7008,7004,7006,167
2009/02/16,10:04:00,7006,7009,7002,7005,533
2009/02/16,10:05:00,7008,7008,6996,7000,411
2009/02/16,10:06:00,7000,7004,6998,7002,225
2009/02/16,10:07:00,7002,7004,6998,7001,225
2009/02/16,10:08:00,7000,7001,6994,7000,313
2009/02/16,10:09:00,6999,7002,6998,7001,209
2009/02/16,10:10:00,7001,7004,7001,7003,102
2009/02/16,10:11:00,7003,7004,6999,7000,103
2009/02/16,10:12:00,7000,7003,6999,7001,205
2009/02/16,10:13:00,7003,7008,7001,7001,201
2009/02/16,10:14:00,7001,7005,7000,7001,142
2009/02/16,10:15:00,7002,7003,6997,7000,220
2009/02/16,10:16:00,6997,7000,6994,6996,348
2009/02/16,10:17:00,6996,6997,6990,6995,335
2009/02/16,10:18:00,6995,6998,6993,6996,155
2009/02/16,10:19:00,6996,6996,6993,6994,125
2009/02/16,10:20:00,6995,6995,6992,6992,203
2009/02/16,10:21:00,6993,6997,6990,6995,233
2009/02/16,10:22:00,6997,7000,6995,7000,112
2009/02/16,10:23:00,7000,7003,6998,7001,156
2009/02/16,10:24:00,7000,7004,6999,7004,171
2009/02/16,10:25:00,7003,7004,7001,7002,84
2009/02/16,10:26:00,7002,7003,6998,6999,115
2009/02/16,10:27:00,6999,7004,6998,6999,145
2009/02/16,10:28:00,6999,7005,6999,7003,137
2009/02/16,10:29:00,7003,7005,7003,7005,84
2009/02/16,10:30:00,7005,7007,7005,7005,108
2009/02/16,10:31:00,7004,7005,7002,7005,87
2009/02/16,10:32:00,7005,7007,7004,7007,135
2009/02/16,10:33:00,7007,7008,7005,7005,131
2009/02/16,10:34:00,7005,7006,6999,6999,217
2009/02/16,10:35:00,6999,7006,6998,7005,148
2009/02/16,10:36:00,7005,7006,7000,7000,335
2009/02/16,10:37:00,7000,7000,6994,6995,359
2009/02/16,10:38:00,6996,6999,6995,6998,228
2009/02/16,10:39:00,6999,6999,6996,6996,115
2009/02/16,10:40:00,6996,6998,6994,6996,270
2009/02/16,10:41:00,6996,6998,6995,6997,190
2009/02/16,10:42:00,6994,6998,6991,6998,462
2009/02/16,10:43:00,6998,6999,6993,6997,162
2009/02/16,10:44:00,6996,6999,6996,6997,143
2009/02/16,10:45:00,6996,7000,6996,6997,134
2009/02/16,10:46:00,6996,7000,6990,6993,299
2009/02/16,10:47:00,6993,6997,6990,6997,257
2009/02/16,10:48:00,6997,6997,6991,6994,148
2009/02/16,10:49:00,6992,6996,6991,6992,155
2009/02/16,10:50:00,6992,6994,6990,6992,135
2009/02/16,10:51:00,6990,6992,6985,6988,460
2009/02/16,10:52:00,6991,6992,6987,6991,248
2009/02/16,10:53:00,6991,6996,6988,6989,264
2009/02/16,10:54:00,6990,6991,6985,6988,362
2009/02/16,10:55:00,6987,6989,6981,6984,505
2009/02/16,10:56:00,6985,6986,6981,6982,196
2009/02/16,10:57:00,6983,6986,6981,6985,198
2009/02/16,10:58:00,6984,6986,6982,6986,123
2009/02/16,10:59:00,6983,6987,6983,6985,217
2009/02/16,11:00:00,6986,6986,6980,6980,248
2009/02/16,11:01:00,6979,6979,6967,6969,1262
2009/02/16,11:02:00,6970,6975,6968,6972,391
2009/02/16,11:03:00,6974,6974,6970,6972,295
2009/02/16,11:04:00,6972,6975,6966,6973,582
2009/02/16,11:05:00,6973,6977,6970,6976,354
2009/02/16,11:06:00,6976,6978,6974,6975,217
2009/02/16,11:07:00,6975,6979,6974,6978,226
2009/02/16,11:08:00,6979,6983,6978,6980,345
2009/02/16,11:09:00,6980,6982,6977,6982,259
2009/02/16,11:10:00,6980,6984,6980,6981,115
2009/02/16,11:11:00,6982,6983,6978,6980,214
2009/02/16,11:12:00,6980,6982,6979,6981,129
2009/02/16,11:13:00,6980,6982,6975,6979,298
2009/02/16,11:14:00,6976,6979,6974,6977,230
2009/02/16,11:15:00,6976,6979,6976,6979,48
2009/02/16,11:16:00,6978,6979,6974,6977,200
2009/02/16,11:17:00,6977,6977,6972,6975,224
2009/02/16,11:18:00,6975,6982,6974,6981,196
2009/02/16,11:19:00,6981,6983,6980,6983,95
2009/02/16,11:20:00,6983,6986,6983,6984,303
2009/02/16,11:21:00,6984,6988,6984,6987,203
2009/02/16,11:22:00,6987,6987,6984,6985,140
2009/02/16,11:23:00,6984,6986,6983,6983,129
2009/02/16,11:24:00,6983,6984,6982,6982,79
2009/02/16,11:25:00,6982,6986,6982,6985,133
2009/02/16,11:26:00,6986,6986,6978,6979,233
2009/02/16,11:27:00,6981,6984,6978,6984,144
2009/02/16,11:28:00,6984,6985,6982,6984,118
2009/02/16,11:29:00,6984,6984,6982,6983,91
2009/02/16,11:30:00,6984,6985,6983,6985,109
2009/02/16,11:31:00,6985,6990,6985,6988,255
2009/02/16,11:32:00,6988,6989,6986,6988,131
2009/02/16,11:33:00,6988,6989,6985,6985,170
2009/02/16,11:34:00,6986,6986,6982,6982,176
2009/02/16,11:35:00,6982,6984,6981,6984,121
2009/02/16,11:36:00,6983,6985,6982,6982,99
2009/02/16,11:37:00,6983,6983,6981,6982,127
2009/02/16,11:38:00,6981,6984,6980,6983,85
2009/02/16,11:39:00,6983,6989,6982,6988,210
2009/02/16,11:40:00,6988,6989,6986,6986,97
2009/02/16,11:41:00,6987,6988,6984,6985,118
2009/02/16,11:42:00,6986,6986,6982,6985,111
2009/02/16,11:43:00,6983,6986,6982,6984,89
2009/02/16,11:44:00,6985,6985,6983,6984,34
2009/02/16,11:45:00,6984,6986,6984,6985,48
2009/02/16,11:46:00,6985,6985,6981,6981,168
2009/02/16,11:47:00,6982,6983,6980,6983,124
2009/02/16,11:48:00,6982,6983,6981,6983,28
2009/02/16,11:49:00,6982,6984,6982,6984,50
2009/02/16,11:50:00,6984,6985,6981,6982,92
2009/02/16,11:51:00,6982,6983,6981,6982,66
2009/02/16,11:52:00,6982,6989,6981,6987,234
2009/02/16,11:53:00,6986,6987,6984,6986,88
2009/02/16,11:54:00,6986,6986,6983,6985,68
2009/02/16,11:55:00,6986,6989,6986,6989,141
2009/02/16,11:56:00,6989,6994,6988,6993,374
2009/02/16,11:57:00,6992,6993,6988,6989,166
2009/02/16,11:58:00,6989,6993,6988,6993,108
2009/02/16,11:59:00,6993,6993,6988,6988,116
2009/02/16,12:00:00,6988,6993,6988,6993,142
2009/02/16,12:01:00,6993,6993,6989,6989,98
2009/02/16,12:02:00,6989,6990,6986,6987,139
2009/02/16,12:03:00,6987,6989,6986,6987,68
2009/02/16,12:04:00,6988,6989,6987,6988,60
2009/02/16,12:05:00,6988,6989,6985,6989,177
2009/02/16,12:06:00,6988,6989,6986,6987,92
2009/02/16,12:07:00,6987,6989,6986,6987,53
2009/02/16,12:08:00,6988,6989,6987,6989,54
2009/02/16,12:09:00,6989,6989,6983,6984,191
2009/02/16,12:10:00,6985,6985,6983,6985,112
2009/02/16,12:11:00,6986,6986,6982,6983,137
2009/02/16,12:12:00,6983,6986,6981,6985,257
2009/02/16,12:13:00,6985,6986,6983,6983,64
2009/02/16,12:14:00,6983,6983,6982,6983,77
2009/02/16,12:15:00,6983,6985,6982,6983,88
2009/02/16,12:16:00,6985,6985,6983,6983,91
2009/02/16,12:17:00,6984,6984,6980,6981,195
2009/02/16,12:18:00,6980,6983,6980,6983,92
2009/02/16,12:19:00,6982,6987,6981,6986,156
2009/02/16,12:20:00,6986,6988,6986,6987,79
2009/02/16,12:21:00,6988,6990,6987,6989,138
2009/02/16,12:22:00,6989,6989,6986,6988,123
2009/02/16,12:23:00,6988,6988,6984,6987,211
2009/02/16,12:24:00,6985,6986,6983,6986,164
2009/02/16,12:25:00,6987,6988,6985,6987,67
2009/02/16,12:26:00,6987,6991,6987,6990,135
2009/02/16,12:27:00,6989,6991,6988,6991,105
2009/02/16,12:28:00,6991,6997,6991,6995,360
2009/02/16,12:29:00,6994,6999,6994,6999,187
2009/02/16,12:30:00,6999,7008,6997,7001,632
2009/02/16,12:31:00,7004,7005,6998,7002,302
2009/02/16,12:32:00,7001,7006,7001,7005,186
2009/02/16,12:33:00,7007,7008,7002,7002,250
2009/02/16,12:34:00,7002,7003,6999,7002,148
2009/02/16,12:35:00,7001,7003,6999,7003,120
2009/02/16,12:36:00,7004,7004,7002,7003,124
2009/02/16,12:37:00,7004,7004,7001,7002,124
2009/02/16,12:38:00,7001,7002,6998,6999,168
2009/02/16,12:39:00,6999,7000,6996,6997,197
2009/02/16,12:40:00,6997,6999,6996,6998,115
2009/02/16,12:41:00,6998,6999,6996,6997,89
2009/02/16,12:42:00,6997,7002,6996,7002,142
2009/02/16,12:43:00,7001,7005,7000,7002,192
2009/02/16,12:44:00,7003,7005,7001,7004,137
2009/02/16,12:45:00,7001,7008,7001,7007,291
2009/02/16,12:46:00,7007,7018,7006,7010,845
2009/02/16,12:47:00,7010,7012,7007,7009,169
2009/02/16,12:48:00,7010,7010,7004,7004,158
2009/02/16,12:49:00,7004,7007,7004,7006,122
2009/02/16,12:50:00,7006,7008,7003,7005,170
2009/02/16,12:51:00,7004,7011,7004,7006,189
2009/02/16,12:52:00,7007,7013,7006,7011,177
2009/02/16,12:53:00,7012,7013,7007,7009,162
2009/02/16,12:54:00,7009,7010,7004,7005,224
2009/02/16,12:55:00,7005,7006,7001,7001,220
2009/02/16,12:56:00,7002,7006,7000,7005,169
2009/02/16,12:57:00,7004,7005,7003,7003,94
2009/02/16,12:58:00,7004,7005,7003,7003,50
2009/02/16,12:59:00,7004,7004,7002,7002,96
2009/02/16,13:00:00,7002,7002,6999,7002,429
2009/02/16,13:01:00,7001,7004,7000,7003,205
2009/02/16,13:02:00,7003,7005,7002,7004,86
2009/02/16,13:03:00,7004,7006,7002,7004,103
2009/02/16,13:04:00,7005,7005,7003,7003,89
2009/02/16,13:05:00,7004,7006,7004,7006,85
2009/02/16,13:06:00,7006,7009,7005,7009,235
2009/02/16,13:07:00,7009,7009,7006,7007,183
2009/02/16,13:08:00,7006,7007,7005,7005,90
2009/02/16,13:09:00,7005,7006,7000,7001,276
2009/02/16,13:10:00,7000,7004,7000,7002,162
2009/02/16,13:11:00,7002,7002,6997,6998,428
2009/02/16,13:12:00,6998,7004,6998,7003,297
2009/02/16,13:13:00,7003,7004,7000,7002,133
2009/02/16,13:14:00,7003,7005,7002,7003,143
2009/02/16,13:15:00,7003,7004,7001,7002,100
2009/02/16,13:16:00,7004,7005,7001,7003,113
2009/02/16,13:17:00,7004,7004,7002,7003,44
2009/02/16,13:18:00,7003,7004,7002,7003,63
2009/02/16,13:19:00,7002,7003,7000,7000,141
2009/02/16,13:20:00,7001,7003,7000,7002,112
2009/02/16,13:21:00,7002,7002,6997,6997,275
2009/02/16,13:22:00,6997,6998,6994,6998,377
2009/02/16,13:23:00,6998,7000,6997,6998,115
2009/02/16,13:24:00,6998,7001,6998,7001,94
2009/02/16,13:25:00,7001,7001,6999,7000,67
2009/02/16,13:26:00,7000,7001,6999,6999,78
2009/02/16,13:27:00,7000,7002,7000,7001,110
2009/02/16,13:28:00,7002,7002,7000,7002,67
2009/02/16,13:29:00,7001,7002,7000,7000,81
2009/02/16,13:30:00,7001,7005,7001,7004,187
2009/02/16,13:31:00,7004,7005,6999,7001,319
2009/02/16,13:32:00,7001,7003,7000,7001,152
2009/02/16,13:33:00,7002,7003,6998,6998,228
2009/02/16,13:34:00,6998,7000,6997,6999,265
2009/02/16,13:35:00,7000,7000,6997,6998,210
2009/02/16,13:36:00,6999,7000,6996,7000,554
2009/02/16,13:37:00,6999,7003,6996,7003,276
2009/02/16,13:38:00,7002,7003,7001,7002,164
2009/02/16,13:39:00,7003,7005,7002,7005,210
2009/02/16,13:40:00,7005,7006,7003,7003,131
2009/02/16,13:41:00,7004,7006,7004,7006,159
2009/02/16,13:42:00,7006,7006,7004,7004,147
2009/02/16,13:43:00,7005,7005,7003,7003,190
2009/02/16,13:44:00,7003,7004,7002,7003,296
2009/02/16,13:45:00,7002,7007,7000,7007,583
