Date,Time,Open,High,Low,Close,Volume
2009/02/27,08:46:00,6996,7010,6995,7007,543
2009/02/27,08:47:00,7005,7008,6995,7002,424
2009/02/27,08:48:00,7000,7003,6991,6996,375
2009/02/27,08:49:00,6997,7001,6997,7000,161
2009/02/27,08:50:00,7000,7001,6997,6997,149
2009/02/27,08:51:00,6999,7001,6997,6999,249
2009/02/27,08:52:00,6998,6999,6996,6998,223
2009/02/27,08:53:00,6998,6998,6994,6994,266
2009/02/27,08:54:00,6994,6996,6990,6994,332
2009/02/27,08:55:00,6994,6998,6994,6995,154
2009/02/27,08:56:00,6995,6997,6994,6994,77
2009/02/27,08:57:00,6995,6997,6994,6996,109
2009/02/27,08:58:00,6995,6997,6994,6997,63
2009/02/27,08:59:00,6997,7002,6996,7002,268
2009/02/27,09:00:00,7001,7002,6999,7001,136
2009/02/27,09:01:00,7000,7007,6999,7002,347
2009/02/27,09:02:00,7001,7006,6996,6999,430
2009/02/27,09:03:00,7000,7003,6995,7002,228
2009/02/27,09:04:00,7001,7003,6991,6991,333
2009/02/27,09:05:00,6991,6996,6985,6985,788
2009/02/27,09:06:00,6986,6988,6982,6984,642
2009/02/27,09:07:00,6985,6985,6976,6979,966
2009/02/27,09:08:00,6979,6985,6978,6984,378
2009/02/27,09:09:00,6984,6990,6983,6986,274
2009/02/27,09:10:00,6987,6992,6985,6992,281
2009/02/27,09:11:00,6992,6996,6990,6995,265
2009/02/27,09:12:00,6995,7000,6993,7000,387
2009/02/27,09:13:00,7000,7014,6998,7013,1014
2009/02/27,09:14:00,7014,7019,7011,7018,638
2009/02/27,09:15:00,7019,7019,7011,7011,603
2009/02/27,09:16:00,7011,7032,7011,7029,1276
2009/02/27,09:17:00,7029,7029,7024,7025,463
2009/02/27,09:18:00,7025,7026,7020,7021,351
2009/02/27,09:19:00,7021,7021,7018,7019,281
2009/02/27,09:20:00,7019,7022,7018,7019,317
2009/02/27,09:21:00,7019,7026,7019,7023,443
2009/02/27,09:22:00,7022,7022,7014,7018,354
2009/02/27,09:23:00,7018,7019,7016,7018,242
2009/02/27,09:24:00,7018,7021,7017,7019,185
2009/02/27,09:25:00,7020,7022,7017,7020,288
2009/02/27,09:26:00,7020,7021,7018,7019,218
2009/02/27,09:27:00,7019,7023,7009,7010,518
2009/02/27,09:28:00,7010,7014,7009,7014,293
2009/02/27,09:29:00,7014,7015,7007,7008,495
2009/02/27,09:30:00,7007,7012,7002,7009,883
2009/02/27,09:31:00,7009,7013,7003,7008,363
2009/02/27,09:32:00,7008,7009,7003,7005,295
2009/02/27,09:33:00,7005,7010,7004,7008,235
2009/02/27,09:34:00,7007,7016,7007,7013,312
2009/02/27,09:35:00,7013,7014,7008,7008,205
2009/02/27,09:36:00,7008,7011,7007,7008,154
2009/02/27,09:37:00,7008,7013,7008,7012,136
2009/02/27,09:38:00,7011,7012,7009,7012,154
2009/02/27,09:39:00,7011,7014,7011,7013,174
2009/02/27,09:40:00,7013,7015,7013,7014,166
2009/02/27,09:41:00,7014,7015,7007,7009,252
2009/02/27,09:42:00,7009,7009,6995,6998,838
2009/02/27,09:43:00,6999,7001,6997,7000,237
2009/02/27,09:44:00,7000,7006,6999,7003,197
2009/02/27,09:45:00,7002,7003,6999,7001,148
2009/02/27,09:46:00,7001,7004,7000,7004,172
2009/02/27,09:47:00,7003,7004,6999,7000,163
2009/02/27,09:48:00,7001,7001,6994,6997,529
2009/02/27,09:49:00,6998,7001,6995,6999,305
2009/02/27,09:50:00,7000,7000,6997,6999,170
2009/02/27,09:51:00,6999,6999,6989,6996,507
2009/02/27,09:52:00,6996,7000,6994,7000,210
2009/02/27,09:53:00,6999,7002,6999,7002,202
2009/02/27,09:54:00,7001,7006,7001,7004,242
2009/02/27,09:55:00,7005,7005,7002,7003,142
2009/02/27,09:56:00,7003,7003,7000,7000,208
2009/02/27,09:57:00,7000,7008,6999,7008,265
2009/02/27,09:58:00,7007,7010,7006,7006,219
2009/02/27,09:59:00,7006,7008,7005,7005,127
2009/02/27,10:00:00,7005,7007,7004,7006,130
2009/02/27,10:01:00,7006,7009,7004,7004,235
2009/02/27,10:02:00,7004,7007,7003,7003,144
2009/02/27,10:03:00,7003,7005,6999,7003,175
2009/02/27,10:04:00,7002,7003,7000,7001,88
2009/02/27,10:05:00,7002,7003,7001,7001,85
2009/02/27,10:06:00,7001,7004,6999,7004,164
2009/02/27,10:07:00,7003,7014,7003,7014,279
2009/02/27,10:08:00,7013,7014,7009,7009,210
2009/02/27,10:09:00,7010,7011,7005,7009,107
2009/02/27,10:10:00,7009,7011,7007,7011,141
2009/02/27,10:11:00,7011,7013,7009,7012,170
2009/02/27,10:12:00,7013,7013,7009,7012,186
2009/02/27,10:13:00,7013,7016,7011,7013,424
2009/02/27,10:14:00,7013,7013,7008,7011,197
2009/02/27,10:15:00,7011,7014,7011,7012,202
2009/02/27,10:16:00,7012,7016,7011,7013,268
2009/02/27,10:17:00,7014,7017,7013,7017,306
2009/02/27,10:18:00,7015,7019,7014,7015,267
2009/02/27,10:19:00,7015,7015,7009,7011,228
2009/02/27,10:20:00,7011,7012,7008,7011,212
2009/02/27,10:21:00,7011,7014,7009,7009,144
2009/02/27,10:22:00,7010,7014,7009,7012,132
2009/02/27,10:23:00,7011,7013,7009,7010,118
2009/02/27,10:24:00,7009,7011,7005,7009,240
2009/02/27,10:25:00,7009,7011,7007,7009,158
2009/02/27,10:26:00,7008,7012,7008,7011,83
2009/02/27,10:27:00,7012,7013,7010,7011,86
2009/02/27,10:28:00,7011,7016,7011,7015,148
2009/02/27,10:29:00,7016,7017,7012,7012,282
2009/02/27,10:30:00,7014,7014,7010,7012,111
2009/02/27,10:31:00,7013,7013,7008,7008,94
2009/02/27,10:32:00,7009,7011,7007,7008,224
2009/02/27,10:33:00,7009,7010,7005,7006,271
2009/02/27,10:34:00,7005,7008,7002,7007,350
2009/02/27,10:35:00,7007,7008,7005,7008,116
2009/02/27,10:36:00,7007,7009,7005,7005,136
2009/02/27,10:37:00,7005,7010,7005,7010,79
2009/02/27,10:38:00,7009,7013,7009,7013,170
2009/02/27,10:39:00,7013,7017,7012,7014,385
2009/02/27,10:40:00,7014,7017,7013,7013,326
2009/02/27,10:41:00,7013,7013,7011,7012,71
2009/02/27,10:42:00,7012,7013,7010,7010,107
2009/02/27,10:43:00,7010,7012,7008,7012,93
2009/02/27,10:44:00,7013,7014,7010,7014,112
2009/02/27,10:45:00,7014,7019,7014,7019,402
2009/02/27,10:46:00,7019,7025,7017,7023,832
2009/02/27,10:47:00,7024,7024,7019,7024,307
2009/02/27,10:48:00,7024,7024,7021,7022,228
2009/02/27,10:49:00,7021,7022,7019,7022,189
2009/02/27,10:50:00,7021,7022,7018,7019,180
2009/02/27,10:51:00,7019,7021,7017,7019,199
2009/02/27,10:52:00,7019,7024,7018,7021,275
2009/02/27,10:53:00,7020,7023,7020,7023,143
2009/02/27,10:54:00,7022,7026,7020,7021,354
2009/02/27,10:55:00,7021,7022,7013,7013,382
2009/02/27,10:56:00,7013,7018,7012,7015,188
2009/02/27,10:57:00,7015,7016,7013,7015,114
2009/02/27,10:58:00,7015,7016,7014,7015,67
2009/02/27,10:59:00,7014,7015,7012,7012,205
2009/02/27,11:00:00,7012,7014,7008,7010,295
2009/02/27,11:01:00,7010,7011,7006,7009,282
2009/02/27,11:02:00,7008,7011,7008,7010,160
2009/02/27,11:03:00,7011,7012,7009,7010,116
2009/02/27,11:04:00,7010,7013,7010,7012,94
2009/02/27,11:05:00,7012,7013,7011,7012,81
2009/02/27,11:06:00,7012,7012,7009,7010,208
2009/02/27,11:07:00,7010,7011,7009,7010,71
2009/02/27,11:08:00,7011,7015,7010,7015,182
2009/02/27,11:09:00,7015,7016,7013,7014,149
2009/02/27,11:10:00,7014,7015,7011,7011,93
2009/02/27,11:11:00,7012,7012,7011,7012,42
2009/02/27,11:12:00,7013,7014,7012,7013,71
2009/02/27,11:13:00,7013,7015,7012,7013,80
2009/02/27,11:14:00,7014,7014,7010,7010,90
2009/02/27,11:15:00,7010,7011,7009,7010,111
2009/02/27,11:16:00,7010,7011,7005,7008,326
2009/02/27,11:17:00,7009,7011,7007,7008,143
2009/02/27,11:18:00,7008,7013,7008,7010,121
2009/02/27,11:19:00,7011,7012,7009,7010,76
2009/02/27,11:20:00,7010,7011,7009,7010,44
2009/02/27,11:21:00,7010,7015,7009,7015,140
2009/02/27,11:22:00,7015,7015,7012,7012,110
2009/02/27,11:23:00,7013,7014,7012,7013,39
2009/02/27,11:24:00,7013,7014,7012,7013,33
2009/02/27,11:25:00,7013,7019,7013,7018,346
2009/02/27,11:26:00,7017,7020,7016,7019,180
2009/02/27,11:27:00,7019,7027,7018,7027,628
2009/02/27,11:28:00,7026,7028,7020,7024,493
2009/02/27,11:29:00,7024,7026,7022,7023,229
2009/02/27,11:30:00,7024,7025,7022,7022,361
2009/02/27,11:31:00,7022,7025,7019,7022,298
2009/02/27,11:32:00,7021,7023,7021,7022,88
2009/02/27,11:33:00,7021,7026,7021,7024,267
2009/02/27,11:34:00,7023,7023,7019,7021,182
2009/02/27,11:35:00,7021,7024,7019,7022,140
2009/02/27,11:36:00,7023,7023,7020,7021,135
2009/02/27,11:37:00,7020,7021,7015,7019,220
2009/02/27,11:38:00,7018,7020,7017,7019,118
2009/02/27,11:39:00,7019,7020,7018,7020,88
2009/02/27,11:40:00,7019,7026,7019,7025,250
2009/02/27,11:41:00,7025,7026,7020,7021,147
2009/02/27,11:42:00,7022,7022,7020,7022,63
2009/02/27,11:43:00,7021,7021,7018,7018,70
2009/02/27,11:44:00,7019,7020,7013,7013,228
2009/02/27,11:45:00,7015,7021,7014,7019,137
2009/02/27,11:46:00,7020,7022,7019,7020,95
2009/02/27,11:47:00,7020,7026,7019,7024,334
2009/02/27,11:48:00,7023,7025,7022,7023,103
2009/02/27,11:49:00,7022,7039,7022,7035,1312
2009/02/27,11:50:00,7034,7037,7031,7033,607
2009/02/27,11:51:00,7032,7036,7031,7034,407
2009/02/27,11:52:00,7034,7036,7032,7033,337
2009/02/27,11:53:00,7033,7034,7030,7030,252
2009/02/27,11:54:00,7030,7033,7029,7032,139
2009/02/27,11:55:00,7033,7035,7031,7032,323
2009/02/27,11:56:00,7033,7034,7030,7030,142
2009/02/27,11:57:00,7030,7033,7029,7032,148
2009/02/27,11:58:00,7032,7034,7032,7034,124
2009/02/27,11:59:00,7034,7035,7031,7032,170
2009/02/27,12:00:00,7032,7037,7032,7035,249
2009/02/27,12:01:00,7034,7042,7034,7038,693
2009/02/27,12:02:00,7036,7037,7034,7034,180
2009/02/27,12:03:00,7033,7034,7029,7031,236
2009/02/27,12:04:00,7032,7033,7029,7029,185
2009/02/27,12:05:00,7029,7032,7029,7031,117
2009/02/27,12:06:00,7030,7032,7029,7031,110
2009/02/27,12:07:00,7031,7032,7030,7030,107
2009/02/27,12:08:00,7030,7031,7028,7028,141
2009/02/27,12:09:00,7028,7029,7025,7026,281
2009/02/27,12:10:00,7026,7028,7026,7028,88
2009/02/27,12:11:00,7026,7028,7024,7024,124
2009/02/27,12:12:00,7024,7026,7021,7022,235
2009/02/27,12:13:00,7021,7025,7021,7023,210
2009/02/27,12:14:00,7024,7027,7024,7027,89
2009/02/27,12:15:00,7026,7028,7026,7027,83
2009/02/27,12:16:00,7027,7032,7027,7031,139
2009/02/27,12:17:00,7031,7031,7028,7028,72
2009/02/27,12:18:00,7028,7029,7026,7027,154
2009/02/27,12:19:00,7027,7030,7027,7029,145
2009/02/27,12:20:00,7029,7031,7029,7030,93
2009/02/27,12:21:00,7029,7034,7029,7034,215
2009/02/27,12:22:00,7033,7035,7032,7032,144
2009/02/27,12:23:00,7033,7033,7031,7032,104
2009/02/27,12:24:00,7032,7036,7032,7034,119
2009/02/27,12:25:00,7034,7042,7033,7039,440
2009/02/27,12:26:00,7038,7039,7030,7031,282
2009/02/27,12:27:00,7031,7034,7030,7033,189
2009/02/27,12:28:00,7032,7033,7030,7030,148
2009/02/27,12:29:00,7030,7034,7028,7031,209
2009/02/27,12:30:00,7030,7033,7030,7031,54
2009/02/27,12:31:00,7032,7036,7031,7036,104
2009/02/27,12:32:00,7036,7036,7031,7032,144
2009/02/27,12:33:00,7032,7032,7029,7032,127
2009/02/27,12:34:00,7033,7033,7030,7031,41
2009/02/27,12:35:00,7031,7034,7031,7033,49
2009/02/27,12:36:00,7033,7034,7032,7033,42
2009/02/27,12:37:00,7032,7036,7031,7036,153
2009/02/27,12:38:00,7037,7041,7035,7038,345
2009/02/27,12:39:00,7038,7040,7036,7037,110
2009/02/27,12:40:00,7037,7038,7033,7034,116
2009/02/27,12:41:00,7034,7036,7032,7034,89
2009/02/27,12:42:00,7033,7034,7029,7030,245
2009/02/27,12:43:00,7030,7033,7029,7033,82
2009/02/27,12:44:00,7032,7033,7031,7032,85
2009/02/27,12:45:00,7032,7033,7031,7032,96
2009/02/27,12:46:00,7033,7037,7032,7034,125
2009/02/27,12:47:00,7035,7037,7034,7035,80
2009/02/27,12:48:00,7035,7041,7035,7038,309
2009/02/27,12:49:00,7037,7038,7032,7037,205
2009/02/27,12:50:00,7037,7043,7037,7039,390
2009/02/27,12:51:00,7041,7042,7038,7042,144
2009/02/27,12:52:00,7042,7047,7041,7046,875
2009/02/27,12:53:00,7046,7047,7042,7044,294
2009/02/27,12:54:00,7044,7045,7041,7044,271
2009/02/27,12:55:00,7044,7046,7042,7044,214
2009/02/27,12:56:00,7044,7045,7041,7042,141
2009/02/27,12:57:00,7042,7045,7042,7042,167
2009/02/27,12:58:00,7042,7043,7038,7038,218
2009/02/27,12:59:00,7038,7038,7035,7037,289
2009/02/27,13:00:00,7038,7039,7034,7035,205
2009/02/27,13:01:00,7035,7037,7035,7035,137
2009/02/27,13:02:00,7035,7036,7032,7034,275
2009/02/27,13:03:00,7033,7035,7032,7034,110
2009/02/27,13:04:00,7034,7037,7034,7035,157
2009/02/27,13:05:00,7036,7037,7035,7036,101
2009/02/27,13:06:00,7036,7039,7035,7038,101
2009/02/27,13:07:00,7039,7040,7037,7039,143
2009/02/27,13:08:00,7039,7041,7038,7040,128
2009/02/27,13:09:00,7040,7040,7038,7039,91
2009/02/27,13:10:00,7040,7041,7039,7041,70
2009/02/27,13:11:00,7040,7046,7040,7043,456
2009/02/27,13:12:00,7042,7047,7042,7047,130
2009/02/27,13:13:00,7046,7050,7042,7044,528
2009/02/27,13:14:00,7043,7046,7043,7045,142
2009/02/27,13:15:00,7045,7046,7043,7043,196
2009/02/27,13:16:00,7043,7046,7042,7046,148
2009/02/27,13:17:00,7045,7049,7044,7045,295
2009/02/27,13:18:00,7045,7046,7044,7046,135
2009/02/27,13:19:00,7045,7046,7044,7046,155
2009/02/27,13:20:00,7044,7045,7042,7042,189
2009/02/27,13:21:00,7042,7043,7040,7041,214
2009/02/27,13:22:00,7041,7043,7041,7042,134
2009/02/27,13:23:00,7043,7043,7042,7042,96
2009/02/27,13:24:00,7042,7043,7040,7040,144
2009/02/27,13:25:00,7040,7041,7037,7040,302
2009/02/27,13:26:00,7039,7040,7038,7039,136
2009/02/27,13:27:00,7039,7040,7038,7040,158
2009/02/27,13:28:00,7039,7044,7039,7044,180
2009/02/27,13:29:00,7044,7049,7043,7048,286
2009/02/27,13:30:00,7047,7052,7045,7048,509
2009/02/27,13:31:00,7047,7049,7038,7040,788
2009/02/27,13:32:00,7040,7044,7037,7038,534
2009/02/27,13:33:00,7039,7040,7037,7039,265
2009/02/27,13:34:00,7040,7041,7037,7039,368
2009/02/27,13:35:00,7038,7040,7038,7040,253
2009/02/27,13:36:00,7039,7039,7031,7034,780
2009/02/27,13:37:00,7034,7035,7025,7025,911
2009/02/27,13:38:00,7027,7036,7024,7034,692
2009/02/27,13:39:00,7036,7036,7033,7035,182
2009/02/27,13:40:00,7034,7035,7033,7033,164
2009/02/27,13:41:00,7033,7035,7030,7033,326
2009/02/27,13:42:00,7032,7034,7032,7032,195
2009/02/27,13:43:00,7032,7034,7032,7033,227
2009/02/27,13:44:00,7034,7037,7033,7035,282
2009/02/27,13:45:00,7035,7039,7034,7034,751
