Date,Time,Open,High,Low,Close,Volume
2014/12/22,08:46:00,14050,14052,14045,14048,2057
2014/12/22,08:47:00,14047,14049,14044,14047,598
2014/12/22,08:48:00,14049,14055,14047,14051,946
2014/12/22,08:49:00,14051,14052,14048,14050,435
2014/12/22,08:50:00,14050,14053,14050,14051,259
2014/12/22,08:51:00,14052,14053,14050,14052,357
2014/12/22,08:52:00,14052,14054,14051,14054,248
2014/12/22,08:53:00,14053,14054,14049,14050,342
2014/12/22,08:54:00,14050,14051,14049,14050,114
2014/12/22,08:55:00,14051,14057,14050,14056,551
2014/12/22,08:56:00,14057,14059,14052,14056,588
2014/12/22,08:57:00,14056,14057,14053,14057,311
2014/12/22,08:58:00,14057,14058,14054,14057,272
2014/12/22,08:59:00,14057,14059,14055,14055,218
2014/12/22,09:00:00,14056,14057,14055,14056,109
2014/12/22,09:01:00,14057,14062,14050,14053,1839
2014/12/22,09:02:00,14053,14059,14051,14055,596
2014/12/22,09:03:00,14056,14058,14050,14051,573
2014/12/22,09:04:00,14050,14051,14044,14046,885
2014/12/22,09:05:00,14046,14056,14042,14054,916
2014/12/22,09:06:00,14055,14065,14054,14063,1680
2014/12/22,09:07:00,14064,14064,14055,14060,588
2014/12/22,09:08:00,14060,14061,14055,14056,318
2014/12/22,09:09:00,14056,14057,14053,14054,370
2014/12/22,09:10:00,14054,14054,14049,14050,482
2014/12/22,09:11:00,14050,14054,14045,14052,654
2014/12/22,09:12:00,14052,14053,14050,14051,114
2014/12/22,09:13:00,14051,14054,14049,14054,227
2014/12/22,09:14:00,14054,14055,14052,14053,225
2014/12/22,09:15:00,14052,14053,14046,14046,447
2014/12/22,09:16:00,14047,14051,14045,14049,405
2014/12/22,09:17:00,14049,14054,14048,14052,335
2014/12/22,09:18:00,14051,14052,14047,14048,205
2014/12/22,09:19:00,14049,14051,14047,14051,123
2014/12/22,09:20:00,14051,14052,14050,14051,167
2014/12/22,09:21:00,14050,14053,14050,14052,254
2014/12/22,09:22:00,14052,14059,14052,14055,688
2014/12/22,09:23:00,14055,14059,14054,14059,378
2014/12/22,09:24:00,14059,14064,14058,14061,1041
2014/12/22,09:25:00,14062,14063,14059,14060,269
2014/12/22,09:26:00,14060,14064,14060,14062,471
2014/12/22,09:27:00,14063,14071,14063,14067,2032
2014/12/22,09:28:00,14067,14071,14064,14064,694
2014/12/22,09:29:00,14064,14067,14064,14064,318
2014/12/22,09:30:00,14064,14067,14063,14063,283
2014/12/22,09:31:00,14064,14065,14061,14063,542
2014/12/22,09:32:00,14062,14064,14061,14062,275
2014/12/22,09:33:00,14063,14064,14060,14063,279
2014/12/22,09:34:00,14064,14066,14063,14063,334
2014/12/22,09:35:00,14063,14065,14060,14061,271
2014/12/22,09:36:00,14061,14069,14060,14067,521
2014/12/22,09:37:00,14067,14068,14065,14065,198
2014/12/22,09:38:00,14066,14070,14065,14069,449
2014/12/22,09:39:00,14069,14074,14067,14068,1307
2014/12/22,09:40:00,14068,14071,14067,14071,367
2014/12/22,09:41:00,14071,14074,14070,14073,801
2014/12/22,09:42:00,14073,14076,14073,14075,752
2014/12/22,09:43:00,14075,14077,14071,14072,635
2014/12/22,09:44:00,14072,14074,14072,14073,306
2014/12/22,09:45:00,14073,14075,14073,14073,302
2014/12/22,09:46:00,14073,14076,14071,14071,742
2014/12/22,09:47:00,14072,14075,14071,14073,367
2014/12/22,09:48:00,14074,14080,14073,14080,1130
2014/12/22,09:49:00,14079,14080,14077,14078,398
2014/12/22,09:50:00,14077,14079,14076,14076,418
2014/12/22,09:51:00,14076,14081,14076,14081,445
2014/12/22,09:52:00,14081,14081,14077,14078,343
2014/12/22,09:53:00,14078,14082,14078,14081,461
2014/12/22,09:54:00,14081,14084,14081,14084,653
2014/12/22,09:55:00,14083,14087,14083,14086,870
2014/12/22,09:56:00,14086,14089,14085,14089,1071
2014/12/22,09:57:00,14089,14090,14085,14086,598
2014/12/22,09:58:00,14085,14088,14082,14083,626
2014/12/22,09:59:00,14084,14086,14084,14086,252
2014/12/22,10:00:00,14086,14087,14082,14082,408
2014/12/22,10:01:00,14083,14086,14082,14084,376
2014/12/22,10:02:00,14083,14084,14079,14079,524
2014/12/22,10:03:00,14079,14080,14076,14079,537
2014/12/22,10:04:00,14078,14079,14077,14078,136
2014/12/22,10:05:00,14078,14079,14077,14078,114
2014/12/22,10:06:00,14078,14080,14076,14080,323
2014/12/22,10:07:00,14080,14082,14079,14080,219
2014/12/22,10:08:00,14081,14084,14080,14082,175
2014/12/22,10:09:00,14083,14089,14082,14088,919
2014/12/22,10:10:00,14089,14094,14089,14092,1371
2014/12/22,10:11:00,14093,14097,14093,14096,1085
2014/12/22,10:12:00,14096,14098,14094,14095,677
2014/12/22,10:13:00,14094,14096,14092,14094,461
2014/12/22,10:14:00,14094,14097,14093,14097,401
2014/12/22,10:15:00,14096,14103,14096,14102,1157
2014/12/22,10:16:00,14102,14117,14101,14117,2165
2014/12/22,10:17:00,14117,14117,14107,14108,1230
2014/12/22,10:18:00,14108,14110,14101,14103,847
2014/12/22,10:19:00,14102,14108,14101,14104,455
2014/12/22,10:20:00,14104,14104,14100,14101,377
2014/12/22,10:21:00,14101,14102,14097,14100,735
2014/12/22,10:22:00,14100,14100,14098,14099,158
2014/12/22,10:23:00,14099,14104,14099,14103,381
2014/12/22,10:24:00,14104,14104,14100,14101,180
2014/12/22,10:25:00,14101,14102,14100,14102,130
2014/12/22,10:26:00,14102,14104,14102,14102,133
2014/12/22,10:27:00,14102,14103,14100,14101,167
2014/12/22,10:28:00,14101,14102,14100,14101,97
2014/12/22,10:29:00,14101,14104,14101,14103,138
2014/12/22,10:30:00,14103,14104,14102,14102,135
2014/12/22,10:31:00,14103,14105,14102,14104,231
2014/12/22,10:32:00,14105,14106,14103,14104,197
2014/12/22,10:33:00,14104,14109,14103,14106,396
2014/12/22,10:34:00,14106,14108,14106,14107,104
2014/12/22,10:35:00,14107,14109,14107,14107,162
2014/12/22,10:36:00,14108,14110,14105,14107,447
2014/12/22,10:37:00,14106,14107,14102,14103,288
2014/12/22,10:38:00,14104,14105,14103,14103,192
2014/12/22,10:39:00,14103,14103,14101,14102,174
2014/12/22,10:40:00,14102,14102,14100,14100,187
2014/12/22,10:41:00,14101,14102,14100,14101,113
2014/12/22,10:42:00,14102,14102,14098,14099,410
2014/12/22,10:43:00,14099,14103,14098,14102,278
2014/12/22,10:44:00,14103,14104,14101,14102,119
2014/12/22,10:45:00,14101,14102,14099,14099,181
2014/12/22,10:46:00,14100,14104,14099,14104,283
2014/12/22,10:47:00,14104,14104,14100,14100,109
2014/12/22,10:48:00,14100,14103,14100,14103,139
2014/12/22,10:49:00,14102,14103,14100,14101,77
2014/12/22,10:50:00,14101,14101,14099,14100,112
2014/12/22,10:51:00,14101,14102,14098,14099,319
2014/12/22,10:52:00,14099,14099,14094,14095,467
2014/12/22,10:53:00,14095,14096,14092,14096,493
2014/12/22,10:54:00,14095,14097,14092,14092,226
2014/12/22,10:55:00,14093,14096,14092,14095,179
2014/12/22,10:56:00,14094,14095,14093,14093,91
2014/12/22,10:57:00,14094,14095,14093,14094,107
2014/12/22,10:58:00,14095,14097,14094,14096,140
2014/12/22,10:59:00,14096,14097,14095,14095,110
2014/12/22,11:00:00,14095,14097,14095,14095,63
2014/12/22,11:01:00,14095,14097,14094,14096,140
2014/12/22,11:02:00,14096,14097,14094,14097,202
2014/12/22,11:03:00,14097,14102,14097,14102,373
2014/12/22,11:04:00,14102,14102,14099,14100,115
2014/12/22,11:05:00,14099,14102,14099,14100,139
2014/12/22,11:06:00,14100,14102,14100,14102,110
2014/12/22,11:07:00,14101,14101,14100,14100,96
2014/12/22,11:08:00,14101,14101,14099,14099,78
2014/12/22,11:09:00,14099,14101,14099,14101,99
2014/12/22,11:10:00,14101,14104,14101,14104,188
2014/12/22,11:11:00,14104,14106,14103,14105,278
2014/12/22,11:12:00,14105,14107,14104,14107,267
2014/12/22,11:13:00,14107,14107,14103,14104,172
2014/12/22,11:14:00,14104,14104,14102,14103,107
2014/12/22,11:15:00,14103,14103,14102,14103,53
2014/12/22,11:16:00,14102,14106,14102,14104,229
2014/12/22,11:17:00,14104,14105,14104,14105,24
2014/12/22,11:18:00,14105,14105,14104,14104,58
2014/12/22,11:19:00,14105,14105,14104,14105,42
2014/12/22,11:20:00,14105,14106,14103,14103,133
2014/12/22,11:21:00,14104,14105,14104,14104,50
2014/12/22,11:22:00,14105,14105,14101,14103,240
2014/12/22,11:23:00,14103,14106,14102,14106,195
2014/12/22,11:24:00,14106,14107,14103,14103,241
2014/12/22,11:25:00,14103,14111,14103,14110,482
2014/12/22,11:26:00,14109,14112,14108,14108,547
2014/12/22,11:27:00,14109,14110,14107,14108,209
2014/12/22,11:28:00,14108,14109,14104,14104,234
2014/12/22,11:29:00,14104,14106,14104,14106,86
2014/12/22,11:30:00,14106,14106,14102,14102,148
2014/12/22,11:31:00,14102,14108,14102,14105,247
2014/12/22,11:32:00,14106,14107,14103,14104,114
2014/12/22,11:33:00,14104,14105,14103,14105,51
2014/12/22,11:34:00,14105,14106,14104,14105,31
2014/12/22,11:35:00,14105,14106,14100,14101,316
2014/12/22,11:36:00,14101,14103,14094,14094,708
2014/12/22,11:37:00,14095,14096,14086,14090,1396
2014/12/22,11:38:00,14089,14092,14088,14092,372
2014/12/22,11:39:00,14091,14098,14091,14095,425
2014/12/22,11:40:00,14094,14095,14091,14092,234
2014/12/22,11:41:00,14092,14093,14088,14093,447
2014/12/22,11:42:00,14093,14094,14091,14092,219
2014/12/22,11:43:00,14093,14094,14090,14091,167
2014/12/22,11:44:00,14092,14092,14088,14089,281
2014/12/22,11:45:00,14090,14092,14089,14089,140
2014/12/22,11:46:00,14090,14091,14088,14090,273
2014/12/22,11:47:00,14091,14092,14089,14090,234
2014/12/22,11:48:00,14090,14091,14089,14091,115
2014/12/22,11:49:00,14091,14093,14091,14092,159
2014/12/22,11:50:00,14092,14094,14092,14094,172
2014/12/22,11:51:00,14094,14095,14092,14092,226
2014/12/22,11:52:00,14092,14094,14092,14093,66
2014/12/22,11:53:00,14094,14095,14092,14092,116
2014/12/22,11:54:00,14093,14093,14090,14091,101
2014/12/22,11:55:00,14090,14093,14089,14090,191
2014/12/22,11:56:00,14090,14094,14089,14093,152
2014/12/22,11:57:00,14094,14094,14091,14091,114
2014/12/22,11:58:00,14091,14093,14091,14093,117
2014/12/22,11:59:00,14093,14094,14083,14083,1094
2014/12/22,12:00:00,14083,14086,14082,14085,574
2014/12/22,12:01:00,14085,14091,14083,14089,607
2014/12/22,12:02:00,14088,14089,14088,14088,128
2014/12/22,12:03:00,14088,14089,14086,14089,174
2014/12/22,12:04:00,14088,14092,14087,14092,164
2014/12/22,12:05:00,14091,14095,14091,14094,243
2014/12/22,12:06:00,14094,14095,14092,14093,153
2014/12/22,12:07:00,14093,14094,14093,14093,66
2014/12/22,12:08:00,14094,14095,14093,14094,120
2014/12/22,12:09:00,14095,14096,14094,14095,95
2014/12/22,12:10:00,14096,14096,14093,14093,122
2014/12/22,12:11:00,14094,14094,14092,14093,104
2014/12/22,12:12:00,14093,14094,14092,14093,45
2014/12/22,12:13:00,14093,14094,14092,14094,37
2014/12/22,12:14:00,14094,14096,14094,14095,86
2014/12/22,12:15:00,14095,14096,14094,14096,72
2014/12/22,12:16:00,14096,14099,14096,14098,354
2014/12/22,12:17:00,14098,14099,14097,14099,124
2014/12/22,12:18:00,14099,14100,14097,14097,404
2014/12/22,12:19:00,14098,14099,14097,14098,90
2014/12/22,12:20:00,14097,14098,14096,14097,134
2014/12/22,12:21:00,14097,14097,14094,14094,88
2014/12/22,12:22:00,14095,14099,14094,14098,194
2014/12/22,12:23:00,14097,14099,14097,14099,110
2014/12/22,12:24:00,14098,14099,14097,14098,41
2014/12/22,12:25:00,14098,14099,14098,14099,45
2014/12/22,12:26:00,14099,14100,14098,14099,215
2014/12/22,12:27:00,14098,14098,14096,14096,123
2014/12/22,12:28:00,14096,14098,14096,14098,63
2014/12/22,12:29:00,14097,14098,14097,14098,36
2014/12/22,12:30:00,14098,14099,14097,14099,53
2014/12/22,12:31:00,14099,14102,14097,14102,314
2014/12/22,12:32:00,14102,14102,14099,14099,104
2014/12/22,12:33:00,14098,14100,14098,14099,44
2014/12/22,12:34:00,14099,14100,14099,14100,65
2014/12/22,12:35:00,14100,14101,14100,14101,81
2014/12/22,12:36:00,14101,14101,14100,14101,31
2014/12/22,12:37:00,14101,14101,14099,14100,72
2014/12/22,12:38:00,14100,14101,14099,14101,26
2014/12/22,12:39:00,14101,14101,14097,14098,156
2014/12/22,12:40:00,14097,14098,14096,14097,97
2014/12/22,12:41:00,14097,14098,14096,14098,69
2014/12/22,12:42:00,14098,14099,14098,14098,43
2014/12/22,12:43:00,14099,14101,14099,14099,95
2014/12/22,12:44:00,14099,14102,14098,14101,185
2014/12/22,12:45:00,14101,14104,14101,14102,311
2014/12/22,12:46:00,14103,14105,14102,14104,296
2014/12/22,12:47:00,14105,14106,14104,14106,106
2014/12/22,12:48:00,14105,14109,14105,14108,603
2014/12/22,12:49:00,14107,14110,14106,14106,257
2014/12/22,12:50:00,14106,14107,14104,14104,186
2014/12/22,12:51:00,14104,14105,14104,14105,66
2014/12/22,12:52:00,14105,14106,14105,14106,49
2014/12/22,12:53:00,14106,14107,14105,14106,81
2014/12/22,12:54:00,14106,14107,14104,14105,116
2014/12/22,12:55:00,14104,14105,14103,14103,94
2014/12/22,12:56:00,14104,14104,14103,14103,65
2014/12/22,12:57:00,14104,14105,14103,14105,72
2014/12/22,12:58:00,14104,14106,14104,14106,90
2014/12/22,12:59:00,14106,14107,14105,14106,104
2014/12/22,13:00:00,14106,14108,14106,14107,167
2014/12/22,13:01:00,14106,14109,14106,14109,222
2014/12/22,13:02:00,14109,14109,14106,14107,236
2014/12/22,13:03:00,14107,14110,14107,14109,300
2014/12/22,13:04:00,14110,14111,14107,14107,259
2014/12/22,13:05:00,14107,14107,14101,14101,560
2014/12/22,13:06:00,14101,14102,14098,14099,452
2014/12/22,13:07:00,14099,14103,14099,14103,220
2014/12/22,13:08:00,14102,14103,14101,14101,77
2014/12/22,13:09:00,14102,14103,14101,14103,90
2014/12/22,13:10:00,14103,14103,14102,14102,58
2014/12/22,13:11:00,14102,14103,14100,14101,205
2014/12/22,13:12:00,14101,14103,14101,14102,99
2014/12/22,13:13:00,14103,14103,14101,14102,97
2014/12/22,13:14:00,14102,14102,14101,14102,95
2014/12/22,13:15:00,14102,14103,14102,14103,78
2014/12/22,13:16:00,14103,14103,14101,14103,259
2014/12/22,13:17:00,14103,14107,14102,14107,241
2014/12/22,13:18:00,14107,14109,14106,14108,384
2014/12/22,13:19:00,14108,14110,14107,14109,338
2014/12/22,13:20:00,14109,14111,14109,14110,288
2014/12/22,13:21:00,14111,14114,14110,14114,459
2014/12/22,13:22:00,14114,14114,14111,14112,368
2014/12/22,13:23:00,14111,14112,14109,14110,257
2014/12/22,13:24:00,14110,14114,14110,14113,403
2014/12/22,13:25:00,14113,14115,14112,14115,299
2014/12/22,13:26:00,14115,14118,14113,14116,900
2014/12/22,13:27:00,14116,14117,14115,14116,357
2014/12/22,13:28:00,14116,14117,14115,14116,325
2014/12/22,13:29:00,14116,14118,14116,14118,271
2014/12/22,13:30:00,14118,14119,14116,14119,492
2014/12/22,13:31:00,14118,14119,14114,14114,961
2014/12/22,13:32:00,14115,14115,14111,14112,593
2014/12/22,13:33:00,14111,14113,14110,14112,245
2014/12/22,13:34:00,14112,14113,14110,14111,388
2014/12/22,13:35:00,14110,14111,14108,14111,353
2014/12/22,13:36:00,14111,14111,14109,14110,475
2014/12/22,13:37:00,14110,14111,14108,14110,416
2014/12/22,13:38:00,14111,14115,14110,14114,474
2014/12/22,13:39:00,14114,14115,14113,14115,260
2014/12/22,13:40:00,14114,14114,14111,14112,293
2014/12/22,13:41:00,14111,14112,14110,14111,395
2014/12/22,13:42:00,14111,14112,14109,14110,439
2014/12/22,13:43:00,14110,14113,14109,14113,459
2014/12/22,13:44:00,14113,14115,14111,14115,636
2014/12/22,13:45:00,14115,14115,14112,14115,1213
