Date,Time,Open,High,Low,Close,Volume
2002/06/06,08:50:00,5931,5931,5890,5897,599
2002/06/06,08:55:00,5897,5901,5885,5885,253
2002/06/06,09:00:00,5883,5883,5864,5873,377
2002/06/06,09:05:00,5874,5883,5868,5869,449
2002/06/06,09:10:00,5869,5869,5841,5841,766
2002/06/06,09:15:00,5842,5863,5842,5861,433
2002/06/06,09:20:00,5861,5876,5861,5868,322
2002/06/06,09:25:00,5868,5883,5868,5873,249
2002/06/06,09:30:00,5873,5873,5866,5873,181
2002/06/06,09:35:00,5873,5884,5869,5871,220
2002/06/06,09:40:00,5876,5888,5871,5888,224
2002/06/06,09:45:00,5889,5893,5881,5893,267
2002/06/06,09:50:00,5895,5897,5886,5886,353
2002/06/06,09:55:00,5885,5893,5883,5891,178
2002/06/06,10:00:00,5891,5892,5883,5883,121
2002/06/06,10:05:00,5882,5890,5882,5890,174
2002/06/06,10:10:00,5888,5918,5888,5916,535
2002/06/06,10:15:00,5916,5919,5911,5919,400
2002/06/06,10:20:00,5920,5930,5918,5918,553
2002/06/06,10:25:00,5917,5920,5903,5907,268
2002/06/06,10:30:00,5905,5905,5900,5903,174
2002/06/06,10:35:00,5902,5908,5898,5908,261
2002/06/06,10:40:00,5905,5908,5901,5907,114
2002/06/06,10:45:00,5907,5908,5903,5903,150
2002/06/06,10:50:00,5904,5904,5898,5901,130
2002/06/06,10:55:00,5900,5901,5898,5901,134
2002/06/06,11:00:00,5903,5903,5898,5898,151
2002/06/06,11:05:00,5898,5902,5892,5897,191
2002/06/06,11:10:00,5899,5900,5893,5898,198
2002/06/06,11:15:00,5898,5910,5898,5903,184
2002/06/06,11:20:00,5908,5911,5902,5904,116
2002/06/06,11:25:00,5904,5907,5903,5907,56
2002/06/06,11:30:00,5907,5910,5904,5908,61
2002/06/06,11:35:00,5908,5908,5899,5902,93
2002/06/06,11:40:00,5902,5902,5888,5888,145
2002/06/06,11:45:00,5884,5892,5883,5888,251
2002/06/06,11:50:00,5885,5888,5877,5884,296
2002/06/06,11:55:00,5883,5886,5883,5883,70
2002/06/06,12:00:00,5888,5890,5882,5885,104
2002/06/06,12:05:00,5886,5890,5884,5890,52
2002/06/06,12:10:00,5890,5891,5882,5886,114
2002/06/06,12:15:00,5881,5886,5863,5863,367
2002/06/06,12:20:00,5863,5872,5862,5868,219
2002/06/06,12:25:00,5869,5873,5866,5871,122
2002/06/06,12:30:00,5870,5881,5870,5878,108
2002/06/06,12:35:00,5881,5882,5878,5881,103
2002/06/06,12:40:00,5880,5885,5878,5881,105
2002/06/06,12:45:00,5880,5885,5879,5879,72
2002/06/06,12:50:00,5880,5890,5880,5883,98
2002/06/06,12:55:00,5884,5898,5883,5898,192
2002/06/06,13:00:00,5893,5897,5888,5888,100
2002/06/06,13:05:00,5888,5888,5873,5874,167
2002/06/06,13:10:00,5875,5875,5868,5875,178
2002/06/06,13:15:00,5871,5876,5860,5873,316
2002/06/06,13:20:00,5875,5882,5868,5879,155
2002/06/06,13:25:00,5879,5883,5868,5868,147
2002/06/06,13:30:00,5868,5870,5860,5860,338
2002/06/06,13:35:00,5859,5872,5859,5860,374
2002/06/06,13:40:00,5860,5868,5860,5865,301
2002/06/06,13:45:00,5868,5868,5859,5859,386
