Date,Time,Open,High,Low,Close,Volume
2021/03/22,08:46:00,16018,16022,16004,16019,1791
2021/03/22,08:47:00,16018,16020,16000,16002,864
2021/03/22,08:48:00,16000,16005,15975,15992,1183
2021/03/22,08:49:00,15992,15999,15989,15994,342
2021/03/22,08:50:00,15994,15998,15987,15990,215
2021/03/22,08:51:00,15990,15992,15985,15985,247
2021/03/22,08:52:00,15986,15992,15979,15991,495
2021/03/22,08:53:00,15989,15994,15988,15992,166
2021/03/22,08:54:00,15992,15993,15982,15987,171
2021/03/22,08:55:00,15985,15985,15978,15981,247
2021/03/22,08:56:00,15982,15994,15980,15983,322
2021/03/22,08:57:00,15984,15989,15982,15987,125
2021/03/22,08:58:00,15985,15987,15979,15984,275
2021/03/22,08:59:00,15983,15995,15980,15991,390
2021/03/22,09:00:00,15991,15994,15985,15991,248
2021/03/22,09:01:00,15993,15997,15979,15990,1231
2021/03/22,09:02:00,15992,15998,15978,15996,808
2021/03/22,09:03:00,15996,16000,15983,15984,708
2021/03/22,09:04:00,15984,15991,15983,15986,394
2021/03/22,09:05:00,15986,15998,15984,15996,335
2021/03/22,09:06:00,15994,16015,15992,16013,979
2021/03/22,09:07:00,16014,16019,16009,16012,853
2021/03/22,09:08:00,16013,16024,16003,16003,758
2021/03/22,09:09:00,16004,16007,15996,16004,446
2021/03/22,09:10:00,16005,16015,15997,15998,505
2021/03/22,09:11:00,15999,16003,15982,15984,738
2021/03/22,09:12:00,15984,15990,15982,15983,473
2021/03/22,09:13:00,15983,15989,15961,15967,2042
2021/03/22,09:14:00,15967,15969,15950,15952,1608
2021/03/22,09:15:00,15954,15962,15944,15948,1380
2021/03/22,09:16:00,15948,15948,15916,15937,3523
2021/03/22,09:17:00,15937,15943,15923,15929,1081
2021/03/22,09:18:00,15930,15940,15922,15925,797
2021/03/22,09:19:00,15924,15929,15917,15921,809
2021/03/22,09:20:00,15920,15921,15911,15917,1135
2021/03/22,09:21:00,15917,15929,15913,15927,830
2021/03/22,09:22:00,15928,15938,15923,15935,831
2021/03/22,09:23:00,15935,15937,15923,15930,476
2021/03/22,09:24:00,15931,15933,15913,15932,699
2021/03/22,09:25:00,15932,15943,15929,15936,746
2021/03/22,09:26:00,15936,15944,15934,15939,556
2021/03/22,09:27:00,15939,15949,15936,15949,785
2021/03/22,09:28:00,15949,15977,15947,15966,1640
2021/03/22,09:29:00,15966,15970,15961,15966,570
2021/03/22,09:30:00,15966,15976,15958,15974,732
2021/03/22,09:31:00,15974,15980,15966,15968,875
2021/03/22,09:32:00,15968,15985,15967,15974,883
2021/03/22,09:33:00,15974,15978,15965,15971,424
2021/03/22,09:34:00,15970,15975,15962,15965,465
2021/03/22,09:35:00,15963,15975,15957,15974,702
2021/03/22,09:36:00,15973,16000,15972,15998,1481
2021/03/22,09:37:00,15998,16040,15997,16028,2863
2021/03/22,09:38:00,16030,16035,16028,16033,1143
2021/03/22,09:39:00,16035,16037,16024,16029,722
2021/03/22,09:40:00,16028,16049,16026,16049,1271
2021/03/22,09:41:00,16049,16058,16040,16043,886
2021/03/22,09:42:00,16044,16058,16044,16053,711
2021/03/22,09:43:00,16055,16058,16050,16055,683
2021/03/22,09:44:00,16055,16063,16054,16058,744
2021/03/22,09:45:00,16056,16079,16053,16077,1566
2021/03/22,09:46:00,16078,16142,16078,16125,5697
2021/03/22,09:47:00,16125,16128,16113,16119,1311
2021/03/22,09:48:00,16118,16127,16113,16126,982
2021/03/22,09:49:00,16125,16131,16121,16123,961
2021/03/22,09:50:00,16123,16134,16116,16131,1175
2021/03/22,09:51:00,16131,16133,16111,16116,951
2021/03/22,09:52:00,16115,16126,16109,16109,615
2021/03/22,09:53:00,16109,16116,16104,16116,721
2021/03/22,09:54:00,16114,16119,16106,16109,608
2021/03/22,09:55:00,16108,16111,16101,16109,706
2021/03/22,09:56:00,16110,16129,16108,16125,1041
2021/03/22,09:57:00,16124,16127,16108,16117,421
2021/03/22,09:58:00,16119,16125,16109,16111,410
2021/03/22,09:59:00,16112,16117,16103,16104,506
2021/03/22,10:00:00,16103,16109,16077,16102,1437
2021/03/22,10:01:00,16103,16115,16097,16103,807
2021/03/22,10:02:00,16104,16104,16085,16087,656
2021/03/22,10:03:00,16088,16088,16068,16074,1060
2021/03/22,10:04:00,16074,16076,16063,16072,898
2021/03/22,10:05:00,16071,16078,16069,16073,402
2021/03/22,10:06:00,16073,16079,16070,16076,495
2021/03/22,10:07:00,16076,16085,16074,16085,535
2021/03/22,10:08:00,16085,16087,16076,16080,294
2021/03/22,10:09:00,16082,16090,16081,16087,304
2021/03/22,10:10:00,16087,16089,16077,16089,231
2021/03/22,10:11:00,16089,16090,16081,16087,215
2021/03/22,10:12:00,16087,16091,16079,16088,352
2021/03/22,10:13:00,16087,16088,16075,16080,247
2021/03/22,10:14:00,16082,16096,16081,16096,430
2021/03/22,10:15:00,16095,16105,16093,16105,416
2021/03/22,10:16:00,16105,16112,16103,16103,759
2021/03/22,10:17:00,16103,16108,16096,16108,256
2021/03/22,10:18:00,16108,16117,16108,16113,459
2021/03/22,10:19:00,16113,16114,16104,16111,261
2021/03/22,10:20:00,16112,16112,16105,16106,146
2021/03/22,10:21:00,16107,16119,16106,16112,437
2021/03/22,10:22:00,16112,16116,16107,16113,224
2021/03/22,10:23:00,16114,16118,16110,16114,216
2021/03/22,10:24:00,16114,16117,16105,16106,278
2021/03/22,10:25:00,16107,16112,16104,16107,145
2021/03/22,10:26:00,16108,16117,16094,16098,464
2021/03/22,10:27:00,16098,16101,16084,16084,564
2021/03/22,10:28:00,16084,16102,16083,16098,238
2021/03/22,10:29:00,16099,16115,16096,16113,387
2021/03/22,10:30:00,16114,16118,16106,16111,431
2021/03/22,10:31:00,16111,16128,16111,16124,964
2021/03/22,10:32:00,16125,16127,16118,16123,340
2021/03/22,10:33:00,16122,16123,16108,16116,414
2021/03/22,10:34:00,16117,16119,16110,16116,200
2021/03/22,10:35:00,16117,16125,16115,16122,219
2021/03/22,10:36:00,16122,16133,16122,16130,768
2021/03/22,10:37:00,16130,16131,16116,16120,526
2021/03/22,10:38:00,16119,16128,16119,16128,266
2021/03/22,10:39:00,16127,16127,16117,16120,226
2021/03/22,10:40:00,16121,16122,16116,16120,209
2021/03/22,10:41:00,16118,16126,16112,16112,279
2021/03/22,10:42:00,16113,16116,16096,16107,738
2021/03/22,10:43:00,16107,16110,16104,16108,195
2021/03/22,10:44:00,16107,16108,16096,16098,307
2021/03/22,10:45:00,16097,16103,16094,16102,484
2021/03/22,10:46:00,16102,16103,16081,16087,914
2021/03/22,10:47:00,16087,16089,16083,16086,199
2021/03/22,10:48:00,16085,16085,16081,16084,270
2021/03/22,10:49:00,16084,16098,16082,16088,594
2021/03/22,10:50:00,16088,16090,16081,16081,208
2021/03/22,10:51:00,16080,16088,16079,16083,399
2021/03/22,10:52:00,16083,16088,16077,16087,357
2021/03/22,10:53:00,16087,16090,16079,16084,248
2021/03/22,10:54:00,16084,16088,16078,16078,328
2021/03/22,10:55:00,16078,16087,16072,16084,419
2021/03/22,10:56:00,16084,16084,16073,16074,318
2021/03/22,10:57:00,16075,16086,16074,16084,244
2021/03/22,10:58:00,16084,16092,16084,16089,310
2021/03/22,10:59:00,16087,16095,16087,16093,262
2021/03/22,11:00:00,16095,16097,16088,16091,188
2021/03/22,11:01:00,16089,16089,16056,16070,1516
2021/03/22,11:02:00,16070,16071,16061,16066,518
2021/03/22,11:03:00,16065,16074,16064,16071,255
2021/03/22,11:04:00,16070,16074,16065,16072,245
2021/03/22,11:05:00,16072,16080,16071,16079,307
2021/03/22,11:06:00,16079,16084,16067,16068,324
2021/03/22,11:07:00,16069,16085,16067,16083,246
2021/03/22,11:08:00,16084,16097,16083,16097,434
2021/03/22,11:09:00,16095,16102,16095,16098,470
2021/03/22,11:10:00,16100,16106,16099,16106,300
2021/03/22,11:11:00,16106,16107,16102,16104,251
2021/03/22,11:12:00,16104,16109,16103,16105,190
2021/03/22,11:13:00,16106,16113,16104,16106,282
2021/03/22,11:14:00,16106,16107,16102,16102,262
2021/03/22,11:15:00,16102,16107,16098,16107,188
2021/03/22,11:16:00,16107,16109,16102,16106,133
2021/03/22,11:17:00,16106,16106,16100,16103,156
2021/03/22,11:18:00,16103,16104,16098,16100,167
2021/03/22,11:19:00,16099,16103,16095,16101,160
2021/03/22,11:20:00,16101,16102,16097,16098,95
2021/03/22,11:21:00,16099,16108,16099,16108,168
2021/03/22,11:22:00,16109,16112,16103,16107,212
2021/03/22,11:23:00,16108,16110,16104,16110,105
2021/03/22,11:24:00,16110,16110,16101,16103,152
2021/03/22,11:25:00,16101,16104,16091,16102,314
2021/03/22,11:26:00,16103,16118,16103,16111,506
2021/03/22,11:27:00,16112,16116,16106,16108,133
2021/03/22,11:28:00,16109,16111,16105,16110,147
2021/03/22,11:29:00,16110,16112,16105,16105,52
2021/03/22,11:30:00,16107,16110,16104,16108,117
2021/03/22,11:31:00,16109,16113,16109,16110,166
2021/03/22,11:32:00,16110,16110,16096,16101,219
2021/03/22,11:33:00,16102,16102,16095,16097,125
2021/03/22,11:34:00,16098,16105,16098,16103,97
2021/03/22,11:35:00,16101,16102,16096,16097,69
2021/03/22,11:36:00,16099,16099,16094,16099,96
2021/03/22,11:37:00,16099,16102,16097,16097,74
2021/03/22,11:38:00,16096,16103,16090,16103,221
2021/03/22,11:39:00,16103,16110,16103,16106,137
2021/03/22,11:40:00,16106,16106,16102,16104,51
2021/03/22,11:41:00,16106,16113,16105,16111,175
2021/03/22,11:42:00,16112,16115,16110,16114,215
2021/03/22,11:43:00,16115,16117,16113,16116,156
2021/03/22,11:44:00,16116,16117,16110,16111,135
2021/03/22,11:45:00,16110,16117,16109,16117,185
2021/03/22,11:46:00,16117,16120,16110,16114,390
2021/03/22,11:47:00,16112,16115,16110,16111,139
2021/03/22,11:48:00,16111,16114,16106,16109,175
2021/03/22,11:49:00,16109,16112,16108,16111,79
2021/03/22,11:50:00,16111,16113,16109,16110,49
2021/03/22,11:51:00,16110,16110,16106,16107,108
2021/03/22,11:52:00,16107,16108,16105,16106,128
2021/03/22,11:53:00,16105,16106,16100,16101,180
2021/03/22,11:54:00,16101,16105,16097,16104,163
2021/03/22,11:55:00,16104,16104,16095,16095,161
2021/03/22,11:56:00,16095,16098,16094,16096,128
2021/03/22,11:57:00,16095,16099,16091,16098,185
2021/03/22,11:58:00,16099,16102,16095,16097,170
2021/03/22,11:59:00,16097,16100,16097,16100,83
2021/03/22,12:00:00,16100,16100,16097,16098,64
2021/03/22,12:01:00,16099,16108,16099,16108,206
2021/03/22,12:02:00,16108,16108,16105,16105,125
2021/03/22,12:03:00,16105,16106,16099,16104,90
2021/03/22,12:04:00,16103,16107,16103,16106,43
2021/03/22,12:05:00,16104,16106,16097,16097,78
2021/03/22,12:06:00,16096,16100,16080,16096,590
2021/03/22,12:07:00,16097,16098,16090,16091,131
2021/03/22,12:08:00,16091,16092,16089,16092,101
2021/03/22,12:09:00,16092,16102,16089,16102,133
2021/03/22,12:10:00,16100,16103,16099,16103,65
2021/03/22,12:11:00,16103,16108,16102,16106,218
2021/03/22,12:12:00,16105,16114,16105,16111,260
2021/03/22,12:13:00,16110,16111,16106,16108,140
2021/03/22,12:14:00,16109,16112,16107,16110,100
2021/03/22,12:15:00,16111,16115,16110,16114,204
2021/03/22,12:16:00,16114,16118,16112,16114,235
2021/03/22,12:17:00,16113,16114,16111,16112,73
2021/03/22,12:18:00,16113,16116,16112,16113,141
2021/03/22,12:19:00,16115,16127,16115,16126,706
2021/03/22,12:20:00,16126,16129,16125,16128,296
2021/03/22,12:21:00,16128,16150,16127,16143,2114
2021/03/22,12:22:00,16144,16151,16144,16150,829
2021/03/22,12:23:00,16150,16154,16146,16148,606
2021/03/22,12:24:00,16148,16151,16146,16149,176
2021/03/22,12:25:00,16149,16150,16147,16148,123
2021/03/22,12:26:00,16148,16152,16147,16152,252
2021/03/22,12:27:00,16150,16153,16143,16145,334
2021/03/22,12:28:00,16145,16149,16145,16147,99
2021/03/22,12:29:00,16147,16149,16144,16147,169
2021/03/22,12:30:00,16148,16149,16142,16143,183
2021/03/22,12:31:00,16144,16148,16143,16147,154
2021/03/22,12:32:00,16148,16150,16145,16146,152
2021/03/22,12:33:00,16146,16149,16144,16149,100
2021/03/22,12:34:00,16149,16160,16149,16154,994
2021/03/22,12:35:00,16154,16157,16147,16147,251
2021/03/22,12:36:00,16148,16150,16147,16148,100
2021/03/22,12:37:00,16148,16149,16143,16145,146
2021/03/22,12:38:00,16145,16151,16145,16151,126
2021/03/22,12:39:00,16151,16152,16147,16152,78
2021/03/22,12:40:00,16152,16155,16151,16155,221
2021/03/22,12:41:00,16154,16155,16146,16148,147
2021/03/22,12:42:00,16148,16150,16146,16147,58
2021/03/22,12:43:00,16149,16149,16142,16147,248
2021/03/22,12:44:00,16146,16149,16146,16148,38
2021/03/22,12:45:00,16148,16150,16146,16149,66
2021/03/22,12:46:00,16147,16151,16142,16146,203
2021/03/22,12:47:00,16146,16150,16143,16144,102
2021/03/22,12:48:00,16145,16148,16144,16145,49
2021/03/22,12:49:00,16145,16148,16145,16146,32
2021/03/22,12:50:00,16147,16150,16147,16149,56
2021/03/22,12:51:00,16148,16150,16141,16142,178
2021/03/22,12:52:00,16142,16143,16133,16137,444
2021/03/22,12:53:00,16137,16145,16137,16145,158
2021/03/22,12:54:00,16146,16150,16144,16150,106
2021/03/22,12:55:00,16149,16154,16146,16151,228
2021/03/22,12:56:00,16151,16154,16150,16153,143
2021/03/22,12:57:00,16152,16157,16152,16155,221
2021/03/22,12:58:00,16153,16156,16150,16152,136
2021/03/22,12:59:00,16153,16156,16150,16153,99
2021/03/22,13:00:00,16152,16152,16144,16150,208
2021/03/22,13:01:00,16149,16156,16147,16152,192
2021/03/22,13:02:00,16153,16153,16143,16151,191
2021/03/22,13:03:00,16151,16154,16148,16153,98
2021/03/22,13:04:00,16151,16152,16148,16150,51
2021/03/22,13:05:00,16150,16151,16148,16151,56
2021/03/22,13:06:00,16151,16155,16150,16155,93
2021/03/22,13:07:00,16155,16159,16153,16157,369
2021/03/22,13:08:00,16156,16167,16154,16165,912
2021/03/22,13:09:00,16165,16170,16165,16170,404
2021/03/22,13:10:00,16170,16172,16163,16165,493
2021/03/22,13:11:00,16164,16165,16151,16156,573
2021/03/22,13:12:00,16156,16165,16155,16162,174
2021/03/22,13:13:00,16163,16165,16161,16164,171
2021/03/22,13:14:00,16165,16166,16162,16166,116
2021/03/22,13:15:00,16167,16171,16166,16168,207
2021/03/22,13:16:00,16169,16174,16167,16172,271
2021/03/22,13:17:00,16172,16173,16168,16170,350
2021/03/22,13:18:00,16168,16168,16165,16166,178
2021/03/22,13:19:00,16166,16168,16161,16162,226
2021/03/22,13:20:00,16162,16165,16162,16164,65
2021/03/22,13:21:00,16163,16163,16158,16160,354
2021/03/22,13:22:00,16160,16163,16160,16160,84
2021/03/22,13:23:00,16161,16161,16159,16159,67
2021/03/22,13:24:00,16160,16160,16156,16158,177
2021/03/22,13:25:00,16158,16161,16158,16158,136
2021/03/22,13:26:00,16158,16158,16147,16153,889
2021/03/22,13:27:00,16153,16165,16150,16153,519
2021/03/22,13:28:00,16155,16157,16150,16153,280
2021/03/22,13:29:00,16151,16154,16149,16151,368
2021/03/22,13:30:00,16151,16154,16135,16136,1014
2021/03/22,13:31:00,16136,16142,16132,16141,928
2021/03/22,13:32:00,16140,16142,16136,16137,298
2021/03/22,13:33:00,16137,16142,16136,16137,266
2021/03/22,13:34:00,16136,16141,16135,16136,337
2021/03/22,13:35:00,16135,16137,16133,16134,349
2021/03/22,13:36:00,16133,16141,16131,16137,489
2021/03/22,13:37:00,16136,16138,16135,16138,320
2021/03/22,13:38:00,16138,16138,16135,16135,202
2021/03/22,13:39:00,16136,16137,16133,16136,198
2021/03/22,13:40:00,16135,16137,16129,16137,713
2021/03/22,13:41:00,16137,16137,16133,16137,295
2021/03/22,13:42:00,16136,16137,16133,16135,220
2021/03/22,13:43:00,16135,16138,16132,16137,452
2021/03/22,13:44:00,16136,16137,16133,16133,295
2021/03/22,13:45:00,16135,16140,16134,16140,745
