Date,Time,Open,High,Low,Close,Volume
2005/12/29,08:50:00,7526,7545,7526,7544,520
2005/12/29,08:55:00,7545,7551,7538,7549,574
2005/12/29,09:00:00,7549,7555,7548,7551,531
2005/12/29,09:05:00,7551,7561,7547,7559,756
2005/12/29,09:10:00,7555,7559,7547,7547,581
2005/12/29,09:15:00,7547,7553,7543,7551,585
2005/12/29,09:20:00,7551,7556,7550,7555,297
2005/12/29,09:25:00,7555,7556,7547,7549,644
2005/12/29,09:30:00,7548,7551,7548,7550,150
2005/12/29,09:35:00,7549,7557,7549,7557,360
2005/12/29,09:40:00,7558,7581,7557,7573,1472
2005/12/29,09:45:00,7574,7595,7573,7595,1890
2005/12/29,09:50:00,7595,7606,7588,7590,1456
2005/12/29,09:55:00,7591,7591,7586,7586,496
2005/12/29,10:00:00,7586,7588,7583,7585,413
2005/12/29,10:05:00,7584,7592,7584,7591,557
2005/12/29,10:10:00,7592,7595,7588,7590,388
2005/12/29,10:15:00,7589,7616,7589,7612,1442
2005/12/29,10:20:00,7614,7614,7603,7603,905
2005/12/29,10:25:00,7603,7604,7594,7599,494
2005/12/29,10:30:00,7598,7601,7595,7601,278
2005/12/29,10:35:00,7599,7601,7593,7600,364
2005/12/29,10:40:00,7600,7604,7599,7603,221
2005/12/29,10:45:00,7602,7611,7602,7607,397
2005/12/29,10:50:00,7608,7608,7594,7595,294
2005/12/29,10:55:00,7594,7597,7583,7588,616
2005/12/29,11:00:00,7588,7603,7585,7603,403
2005/12/29,11:05:00,7600,7604,7591,7591,328
2005/12/29,11:10:00,7590,7596,7586,7596,275
2005/12/29,11:15:00,7596,7603,7596,7600,233
2005/12/29,11:20:00,7599,7603,7596,7600,198
2005/12/29,11:25:00,7600,7608,7598,7606,412
2005/12/29,11:30:00,7607,7607,7601,7603,176
2005/12/29,11:35:00,7602,7608,7601,7602,245
2005/12/29,11:40:00,7602,7603,7589,7596,390
2005/12/29,11:45:00,7597,7601,7593,7597,158
2005/12/29,11:50:00,7597,7599,7597,7599,57
2005/12/29,11:55:00,7598,7599,7594,7598,297
2005/12/29,12:00:00,7598,7599,7594,7595,204
2005/12/29,12:05:00,7596,7603,7596,7603,138
2005/12/29,12:10:00,7603,7605,7596,7603,168
2005/12/29,12:15:00,7601,7605,7601,7601,170
2005/12/29,12:20:00,7600,7602,7592,7593,207
2005/12/29,12:25:00,7592,7598,7591,7594,242
2005/12/29,12:30:00,7594,7604,7594,7601,259
2005/12/29,12:35:00,7598,7605,7597,7603,179
2005/12/29,12:40:00,7602,7603,7593,7593,327
2005/12/29,12:45:00,7593,7593,7576,7578,711
2005/12/29,12:50:00,7578,7584,7572,7581,817
2005/12/29,12:55:00,7581,7585,7577,7577,377
2005/12/29,13:00:00,7577,7581,7576,7576,399
2005/12/29,13:05:00,7576,7579,7566,7575,936
2005/12/29,13:10:00,7575,7581,7570,7575,538
2005/12/29,13:15:00,7574,7577,7571,7575,265
2005/12/29,13:20:00,7575,7581,7574,7578,326
2005/12/29,13:25:00,7578,7587,7578,7587,437
2005/12/29,13:30:00,7586,7587,7578,7582,443
2005/12/29,13:35:00,7582,7587,7574,7584,861
2005/12/29,13:40:00,7585,7586,7579,7582,702
2005/12/29,13:45:00,7582,7582,7576,7576,662
