Date,Time,Open,High,Low,Close,Volume
2003/01/02,08:50:00,4885,4890,4874,4876,252
2003/01/02,08:55:00,4875,4876,4857,4861,275
2003/01/02,09:00:00,4862,4869,4861,4869,130
2003/01/02,09:05:00,4869,4874,4855,4859,452
2003/01/02,09:10:00,4857,4869,4857,4867,192
2003/01/02,09:15:00,4867,4889,4864,4885,261
2003/01/02,09:20:00,4889,4908,4885,4907,540
2003/01/02,09:25:00,4905,4913,4900,4913,606
2003/01/02,09:30:00,4908,4922,4906,4914,638
2003/01/02,09:35:00,4914,4917,4905,4909,356
2003/01/02,09:40:00,4909,4912,4904,4906,243
2003/01/02,09:45:00,4906,4917,4904,4915,482
2003/01/02,09:50:00,4915,4919,4909,4910,578
2003/01/02,09:55:00,4910,4911,4904,4906,194
2003/01/02,10:00:00,4905,4912,4904,4909,107
2003/01/02,10:05:00,4908,4915,4908,4915,153
2003/01/02,10:10:00,4915,4919,4914,4919,227
2003/01/02,10:15:00,4919,4931,4918,4927,835
2003/01/02,10:20:00,4926,4929,4920,4922,388
2003/01/02,10:25:00,4922,4924,4918,4924,235
2003/01/02,10:30:00,4923,4924,4917,4918,162
2003/01/02,10:35:00,4919,4924,4919,4924,130
2003/01/02,10:40:00,4924,4930,4924,4925,369
2003/01/02,10:45:00,4925,4929,4914,4916,292
2003/01/02,10:50:00,4915,4919,4908,4913,246
2003/01/02,10:55:00,4909,4919,4909,4919,122
2003/01/02,11:00:00,4917,4919,4914,4918,57
2003/01/02,11:05:00,4916,4919,4914,4917,111
2003/01/02,11:10:00,4918,4918,4909,4910,137
2003/01/02,11:15:00,4910,4918,4910,4917,125
2003/01/02,11:20:00,4917,4924,4915,4924,146
2003/01/02,11:25:00,4922,4924,4917,4917,127
2003/01/02,11:30:00,4919,4920,4915,4917,88
2003/01/02,11:35:00,4918,4921,4917,4921,79
2003/01/02,11:40:00,4919,4924,4919,4924,146
2003/01/02,11:45:00,4924,4925,4919,4922,158
2003/01/02,11:50:00,4923,4924,4921,4921,101
2003/01/02,11:55:00,4921,4926,4921,4925,128
2003/01/02,12:00:00,4926,4929,4922,4927,207
2003/01/02,12:05:00,4928,4929,4925,4929,147
2003/01/02,12:10:00,4929,4943,4929,4943,592
2003/01/02,12:15:00,4942,4949,4941,4947,433
2003/01/02,12:20:00,4947,4949,4943,4944,230
2003/01/02,12:25:00,4944,4947,4938,4942,231
2003/01/02,12:30:00,4942,4959,4942,4952,596
2003/01/02,12:35:00,4948,4953,4940,4944,184
2003/01/02,12:40:00,4943,4949,4939,4948,154
2003/01/02,12:45:00,4949,4950,4940,4944,151
2003/01/02,12:50:00,4944,4947,4942,4945,160
2003/01/02,12:55:00,4945,4945,4938,4941,185
2003/01/02,13:00:00,4940,4943,4937,4943,153
2003/01/02,13:05:00,4943,4943,4938,4942,130
2003/01/02,13:10:00,4942,4943,4939,4941,96
2003/01/02,13:15:00,4942,4946,4939,4939,220
2003/01/02,13:20:00,4939,4942,4935,4936,192
2003/01/02,13:25:00,4937,4940,4930,4939,238
2003/01/02,13:30:00,4937,4939,4935,4937,109
2003/01/02,13:35:00,4937,4937,4931,4931,315
2003/01/02,13:40:00,4932,4934,4930,4931,270
2003/01/02,13:45:00,4931,4931,4926,4926,400
