Date,Time,Open,High,Low,Close,Volume
2004/07/14,08:46:00,6343,6348,6330,6333,270
2004/07/14,08:47:00,6338,6345,6332,6345,176
2004/07/14,08:48:00,6343,6345,6340,6342,116
2004/07/14,08:49:00,6340,6342,6337,6340,130
2004/07/14,08:50:00,6340,6348,6339,6348,120
2004/07/14,08:51:00,6347,6360,6345,6359,143
2004/07/14,08:52:00,6358,6365,6357,6363,122
2004/07/14,08:53:00,6363,6363,6356,6363,154
2004/07/14,08:54:00,6363,6363,6361,6361,54
2004/07/14,08:55:00,6362,6366,6360,6365,130
2004/07/14,08:56:00,6365,6374,6365,6374,251
2004/07/14,08:57:00,6372,6382,6372,6378,274
2004/07/14,08:58:00,6376,6380,6372,6372,319
2004/07/14,08:59:00,6371,6374,6369,6371,186
2004/07/14,09:00:00,6370,6375,6370,6372,124
2004/07/14,09:01:00,6372,6375,6366,6370,207
2004/07/14,09:02:00,6368,6370,6362,6369,208
2004/07/14,09:03:00,6365,6375,6364,6371,124
2004/07/14,09:04:00,6370,6377,6368,6368,149
2004/07/14,09:05:00,6368,6373,6362,6363,174
2004/07/14,09:06:00,6361,6362,6349,6353,485
2004/07/14,09:07:00,6354,6359,6352,6355,168
2004/07/14,09:08:00,6355,6356,6342,6345,316
2004/07/14,09:09:00,6342,6353,6342,6352,213
2004/07/14,09:10:00,6351,6354,6350,6351,153
2004/07/14,09:11:00,6351,6359,6351,6359,155
2004/07/14,09:12:00,6359,6369,6358,6362,184
2004/07/14,09:13:00,6364,6365,6361,6362,115
2004/07/14,09:14:00,6363,6365,6362,6365,113
2004/07/14,09:15:00,6362,6372,6362,6372,217
2004/07/14,09:16:00,6370,6371,6367,6370,138
2004/07/14,09:17:00,6370,6374,6370,6371,160
2004/07/14,09:18:00,6372,6377,6371,6375,194
2004/07/14,09:19:00,6377,6378,6373,6375,168
2004/07/14,09:20:00,6373,6375,6367,6368,123
2004/07/14,09:21:00,6367,6370,6365,6366,68
2004/07/14,09:22:00,6366,6369,6365,6367,40
2004/07/14,09:23:00,6368,6374,6367,6371,104
2004/07/14,09:24:00,6373,6374,6368,6370,88
2004/07/14,09:25:00,6371,6371,6360,6360,131
2004/07/14,09:26:00,6361,6367,6360,6366,62
2004/07/14,09:27:00,6366,6369,6365,6366,67
2004/07/14,09:28:00,6365,6367,6363,6363,45
2004/07/14,09:29:00,6364,6370,6362,6370,79
2004/07/14,09:30:00,6370,6370,6366,6366,42
2004/07/14,09:31:00,6366,6367,6362,6363,67
2004/07/14,09:32:00,6363,6365,6362,6364,47
2004/07/14,09:33:00,6363,6365,6358,6358,87
2004/07/14,09:34:00,6359,6360,6350,6352,288
2004/07/14,09:35:00,6352,6355,6349,6354,265
2004/07/14,09:36:00,6354,6357,6352,6356,80
2004/07/14,09:37:00,6357,6359,6355,6357,70
2004/07/14,09:38:00,6355,6359,6353,6356,87
2004/07/14,09:39:00,6356,6359,6356,6357,50
2004/07/14,09:40:00,6357,6360,6356,6360,69
2004/07/14,09:41:00,6360,6362,6358,6360,81
2004/07/14,09:42:00,6361,6364,6360,6361,56
2004/07/14,09:43:00,6360,6360,6358,6359,70
2004/07/14,09:44:00,6358,6361,6356,6361,36
2004/07/14,09:45:00,6360,6361,6359,6359,38
2004/07/14,09:46:00,6359,6360,6356,6358,40
2004/07/14,09:47:00,6358,6360,6352,6352,63
2004/07/14,09:48:00,6352,6353,6345,6349,279
2004/07/14,09:49:00,6344,6350,6344,6348,194
2004/07/14,09:50:00,6348,6350,6346,6346,168
2004/07/14,09:51:00,6346,6347,6335,6336,535
2004/07/14,09:52:00,6335,6340,6320,6335,913
2004/07/14,09:53:00,6335,6336,6327,6329,390
2004/07/14,09:54:00,6328,6335,6328,6335,231
2004/07/14,09:55:00,6335,6338,6333,6337,203
2004/07/14,09:56:00,6336,6337,6326,6330,378
2004/07/14,09:57:00,6330,6330,6312,6317,570
2004/07/14,09:58:00,6314,6323,6314,6320,452
2004/07/14,09:59:00,6320,6328,6319,6327,245
2004/07/14,10:00:00,6327,6328,6323,6325,164
2004/07/14,10:01:00,6325,6327,6323,6325,98
2004/07/14,10:02:00,6325,6327,6322,6325,94
2004/07/14,10:03:00,6324,6325,6322,6325,127
2004/07/14,10:04:00,6322,6324,6315,6316,380
2004/07/14,10:05:00,6317,6322,6316,6322,146
2004/07/14,10:06:00,6320,6325,6319,6325,153
2004/07/14,10:07:00,6323,6325,6322,6322,87
2004/07/14,10:08:00,6324,6324,6315,6319,257
2004/07/14,10:09:00,6317,6324,6317,6324,101
2004/07/14,10:10:00,6324,6325,6322,6323,66
2004/07/14,10:11:00,6323,6323,6319,6321,58
2004/07/14,10:12:00,6321,6323,6320,6323,39
2004/07/14,10:13:00,6322,6323,6318,6320,92
2004/07/14,10:14:00,6320,6320,6315,6315,158
2004/07/14,10:15:00,6315,6317,6309,6311,400
2004/07/14,10:16:00,6308,6315,6305,6315,438
2004/07/14,10:17:00,6311,6316,6311,6314,143
2004/07/14,10:18:00,6313,6317,6312,6317,176
2004/07/14,10:19:00,6315,6320,6315,6320,82
2004/07/14,10:20:00,6319,6322,6318,6322,130
2004/07/14,10:21:00,6322,6323,6319,6322,96
2004/07/14,10:22:00,6320,6324,6320,6324,108
2004/07/14,10:23:00,6323,6325,6323,6325,81
2004/07/14,10:24:00,6325,6327,6325,6326,77
2004/07/14,10:25:00,6326,6327,6325,6327,73
2004/07/14,10:26:00,6327,6330,6327,6328,120
2004/07/14,10:27:00,6327,6329,6324,6324,75
2004/07/14,10:28:00,6324,6326,6323,6325,23
2004/07/14,10:29:00,6323,6325,6323,6324,17
2004/07/14,10:30:00,6324,6325,6324,6325,9
2004/07/14,10:31:00,6325,6326,6325,6325,38
2004/07/14,10:32:00,6325,6326,6324,6325,53
2004/07/14,10:33:00,6324,6326,6324,6325,24
2004/07/14,10:34:00,6325,6326,6325,6326,13
2004/07/14,10:35:00,6326,6334,6326,6333,222
2004/07/14,10:36:00,6334,6334,6326,6330,90
2004/07/14,10:37:00,6325,6330,6325,6328,89
2004/07/14,10:38:00,6327,6330,6327,6329,43
2004/07/14,10:39:00,6329,6329,6326,6327,17
2004/07/14,10:40:00,6328,6329,6327,6329,19
2004/07/14,10:41:00,6329,6329,6326,6327,42
2004/07/14,10:42:00,6327,6328,6326,6327,25
2004/07/14,10:43:00,6325,6326,6325,6325,31
2004/07/14,10:44:00,6324,6325,6321,6323,56
2004/07/14,10:45:00,6323,6324,6321,6321,36
2004/07/14,10:46:00,6321,6322,6320,6322,109
2004/07/14,10:47:00,6322,6325,6322,6325,21
2004/07/14,10:48:00,6324,6325,6323,6325,9
2004/07/14,10:49:00,6325,6329,6324,6329,35
2004/07/14,10:50:00,6328,6329,6327,6328,56
2004/07/14,10:51:00,6327,6328,6326,6328,18
2004/07/14,10:52:00,6328,6328,6327,6328,8
2004/07/14,10:53:00,6329,6332,6329,6332,89
2004/07/14,10:54:00,6330,6332,6330,6332,27
2004/07/14,10:55:00,6332,6332,6330,6331,48
2004/07/14,10:56:00,6330,6332,6330,6330,40
2004/07/14,10:57:00,6330,6332,6330,6331,50
2004/07/14,10:58:00,6330,6332,6330,6332,17
2004/07/14,10:59:00,6332,6333,6330,6333,43
2004/07/14,11:00:00,6332,6335,6332,6335,79
2004/07/14,11:01:00,6334,6339,6334,6336,121
2004/07/14,11:02:00,6335,6336,6334,6335,75
2004/07/14,11:03:00,6334,6336,6332,6332,65
2004/07/14,11:04:00,6333,6335,6332,6333,35
2004/07/14,11:05:00,6333,6335,6332,6333,47
2004/07/14,11:06:00,6334,6335,6333,6333,47
2004/07/14,11:07:00,6332,6333,6331,6331,44
2004/07/14,11:08:00,6331,6332,6330,6330,54
2004/07/14,11:09:00,6330,6330,6328,6328,106
2004/07/14,11:10:00,6328,6329,6326,6327,39
2004/07/14,11:11:00,6327,6328,6326,6327,30
2004/07/14,11:12:00,6327,6328,6326,6327,37
2004/07/14,11:13:00,6326,6329,6326,6327,50
2004/07/14,11:14:00,6329,6331,6329,6331,49
2004/07/14,11:15:00,6330,6332,6330,6332,24
2004/07/14,11:16:00,6332,6332,6331,6332,17
2004/07/14,11:17:00,6331,6332,6330,6330,16
2004/07/14,11:18:00,6331,6331,6330,6330,8
2004/07/14,11:19:00,6330,6331,6330,6330,31
2004/07/14,11:20:00,6330,6330,6328,6328,20
2004/07/14,11:21:00,6329,6330,6329,6330,32
2004/07/14,11:22:00,6330,6330,6329,6330,31
2004/07/14,11:23:00,6330,6332,6330,6332,12
2004/07/14,11:24:00,6327,6333,6327,6330,124
2004/07/14,11:25:00,6329,6332,6329,6332,27
2004/07/14,11:26:00,6332,6332,6331,6331,11
2004/07/14,11:27:00,6331,6333,6331,6333,16
2004/07/14,11:28:00,6333,6335,6333,6335,47
2004/07/14,11:29:00,6335,6336,6334,6336,50
2004/07/14,11:30:00,6335,6337,6335,6335,32
2004/07/14,11:31:00,6336,6336,6334,6335,41
2004/07/14,11:32:00,6335,6335,6334,6335,53
2004/07/14,11:33:00,6335,6336,6334,6335,32
2004/07/14,11:34:00,6335,6336,6334,6335,19
2004/07/14,11:35:00,6335,6335,6334,6334,19
2004/07/14,11:36:00,6334,6334,6332,6332,20
2004/07/14,11:37:00,6331,6332,6330,6331,24
2004/07/14,11:38:00,6330,6331,6330,6331,27
2004/07/14,11:39:00,6330,6330,6326,6328,49
2004/07/14,11:40:00,6327,6330,6326,6330,43
2004/07/14,11:41:00,6328,6331,6327,6329,33
2004/07/14,11:42:00,6330,6336,6330,6336,55
2004/07/14,11:43:00,6335,6336,6334,6335,33
2004/07/14,11:44:00,6335,6335,6333,6333,16
2004/07/14,11:45:00,6333,6335,6332,6335,35
2004/07/14,11:46:00,6335,6348,6334,6340,292
2004/07/14,11:47:00,6348,6348,6342,6343,203
2004/07/14,11:48:00,6344,6357,6344,6355,289
2004/07/14,11:49:00,6354,6355,6350,6353,121
2004/07/14,11:50:00,6350,6352,6345,6349,132
2004/07/14,11:51:00,6349,6350,6347,6349,148
2004/07/14,11:52:00,6349,6355,6349,6351,212
2004/07/14,11:53:00,6352,6357,6350,6351,208
2004/07/14,11:54:00,6351,6353,6350,6351,73
2004/07/14,11:55:00,6350,6351,6348,6348,132
2004/07/14,11:56:00,6348,6349,6345,6345,59
2004/07/14,11:57:00,6345,6349,6345,6346,61
2004/07/14,11:58:00,6345,6349,6345,6349,43
2004/07/14,11:59:00,6348,6351,6348,6349,82
2004/07/14,12:00:00,6350,6350,6348,6349,28
2004/07/14,12:01:00,6348,6349,6345,6345,81
2004/07/14,12:02:00,6345,6346,6343,6344,44
2004/07/14,12:03:00,6343,6345,6342,6343,69
2004/07/14,12:04:00,6342,6344,6341,6343,46
2004/07/14,12:05:00,6344,6344,6340,6341,54
2004/07/14,12:06:00,6340,6341,6338,6340,54
2004/07/14,12:07:00,6340,6341,6338,6341,42
2004/07/14,12:08:00,6340,6342,6340,6341,9
2004/07/14,12:09:00,6342,6343,6341,6343,32
2004/07/14,12:10:00,6343,6345,6343,6345,44
2004/07/14,12:11:00,6345,6345,6340,6340,34
2004/07/14,12:12:00,6340,6340,6339,6339,25
2004/07/14,12:13:00,6339,6339,6338,6338,27
2004/07/14,12:14:00,6339,6339,6337,6339,39
2004/07/14,12:15:00,6337,6338,6336,6336,23
2004/07/14,12:16:00,6336,6339,6334,6337,81
2004/07/14,12:17:00,6337,6340,6337,6338,24
2004/07/14,12:18:00,6338,6341,6336,6341,85
2004/07/14,12:19:00,6341,6341,6332,6339,119
2004/07/14,12:20:00,6338,6338,6335,6335,46
2004/07/14,12:21:00,6335,6337,6334,6334,52
2004/07/14,12:22:00,6334,6336,6333,6335,23
2004/07/14,12:23:00,6336,6336,6333,6334,33
2004/07/14,12:24:00,6335,6335,6328,6328,168
2004/07/14,12:25:00,6330,6333,6326,6333,83
2004/07/14,12:26:00,6329,6330,6327,6329,52
2004/07/14,12:27:00,6329,6329,6326,6326,55
2004/07/14,12:28:00,6325,6327,6324,6326,68
2004/07/14,12:29:00,6325,6326,6322,6323,117
2004/07/14,12:30:00,6323,6325,6320,6323,116
2004/07/14,12:31:00,6324,6328,6323,6328,37
2004/07/14,12:32:00,6327,6330,6327,6328,37
2004/07/14,12:33:00,6328,6329,6327,6328,40
2004/07/14,12:34:00,6327,6328,6326,6327,36
2004/07/14,12:35:00,6326,6328,6325,6326,24
2004/07/14,12:36:00,6325,6326,6323,6325,58
2004/07/14,12:37:00,6322,6326,6322,6325,39
2004/07/14,12:38:00,6323,6324,6321,6321,65
2004/07/14,12:39:00,6321,6323,6320,6322,88
2004/07/14,12:40:00,6322,6322,6318,6319,211
2004/07/14,12:41:00,6319,6320,6312,6318,230
2004/07/14,12:42:00,6313,6323,6313,6322,117
2004/07/14,12:43:00,6323,6323,6320,6322,60
2004/07/14,12:44:00,6321,6325,6320,6324,41
2004/07/14,12:45:00,6324,6325,6322,6324,42
2004/07/14,12:46:00,6322,6324,6322,6324,59
2004/07/14,12:47:00,6324,6324,6322,6324,32
2004/07/14,12:48:00,6324,6324,6323,6323,39
2004/07/14,12:49:00,6323,6324,6322,6324,46
2004/07/14,12:50:00,6324,6325,6323,6325,19
2004/07/14,12:51:00,6324,6325,6321,6321,72
2004/07/14,12:52:00,6322,6324,6320,6320,109
2004/07/14,12:53:00,6318,6320,6315,6316,83
2004/07/14,12:54:00,6315,6316,6310,6312,249
2004/07/14,12:55:00,6312,6318,6311,6317,77
2004/07/14,12:56:00,6318,6318,6314,6317,113
2004/07/14,12:57:00,6315,6317,6314,6315,83
2004/07/14,12:58:00,6314,6315,6313,6315,66
2004/07/14,12:59:00,6315,6318,6312,6315,151
2004/07/14,13:00:00,6312,6315,6310,6310,137
2004/07/14,13:01:00,6310,6311,6298,6301,750
2004/07/14,13:02:00,6301,6312,6301,6310,168
2004/07/14,13:03:00,6310,6313,6309,6312,112
2004/07/14,13:04:00,6310,6312,6310,6312,61
2004/07/14,13:05:00,6312,6315,6311,6313,98
2004/07/14,13:06:00,6313,6314,6311,6312,44
2004/07/14,13:07:00,6314,6314,6312,6313,36
2004/07/14,13:08:00,6312,6314,6311,6314,35
2004/07/14,13:09:00,6312,6313,6311,6311,53
2004/07/14,13:10:00,6311,6313,6307,6308,129
2004/07/14,13:11:00,6307,6308,6300,6305,309
2004/07/14,13:12:00,6303,6307,6303,6305,105
2004/07/14,13:13:00,6305,6308,6305,6307,63
2004/07/14,13:14:00,6307,6308,6306,6307,64
2004/07/14,13:15:00,6308,6309,6307,6308,45
2004/07/14,13:16:00,6309,6312,6307,6310,96
2004/07/14,13:17:00,6310,6312,6309,6311,62
2004/07/14,13:18:00,6312,6313,6310,6311,61
2004/07/14,13:19:00,6310,6312,6310,6311,33
2004/07/14,13:20:00,6310,6312,6308,6308,52
2004/07/14,13:21:00,6308,6310,6306,6308,53
2004/07/14,13:22:00,6308,6308,6300,6303,220
2004/07/14,13:23:00,6301,6304,6298,6300,191
2004/07/14,13:24:00,6300,6303,6297,6302,115
2004/07/14,13:25:00,6301,6305,6300,6304,118
2004/07/14,13:26:00,6304,6307,6303,6307,55
2004/07/14,13:27:00,6305,6307,6303,6304,62
2004/07/14,13:28:00,6303,6305,6302,6304,61
2004/07/14,13:29:00,6302,6305,6302,6303,68
2004/07/14,13:30:00,6302,6305,6302,6303,70
2004/07/14,13:31:00,6303,6309,6302,6307,183
2004/07/14,13:32:00,6308,6309,6306,6308,133
2004/07/14,13:33:00,6308,6316,6306,6312,244
2004/07/14,13:34:00,6312,6314,6308,6310,167
2004/07/14,13:35:00,6310,6311,6309,6310,156
2004/07/14,13:36:00,6310,6312,6308,6310,245
2004/07/14,13:37:00,6310,6311,6309,6309,124
2004/07/14,13:38:00,6310,6312,6309,6311,165
2004/07/14,13:39:00,6310,6312,6310,6312,186
2004/07/14,13:40:00,6311,6313,6311,6312,194
2004/07/14,13:41:00,6311,6312,6311,6312,4
2004/07/14,13:42:00,6312,6312,6312,6312,0
2004/07/14,13:43:00,6312,6312,6312,6312,0
2004/07/14,13:44:00,6312,6312,6312,6312,0
2004/07/14,13:45:00,6308,6308,6308,6308,620
