Date,Time,Open,High,Low,Close,Volume
2004/09/17,08:46:00,6683,6687,6682,6686,171
2004/09/17,08:47:00,6688,6688,6683,6685,107
2004/09/17,08:48:00,6684,6685,6679,6681,126
2004/09/17,08:49:00,6679,6682,6678,6681,107
2004/09/17,08:50:00,6681,6682,6679,6680,65
2004/09/17,08:51:00,6680,6681,6679,6681,99
2004/09/17,08:52:00,6681,6683,6680,6683,76
2004/09/17,08:53:00,6683,6685,6682,6684,72
2004/09/17,08:54:00,6683,6686,6683,6685,55
2004/09/17,08:55:00,6685,6690,6683,6688,65
2004/09/17,08:56:00,6688,6692,6688,6691,43
2004/09/17,08:57:00,6691,6691,6689,6691,52
2004/09/17,08:58:00,6691,6694,6690,6693,57
2004/09/17,08:59:00,6692,6694,6691,6692,78
2004/09/17,09:00:00,6692,6694,6690,6691,65
2004/09/17,09:01:00,6691,6692,6688,6691,78
2004/09/17,09:02:00,6688,6693,6688,6689,107
2004/09/17,09:03:00,6689,6691,6686,6689,159
2004/09/17,09:04:00,6688,6693,6685,6685,172
2004/09/17,09:05:00,6685,6688,6683,6686,149
2004/09/17,09:06:00,6686,6688,6686,6688,81
2004/09/17,09:07:00,6687,6689,6686,6687,37
2004/09/17,09:08:00,6687,6688,6685,6685,62
2004/09/17,09:09:00,6685,6687,6682,6682,161
2004/09/17,09:10:00,6682,6683,6679,6680,94
2004/09/17,09:11:00,6681,6682,6678,6678,110
2004/09/17,09:12:00,6679,6681,6678,6681,152
2004/09/17,09:13:00,6680,6682,6679,6681,36
2004/09/17,09:14:00,6681,6683,6679,6683,81
2004/09/17,09:15:00,6684,6685,6681,6685,29
2004/09/17,09:16:00,6685,6685,6682,6683,47
2004/09/17,09:17:00,6683,6683,6681,6683,62
2004/09/17,09:18:00,6682,6682,6681,6682,33
2004/09/17,09:19:00,6681,6682,6673,6673,174
2004/09/17,09:20:00,6673,6675,6669,6671,185
2004/09/17,09:21:00,6669,6671,6663,6667,205
2004/09/17,09:22:00,6663,6667,6661,6667,368
2004/09/17,09:23:00,6666,6668,6665,6668,74
2004/09/17,09:24:00,6667,6668,6664,6666,108
2004/09/17,09:25:00,6665,6666,6658,6663,232
2004/09/17,09:26:00,6658,6661,6654,6659,275
2004/09/17,09:27:00,6658,6663,6658,6660,168
2004/09/17,09:28:00,6660,6662,6660,6661,190
2004/09/17,09:29:00,6661,6664,6661,6663,153
2004/09/17,09:30:00,6663,6665,6662,6664,105
2004/09/17,09:31:00,6664,6665,6662,6665,76
2004/09/17,09:32:00,6664,6665,6661,6665,140
2004/09/17,09:33:00,6664,6666,6664,6666,74
2004/09/17,09:34:00,6665,6670,6665,6670,88
2004/09/17,09:35:00,6670,6673,6669,6671,72
2004/09/17,09:36:00,6672,6672,6669,6669,103
2004/09/17,09:37:00,6670,6671,6667,6668,88
2004/09/17,09:38:00,6667,6668,6665,6666,65
2004/09/17,09:39:00,6665,6666,6661,6663,136
2004/09/17,09:40:00,6663,6664,6661,6662,115
2004/09/17,09:41:00,6661,6662,6659,6660,124
2004/09/17,09:42:00,6661,6661,6658,6661,72
2004/09/17,09:43:00,6658,6661,6658,6660,52
2004/09/17,09:44:00,6658,6660,6658,6659,87
2004/09/17,09:45:00,6659,6661,6659,6661,42
2004/09/17,09:46:00,6660,6664,6660,6664,97
2004/09/17,09:47:00,6664,6667,6662,6667,60
2004/09/17,09:48:00,6666,6667,6665,6667,52
2004/09/17,09:49:00,6666,6667,6664,6666,74
2004/09/17,09:50:00,6664,6666,6663,6663,78
2004/09/17,09:51:00,6664,6664,6658,6659,106
2004/09/17,09:52:00,6659,6660,6654,6655,202
2004/09/17,09:53:00,6654,6656,6646,6651,488
2004/09/17,09:54:00,6650,6652,6648,6652,180
2004/09/17,09:55:00,6652,6656,6651,6656,161
2004/09/17,09:56:00,6652,6656,6652,6654,104
2004/09/17,09:57:00,6653,6656,6653,6656,82
2004/09/17,09:58:00,6655,6661,6655,6658,93
2004/09/17,09:59:00,6659,6659,6655,6657,82
2004/09/17,10:00:00,6656,6657,6654,6654,42
2004/09/17,10:01:00,6654,6656,6651,6651,105
2004/09/17,10:02:00,6651,6651,6642,6643,543
2004/09/17,10:03:00,6643,6647,6641,6646,305
2004/09/17,10:04:00,6645,6647,6644,6646,150
2004/09/17,10:05:00,6645,6646,6644,6644,98
2004/09/17,10:06:00,6645,6646,6638,6641,276
2004/09/17,10:07:00,6641,6642,6638,6640,228
2004/09/17,10:08:00,6638,6640,6623,6628,878
2004/09/17,10:09:00,6628,6633,6627,6630,247
2004/09/17,10:10:00,6632,6632,6627,6630,356
2004/09/17,10:11:00,6629,6632,6627,6632,261
2004/09/17,10:12:00,6630,6637,6630,6635,251
2004/09/17,10:13:00,6635,6639,6635,6639,153
2004/09/17,10:14:00,6638,6643,6638,6642,132
2004/09/17,10:15:00,6640,6644,6640,6644,138
2004/09/17,10:16:00,6644,6644,6640,6640,98
2004/09/17,10:17:00,6640,6641,6638,6639,132
2004/09/17,10:18:00,6638,6641,6638,6640,87
2004/09/17,10:19:00,6640,6644,6640,6643,119
2004/09/17,10:20:00,6643,6643,6641,6642,61
2004/09/17,10:21:00,6643,6643,6640,6641,110
2004/09/17,10:22:00,6640,6641,6639,6640,57
2004/09/17,10:23:00,6639,6641,6639,6640,78
2004/09/17,10:24:00,6641,6641,6639,6641,48
2004/09/17,10:25:00,6641,6642,6640,6642,46
2004/09/17,10:26:00,6642,6646,6642,6645,104
2004/09/17,10:27:00,6644,6647,6643,6646,64
2004/09/17,10:28:00,6646,6650,6645,6648,121
2004/09/17,10:29:00,6649,6649,6646,6648,146
2004/09/17,10:30:00,6647,6648,6645,6646,124
2004/09/17,10:31:00,6646,6647,6645,6646,66
2004/09/17,10:32:00,6646,6647,6645,6646,77
2004/09/17,10:33:00,6645,6646,6643,6646,124
2004/09/17,10:34:00,6645,6645,6643,6645,85
2004/09/17,10:35:00,6644,6644,6640,6641,76
2004/09/17,10:36:00,6641,6642,6638,6642,108
2004/09/17,10:37:00,6642,6643,6640,6643,32
2004/09/17,10:38:00,6643,6645,6642,6645,31
2004/09/17,10:39:00,6645,6649,6645,6648,111
2004/09/17,10:40:00,6649,6650,6646,6647,81
2004/09/17,10:41:00,6647,6648,6645,6647,46
2004/09/17,10:42:00,6647,6648,6646,6648,49
2004/09/17,10:43:00,6647,6648,6646,6647,25
2004/09/17,10:44:00,6646,6647,6646,6646,8
2004/09/17,10:45:00,6647,6647,6646,6646,25
2004/09/17,10:46:00,6645,6646,6644,6644,19
2004/09/17,10:47:00,6644,6646,6644,6644,35
2004/09/17,10:48:00,6645,6646,6644,6644,14
2004/09/17,10:49:00,6646,6646,6644,6644,6
2004/09/17,10:50:00,6645,6645,6643,6643,25
2004/09/17,10:51:00,6644,6644,6641,6641,58
2004/09/17,10:52:00,6643,6644,6641,6643,17
2004/09/17,10:53:00,6644,6644,6642,6642,19
2004/09/17,10:54:00,6643,6643,6641,6642,47
2004/09/17,10:55:00,6642,6642,6641,6641,28
2004/09/17,10:56:00,6641,6643,6640,6643,55
2004/09/17,10:57:00,6643,6643,6640,6640,12
2004/09/17,10:58:00,6641,6641,6639,6641,50
2004/09/17,10:59:00,6640,6642,6639,6642,20
2004/09/17,11:00:00,6641,6644,6640,6644,36
2004/09/17,11:01:00,6643,6644,6640,6640,53
2004/09/17,11:02:00,6641,6641,6638,6638,128
2004/09/17,11:03:00,6638,6638,6635,6638,109
2004/09/17,11:04:00,6636,6639,6636,6638,38
2004/09/17,11:05:00,6638,6639,6637,6637,60
2004/09/17,11:06:00,6637,6638,6634,6635,53
2004/09/17,11:07:00,6634,6637,6633,6633,95
2004/09/17,11:08:00,6634,6634,6632,6633,233
2004/09/17,11:09:00,6633,6639,6633,6639,134
2004/09/17,11:10:00,6639,6643,6637,6639,50
2004/09/17,11:11:00,6638,6641,6638,6641,50
2004/09/17,11:12:00,6640,6643,6640,6643,39
2004/09/17,11:13:00,6642,6643,6641,6642,30
2004/09/17,11:14:00,6643,6643,6641,6643,40
2004/09/17,11:15:00,6642,6644,6641,6644,22
2004/09/17,11:16:00,6643,6645,6643,6645,26
2004/09/17,11:17:00,6644,6646,6644,6646,30
2004/09/17,11:18:00,6645,6647,6645,6647,30
2004/09/17,11:19:00,6647,6650,6647,6649,71
2004/09/17,11:20:00,6649,6651,6649,6651,108
2004/09/17,11:21:00,6651,6652,6650,6651,124
2004/09/17,11:22:00,6652,6653,6650,6651,50
2004/09/17,11:23:00,6651,6652,6650,6650,94
2004/09/17,11:24:00,6648,6650,6644,6649,83
2004/09/17,11:25:00,6648,6652,6648,6651,49
2004/09/17,11:26:00,6652,6652,6649,6652,43
2004/09/17,11:27:00,6650,6652,6650,6652,33
2004/09/17,11:28:00,6652,6658,6652,6654,179
2004/09/17,11:29:00,6656,6657,6654,6656,97
2004/09/17,11:30:00,6655,6657,6655,6655,94
2004/09/17,11:31:00,6655,6663,6654,6662,466
2004/09/17,11:32:00,6662,6664,6656,6659,140
2004/09/17,11:33:00,6658,6661,6658,6661,152
2004/09/17,11:34:00,6659,6664,6659,6663,163
2004/09/17,11:35:00,6662,6665,6660,6661,97
2004/09/17,11:36:00,6662,6662,6660,6660,38
2004/09/17,11:37:00,6661,6661,6655,6657,57
2004/09/17,11:38:00,6657,6657,6655,6655,16
2004/09/17,11:39:00,6655,6656,6654,6655,34
2004/09/17,11:40:00,6654,6655,6654,6654,18
2004/09/17,11:41:00,6654,6655,6654,6654,33
2004/09/17,11:42:00,6653,6655,6653,6654,33
2004/09/17,11:43:00,6655,6655,6654,6655,14
2004/09/17,11:44:00,6655,6656,6654,6654,35
2004/09/17,11:45:00,6655,6655,6654,6655,20
2004/09/17,11:46:00,6656,6661,6656,6660,187
2004/09/17,11:47:00,6659,6662,6658,6658,143
2004/09/17,11:48:00,6659,6659,6656,6658,45
2004/09/17,11:49:00,6657,6657,6655,6657,46
2004/09/17,11:50:00,6657,6657,6656,6657,9
2004/09/17,11:51:00,6657,6657,6655,6655,19
2004/09/17,11:52:00,6655,6656,6653,6653,92
2004/09/17,11:53:00,6654,6654,6650,6650,66
2004/09/17,11:54:00,6649,6650,6646,6648,189
2004/09/17,11:55:00,6648,6651,6646,6651,141
2004/09/17,11:56:00,6651,6652,6650,6651,35
2004/09/17,11:57:00,6650,6651,6650,6651,27
2004/09/17,11:58:00,6650,6651,6649,6650,30
2004/09/17,11:59:00,6649,6650,6647,6647,38
2004/09/17,12:00:00,6648,6648,6647,6648,20
2004/09/17,12:01:00,6647,6649,6647,6649,41
2004/09/17,12:02:00,6649,6649,6648,6649,11
2004/09/17,12:03:00,6648,6650,6648,6650,10
2004/09/17,12:04:00,6649,6652,6649,6649,22
2004/09/17,12:05:00,6649,6651,6649,6649,24
2004/09/17,12:06:00,6649,6650,6649,6650,7
2004/09/17,12:07:00,6649,6650,6649,6650,17
2004/09/17,12:08:00,6651,6651,6649,6650,27
2004/09/17,12:09:00,6651,6652,6650,6652,18
2004/09/17,12:10:00,6652,6652,6649,6650,4
2004/09/17,12:11:00,6651,6651,6650,6651,7
2004/09/17,12:12:00,6650,6651,6648,6648,43
2004/09/17,12:13:00,6648,6648,6646,6646,37
2004/09/17,12:14:00,6645,6646,6643,6643,74
2004/09/17,12:15:00,6643,6646,6642,6646,72
2004/09/17,12:16:00,6646,6647,6644,6645,19
2004/09/17,12:17:00,6645,6646,6644,6644,12
2004/09/17,12:18:00,6645,6645,6641,6642,77
2004/09/17,12:19:00,6643,6643,6641,6643,26
2004/09/17,12:20:00,6642,6643,6641,6643,91
2004/09/17,12:21:00,6644,6644,6641,6642,35
2004/09/17,12:22:00,6642,6644,6642,6643,47
2004/09/17,12:23:00,6642,6643,6638,6639,213
2004/09/17,12:24:00,6639,6642,6639,6641,43
2004/09/17,12:25:00,6641,6644,6641,6643,76
2004/09/17,12:26:00,6643,6645,6642,6645,32
2004/09/17,12:27:00,6643,6645,6643,6644,18
2004/09/17,12:28:00,6644,6645,6643,6645,29
2004/09/17,12:29:00,6644,6645,6643,6644,50
2004/09/17,12:30:00,6645,6646,6644,6645,16
2004/09/17,12:31:00,6646,6646,6644,6645,15
2004/09/17,12:32:00,6645,6647,6644,6645,15
2004/09/17,12:33:00,6644,6647,6644,6646,13
2004/09/17,12:34:00,6647,6651,6647,6651,46
2004/09/17,12:35:00,6649,6651,6649,6651,8
2004/09/17,12:36:00,6651,6651,6650,6650,13
2004/09/17,12:37:00,6651,6652,6650,6651,30
2004/09/17,12:38:00,6651,6652,6650,6650,23
2004/09/17,12:39:00,6651,6651,6650,6651,23
2004/09/17,12:40:00,6650,6652,6648,6652,53
2004/09/17,12:41:00,6650,6652,6649,6652,15
2004/09/17,12:42:00,6652,6654,6652,6654,95
2004/09/17,12:43:00,6653,6655,6653,6654,31
2004/09/17,12:44:00,6655,6655,6653,6653,24
2004/09/17,12:45:00,6653,6653,6652,6653,10
2004/09/17,12:46:00,6653,6653,6652,6652,28
2004/09/17,12:47:00,6653,6653,6649,6649,48
2004/09/17,12:48:00,6649,6649,6646,6647,21
2004/09/17,12:49:00,6646,6647,6640,6640,91
2004/09/17,12:50:00,6640,6652,6640,6649,96
2004/09/17,12:51:00,6650,6651,6646,6648,10
2004/09/17,12:52:00,6649,6651,6649,6651,10
2004/09/17,12:53:00,6651,6651,6650,6651,23
2004/09/17,12:54:00,6651,6653,6651,6652,58
2004/09/17,12:55:00,6653,6657,6653,6657,96
2004/09/17,12:56:00,6656,6657,6649,6652,88
2004/09/17,12:57:00,6649,6652,6649,6652,6
2004/09/17,12:58:00,6651,6652,6648,6648,35
2004/09/17,12:59:00,6646,6652,6646,6651,45
2004/09/17,13:00:00,6649,6651,6649,6651,25
2004/09/17,13:01:00,6651,6652,6650,6651,6
2004/09/17,13:02:00,6651,6651,6650,6650,14
2004/09/17,13:03:00,6649,6649,6647,6647,25
2004/09/17,13:04:00,6646,6648,6644,6648,21
2004/09/17,13:05:00,6646,6648,6645,6648,23
2004/09/17,13:06:00,6648,6649,6646,6646,22
2004/09/17,13:07:00,6645,6648,6645,6648,13
2004/09/17,13:08:00,6646,6648,6646,6646,49
2004/09/17,13:09:00,6647,6647,6645,6645,62
2004/09/17,13:10:00,6645,6647,6645,6647,12
2004/09/17,13:11:00,6646,6646,6644,6645,18
2004/09/17,13:12:00,6645,6646,6644,6645,19
2004/09/17,13:13:00,6645,6647,6645,6647,31
2004/09/17,13:14:00,6647,6647,6646,6647,14
2004/09/17,13:15:00,6646,6648,6645,6646,18
2004/09/17,13:16:00,6646,6646,6643,6643,58
2004/09/17,13:17:00,6643,6645,6643,6643,56
2004/09/17,13:18:00,6643,6643,6639,6639,119
2004/09/17,13:19:00,6639,6640,6638,6639,132
2004/09/17,13:20:00,6639,6640,6638,6639,113
2004/09/17,13:21:00,6638,6643,6637,6640,100
2004/09/17,13:22:00,6640,6642,6640,6640,42
2004/09/17,13:23:00,6639,6641,6638,6638,63
2004/09/17,13:24:00,6638,6639,6635,6636,80
2004/09/17,13:25:00,6636,6637,6634,6637,230
2004/09/17,13:26:00,6638,6639,6635,6637,127
2004/09/17,13:27:00,6638,6639,6637,6639,82
2004/09/17,13:28:00,6638,6641,6638,6639,66
2004/09/17,13:29:00,6640,6640,6638,6639,67
2004/09/17,13:30:00,6639,6639,6638,6639,26
2004/09/17,13:31:00,6639,6640,6634,6635,152
2004/09/17,13:32:00,6635,6637,6633,6634,153
2004/09/17,13:33:00,6634,6635,6630,6630,206
2004/09/17,13:34:00,6633,6633,6629,6631,146
2004/09/17,13:35:00,6630,6632,6629,6630,155
2004/09/17,13:36:00,6630,6632,6629,6629,131
2004/09/17,13:37:00,6629,6631,6628,6629,150
2004/09/17,13:38:00,6628,6629,6626,6626,210
2004/09/17,13:39:00,6625,6627,6624,6625,246
2004/09/17,13:40:00,6624,6626,6623,6624,311
2004/09/17,13:41:00,6624,6624,6624,6624,0
2004/09/17,13:42:00,6624,6624,6624,6624,0
2004/09/17,13:43:00,6624,6624,6624,6624,0
2004/09/17,13:44:00,6624,6624,6624,6624,0
2004/09/17,13:45:00,6620,6620,6620,6620,893
