Date,Time,Open,High,Low,Close,Volume
2001/07/06,08:46:00,4708,4718,4708,4718,106
2001/07/06,08:47:00,4714,4716,4713,4714,65
2001/07/06,08:48:00,4714,4716,4714,4716,55
2001/07/06,08:49:00,4718,4724,4718,4724,39
2001/07/06,08:50:00,4724,4726,4722,4726,33
2001/07/06,08:51:00,4726,4727,4724,4724,43
2001/07/06,08:52:00,4725,4725,4718,4718,43
2001/07/06,08:53:00,4718,4720,4716,4716,42
2001/07/06,08:54:00,4716,4716,4714,4714,42
2001/07/06,08:55:00,4713,4714,4712,4712,37
2001/07/06,08:56:00,4713,4713,4711,4713,22
2001/07/06,08:57:00,4711,4713,4710,4713,30
2001/07/06,08:58:00,4710,4714,4710,4714,9
2001/07/06,08:59:00,4715,4721,4715,4721,11
2001/07/06,09:00:00,4717,4721,4717,4721,25
2001/07/06,09:01:00,4720,4723,4716,4716,25
2001/07/06,09:02:00,4716,4716,4711,4713,41
2001/07/06,09:03:00,4717,4725,4717,4725,37
2001/07/06,09:04:00,4726,4744,4726,4733,52
2001/07/06,09:05:00,4734,4736,4734,4736,43
2001/07/06,09:06:00,4741,4742,4738,4738,51
2001/07/06,09:07:00,4740,4741,4736,4737,30
2001/07/06,09:08:00,4737,4737,4735,4736,40
2001/07/06,09:09:00,4736,4736,4728,4728,23
2001/07/06,09:10:00,4732,4733,4729,4733,34
2001/07/06,09:11:00,4733,4735,4731,4735,70
2001/07/06,09:12:00,4735,4735,4731,4734,10
2001/07/06,09:13:00,4732,4732,4730,4730,14
2001/07/06,09:14:00,4729,4729,4726,4726,39
2001/07/06,09:15:00,4726,4726,4722,4722,15
2001/07/06,09:16:00,4723,4725,4721,4723,14
2001/07/06,09:17:00,4722,4723,4719,4719,27
2001/07/06,09:18:00,4718,4719,4717,4718,24
2001/07/06,09:19:00,4716,4716,4713,4714,42
2001/07/06,09:20:00,4713,4713,4711,4712,17
2001/07/06,09:21:00,4712,4712,4711,4711,38
2001/07/06,09:22:00,4712,4715,4712,4714,36
2001/07/06,09:23:00,4716,4721,4716,4721,24
2001/07/06,09:24:00,4722,4723,4722,4723,9
2001/07/06,09:25:00,4724,4728,4724,4726,13
2001/07/06,09:26:00,4723,4728,4723,4728,21
2001/07/06,09:27:00,4728,4728,4726,4728,21
2001/07/06,09:28:00,4727,4731,4727,4729,45
2001/07/06,09:29:00,4730,4731,4729,4729,22
2001/07/06,09:30:00,4729,4730,4729,4729,29
2001/07/06,09:31:00,4730,4731,4729,4729,37
2001/07/06,09:32:00,4730,4730,4729,4730,9
2001/07/06,09:33:00,4731,4749,4731,4749,96
2001/07/06,09:34:00,4752,4760,4752,4757,103
2001/07/06,09:35:00,4759,4759,4755,4755,70
2001/07/06,09:36:00,4757,4761,4755,4761,89
2001/07/06,09:37:00,4761,4761,4756,4758,75
2001/07/06,09:38:00,4760,4766,4760,4766,90
2001/07/06,09:39:00,4774,4776,4774,4776,151
2001/07/06,09:40:00,4776,4781,4776,4776,180
2001/07/06,09:41:00,4776,4781,4776,4779,76
2001/07/06,09:42:00,4781,4782,4780,4780,99
2001/07/06,09:43:00,4779,4779,4776,4776,81
2001/07/06,09:44:00,4776,4776,4773,4773,62
2001/07/06,09:45:00,4773,4774,4771,4771,40
2001/07/06,09:46:00,4774,4775,4771,4774,56
2001/07/06,09:47:00,4774,4776,4774,4776,51
2001/07/06,09:48:00,4776,4778,4776,4776,168
2001/07/06,09:49:00,4780,4781,4779,4780,72
2001/07/06,09:50:00,4781,4789,4781,4789,115
2001/07/06,09:51:00,4789,4804,4789,4804,116
2001/07/06,09:52:00,4801,4801,4796,4796,82
2001/07/06,09:53:00,4799,4800,4793,4793,93
2001/07/06,09:54:00,4799,4801,4799,4801,85
2001/07/06,09:55:00,4798,4800,4796,4796,68
2001/07/06,09:56:00,4796,4796,4793,4793,59
2001/07/06,09:57:00,4790,4794,4787,4791,54
2001/07/06,09:58:00,4794,4795,4791,4795,30
2001/07/06,09:59:00,4792,4794,4792,4792,13
2001/07/06,10:00:00,4792,4792,4788,4788,26
2001/07/06,10:01:00,4788,4788,4787,4788,48
2001/07/06,10:02:00,4790,4790,4787,4789,24
2001/07/06,10:03:00,4788,4790,4788,4790,19
2001/07/06,10:04:00,4789,4792,4789,4792,36
2001/07/06,10:05:00,4793,4794,4792,4792,26
2001/07/06,10:06:00,4793,4796,4791,4796,80
2001/07/06,10:07:00,4792,4796,4792,4793,38
2001/07/06,10:08:00,4796,4796,4793,4796,47
2001/07/06,10:09:00,4795,4795,4793,4795,8
2001/07/06,10:10:00,4796,4799,4796,4799,37
2001/07/06,10:11:00,4797,4799,4796,4799,26
2001/07/06,10:12:00,4797,4799,4796,4796,22
2001/07/06,10:13:00,4796,4796,4796,4796,15
2001/07/06,10:14:00,4795,4800,4795,4796,38
2001/07/06,10:15:00,4796,4796,4792,4792,20
2001/07/06,10:16:00,4792,4792,4788,4788,17
2001/07/06,10:17:00,4788,4788,4786,4786,19
2001/07/06,10:18:00,4785,4786,4783,4783,12
2001/07/06,10:19:00,4786,4787,4783,4786,15
2001/07/06,10:20:00,4784,4787,4784,4786,19
2001/07/06,10:21:00,4785,4786,4783,4783,30
2001/07/06,10:22:00,4784,4784,4782,4783,13
2001/07/06,10:23:00,4785,4786,4785,4786,12
2001/07/06,10:24:00,4784,4786,4784,4785,6
2001/07/06,10:25:00,4786,4787,4785,4785,12
2001/07/06,10:26:00,4786,4786,4784,4784,12
2001/07/06,10:27:00,4785,4787,4785,4787,12
2001/07/06,10:28:00,4787,4788,4786,4786,19
2001/07/06,10:29:00,4785,4785,4783,4784,14
2001/07/06,10:30:00,4784,4785,4781,4781,11
2001/07/06,10:31:00,4781,4781,4779,4780,15
2001/07/06,10:32:00,4779,4783,4779,4783,23
2001/07/06,10:33:00,4782,4782,4782,4782,14
2001/07/06,10:34:00,4783,4783,4783,4783,11
2001/07/06,10:35:00,4784,4784,4784,4784,9
2001/07/06,10:36:00,4785,4785,4784,4784,8
2001/07/06,10:37:00,4784,4786,4784,4785,10
2001/07/06,10:38:00,4785,4786,4785,4786,19
2001/07/06,10:39:00,4790,4790,4787,4789,6
2001/07/06,10:40:00,4789,4790,4789,4790,10
2001/07/06,10:41:00,4788,4789,4787,4789,19
2001/07/06,10:42:00,4790,4790,4789,4790,15
2001/07/06,10:43:00,4790,4793,4790,4793,39
2001/07/06,10:44:00,4794,4794,4794,4794,18
2001/07/06,10:45:00,4795,4795,4794,4795,20
2001/07/06,10:46:00,4795,4796,4795,4796,15
2001/07/06,10:47:00,4796,4796,4795,4796,33
2001/07/06,10:48:00,4796,4796,4794,4794,13
2001/07/06,10:49:00,4794,4795,4793,4793,13
2001/07/06,10:50:00,4793,4794,4792,4792,20
2001/07/06,10:51:00,4793,4794,4791,4792,14
2001/07/06,10:52:00,4792,4792,4792,4792,2
2001/07/06,10:53:00,4793,4793,4792,4792,10
2001/07/06,10:54:00,4792,4793,4791,4791,14
2001/07/06,10:55:00,4792,4792,4791,4791,14
2001/07/06,10:56:00,4790,4790,4789,4790,14
2001/07/06,10:57:00,4789,4789,4786,4786,24
2001/07/06,10:58:00,4787,4787,4785,4785,16
2001/07/06,10:59:00,4785,4785,4784,4784,13
2001/07/06,11:00:00,4784,4784,4783,4783,8
2001/07/06,11:01:00,4783,4783,4780,4780,30
2001/07/06,11:02:00,4780,4780,4779,4779,25
2001/07/06,11:03:00,4778,4780,4778,4780,10
2001/07/06,11:04:00,4779,4782,4779,4782,14
2001/07/06,11:05:00,4785,4785,4781,4781,18
2001/07/06,11:06:00,4780,4781,4779,4779,27
2001/07/06,11:07:00,4778,4779,4778,4779,20
2001/07/06,11:08:00,4778,4780,4778,4778,18
2001/07/06,11:09:00,4780,4780,4777,4777,19
2001/07/06,11:10:00,4778,4778,4772,4772,51
2001/07/06,11:11:00,4772,4773,4772,4773,18
2001/07/06,11:12:00,4776,4776,4773,4776,11
2001/07/06,11:13:00,4776,4780,4776,4780,20
2001/07/06,11:14:00,4781,4782,4781,4782,9
2001/07/06,11:15:00,4782,4782,4781,4781,17
2001/07/06,11:16:00,4781,4781,4778,4778,6
2001/07/06,11:17:00,4778,4778,4777,4777,10
2001/07/06,11:18:00,4776,4776,4776,4776,11
2001/07/06,11:19:00,4776,4776,4774,4774,8
2001/07/06,11:20:00,4774,4776,4774,4774,11
2001/07/06,11:21:00,4774,4776,4771,4776,27
2001/07/06,11:22:00,4772,4774,4772,4772,12
2001/07/06,11:23:00,4771,4773,4771,4773,8
2001/07/06,11:24:00,4772,4772,4772,4772,9
2001/07/06,11:25:00,4771,4774,4771,4772,17
2001/07/06,11:26:00,4772,4776,4772,4776,14
2001/07/06,11:27:00,4776,4776,4775,4776,11
2001/07/06,11:28:00,4776,4780,4776,4780,35
2001/07/06,11:29:00,4780,4780,4779,4779,9
2001/07/06,11:30:00,4780,4780,4779,4779,8
2001/07/06,11:31:00,4779,4780,4779,4780,7
2001/07/06,11:32:00,4780,4781,4780,4780,6
2001/07/06,11:33:00,4781,4781,4780,4781,11
2001/07/06,11:34:00,4781,4781,4781,4781,12
2001/07/06,11:35:00,4783,4783,4782,4782,12
2001/07/06,11:36:00,4785,4785,4784,4785,8
2001/07/06,11:37:00,4786,4786,4785,4785,6
2001/07/06,11:38:00,4784,4785,4784,4784,9
2001/07/06,11:39:00,4783,4784,4781,4781,9
2001/07/06,11:40:00,4784,4784,4779,4781,7
2001/07/06,11:41:00,4781,4781,4777,4777,8
2001/07/06,11:42:00,4781,4781,4778,4778,9
2001/07/06,11:43:00,4778,4778,4778,4778,0
2001/07/06,11:44:00,4781,4782,4781,4782,13
2001/07/06,11:45:00,4782,4783,4782,4783,9
2001/07/06,11:46:00,4779,4783,4779,4783,4
2001/07/06,11:47:00,4783,4784,4783,4784,7
2001/07/06,11:48:00,4781,4784,4781,4784,5
2001/07/06,11:49:00,4782,4785,4782,4785,15
2001/07/06,11:50:00,4786,4786,4786,4786,17
2001/07/06,11:51:00,4785,4787,4785,4786,8
2001/07/06,11:52:00,4787,4787,4786,4787,8
2001/07/06,11:53:00,4786,4786,4784,4784,6
2001/07/06,11:54:00,4785,4785,4785,4785,2
2001/07/06,11:55:00,4783,4786,4783,4786,4
2001/07/06,11:56:00,4786,4786,4785,4786,6
2001/07/06,11:57:00,4786,4786,4783,4783,5
2001/07/06,11:58:00,4782,4782,4781,4781,11
2001/07/06,11:59:00,4780,4781,4780,4781,9
2001/07/06,12:00:00,4781,4786,4780,4780,22
2001/07/06,12:01:00,4785,4785,4785,4785,1
2001/07/06,12:02:00,4785,4785,4785,4785,1
2001/07/06,12:03:00,4781,4781,4781,4781,6
2001/07/06,12:04:00,4781,4781,4779,4779,11
2001/07/06,12:05:00,4781,4781,4777,4777,12
2001/07/06,12:06:00,4776,4776,4774,4774,24
2001/07/06,12:07:00,4774,4775,4774,4774,9
2001/07/06,12:08:00,4774,4774,4773,4773,13
2001/07/06,12:09:00,4771,4771,4766,4766,99
2001/07/06,12:10:00,4766,4766,4762,4763,31
2001/07/06,12:11:00,4763,4765,4763,4765,15
2001/07/06,12:12:00,4765,4766,4764,4766,15
2001/07/06,12:13:00,4766,4766,4764,4764,16
2001/07/06,12:14:00,4764,4764,4763,4764,16
2001/07/06,12:15:00,4764,4764,4763,4763,16
2001/07/06,12:16:00,4764,4764,4762,4763,15
2001/07/06,12:17:00,4764,4774,4764,4773,21
2001/07/06,12:18:00,4766,4772,4766,4771,5
2001/07/06,12:19:00,4767,4769,4766,4766,16
2001/07/06,12:20:00,4766,4766,4765,4765,31
2001/07/06,12:21:00,4765,4765,4764,4765,15
2001/07/06,12:22:00,4764,4765,4764,4765,12
2001/07/06,12:23:00,4765,4765,4764,4764,36
2001/07/06,12:24:00,4764,4765,4764,4765,18
2001/07/06,12:25:00,4763,4765,4763,4763,40
2001/07/06,12:26:00,4765,4765,4763,4764,15
2001/07/06,12:27:00,4765,4766,4764,4766,13
2001/07/06,12:28:00,4766,4766,4766,4766,25
2001/07/06,12:29:00,4771,4771,4766,4771,14
2001/07/06,12:30:00,4770,4773,4770,4773,11
2001/07/06,12:31:00,4774,4774,4774,4774,10
2001/07/06,12:32:00,4774,4774,4771,4774,7
2001/07/06,12:33:00,4772,4774,4772,4774,4
2001/07/06,12:34:00,4769,4772,4769,4771,4
2001/07/06,12:35:00,4773,4773,4772,4772,9
2001/07/06,12:36:00,4771,4773,4771,4773,9
2001/07/06,12:37:00,4770,4771,4770,4771,3
2001/07/06,12:38:00,4771,4772,4771,4772,2
2001/07/06,12:39:00,4771,4771,4770,4770,10
2001/07/06,12:40:00,4769,4770,4768,4770,6
2001/07/06,12:41:00,4767,4767,4766,4766,24
2001/07/06,12:42:00,4766,4766,4761,4761,36
2001/07/06,12:43:00,4761,4761,4758,4759,46
2001/07/06,12:44:00,4759,4761,4758,4761,14
2001/07/06,12:45:00,4761,4761,4759,4761,17
2001/07/06,12:46:00,4760,4761,4760,4761,24
2001/07/06,12:47:00,4760,4765,4760,4761,17
2001/07/06,12:48:00,4765,4766,4761,4766,8
2001/07/06,12:49:00,4762,4765,4762,4765,6
2001/07/06,12:50:00,4762,4762,4760,4760,19
2001/07/06,12:51:00,4759,4759,4758,4758,45
2001/07/06,12:52:00,4758,4761,4758,4761,11
2001/07/06,12:53:00,4761,4764,4761,4764,25
2001/07/06,12:54:00,4764,4766,4762,4762,20
2001/07/06,12:55:00,4765,4766,4765,4766,9
2001/07/06,12:56:00,4766,4768,4765,4765,16
2001/07/06,12:57:00,4765,4772,4765,4772,20
2001/07/06,12:58:00,4772,4772,4768,4772,14
2001/07/06,12:59:00,4771,4772,4771,4772,9
2001/07/06,13:00:00,4772,4773,4772,4773,9
2001/07/06,13:01:00,4773,4773,4773,4773,3
2001/07/06,13:02:00,4773,4773,4764,4764,41
2001/07/06,13:03:00,4764,4764,4758,4758,42
2001/07/06,13:04:00,4761,4761,4758,4758,33
2001/07/06,13:05:00,4757,4757,4755,4755,66
2001/07/06,13:06:00,4754,4754,4751,4751,49
2001/07/06,13:07:00,4752,4757,4752,4757,48
2001/07/06,13:08:00,4758,4759,4756,4758,20
2001/07/06,13:09:00,4755,4756,4755,4755,11
2001/07/06,13:10:00,4756,4756,4754,4755,21
2001/07/06,13:11:00,4754,4754,4752,4752,25
2001/07/06,13:12:00,4752,4753,4751,4751,37
2001/07/06,13:13:00,4752,4752,4750,4751,21
2001/07/06,13:14:00,4749,4754,4749,4754,22
2001/07/06,13:15:00,4755,4759,4755,4759,18
2001/07/06,13:16:00,4758,4758,4753,4753,9
2001/07/06,13:17:00,4753,4757,4753,4756,22
2001/07/06,13:18:00,4756,4756,4751,4751,25
2001/07/06,13:19:00,4750,4751,4749,4751,38
2001/07/06,13:20:00,4750,4752,4747,4747,63
2001/07/06,13:21:00,4746,4746,4741,4741,101
2001/07/06,13:22:00,4745,4747,4742,4747,42
2001/07/06,13:23:00,4747,4753,4747,4753,22
2001/07/06,13:24:00,4753,4753,4749,4753,11
2001/07/06,13:25:00,4751,4751,4748,4748,13
2001/07/06,13:26:00,4748,4748,4747,4748,20
2001/07/06,13:27:00,4748,4749,4746,4746,25
2001/07/06,13:28:00,4747,4747,4741,4741,66
2001/07/06,13:29:00,4741,4741,4739,4739,74
2001/07/06,13:30:00,4739,4741,4739,4741,41
2001/07/06,13:31:00,4745,4746,4742,4746,26
2001/07/06,13:32:00,4751,4751,4746,4746,20
2001/07/06,13:33:00,4747,4748,4747,4748,9
2001/07/06,13:34:00,4748,4749,4748,4748,10
2001/07/06,13:35:00,4748,4748,4746,4746,47
2001/07/06,13:36:00,4745,4745,4743,4745,35
2001/07/06,13:37:00,4743,4745,4743,4745,16
2001/07/06,13:38:00,4746,4748,4745,4748,29
2001/07/06,13:39:00,4746,4748,4746,4747,22
2001/07/06,13:40:00,4747,4748,4746,4748,33
2001/07/06,13:41:00,4747,4747,4747,4747,9
2001/07/06,13:42:00,4747,4747,4747,4747,0
2001/07/06,13:43:00,4747,4747,4747,4747,0
2001/07/06,13:44:00,4747,4747,4747,4747,0
2001/07/06,13:45:00,4762,4762,4762,4762,241
