Date,Time,Open,High,Low,Close,Volume
2012/07/03,08:46:00,11249,11257,11243,11254,1793
2012/07/03,08:47:00,11255,11260,11251,11252,1170
2012/07/03,08:48:00,11252,11256,11250,11255,489
2012/07/03,08:49:00,11254,11256,11252,11252,272
2012/07/03,08:50:00,11253,11253,11249,11250,375
2012/07/03,08:51:00,11250,11251,11247,11249,391
2012/07/03,08:52:00,11251,11251,11249,11249,147
2012/07/03,08:53:00,11250,11250,11247,11248,236
2012/07/03,08:54:00,11249,11251,11249,11249,133
2012/07/03,08:55:00,11249,11250,11248,11249,110
2012/07/03,08:56:00,11249,11250,11248,11249,134
2012/07/03,08:57:00,11250,11250,11247,11249,235
2012/07/03,08:58:00,11249,11249,11246,11246,274
2012/07/03,08:59:00,11246,11246,11239,11244,663
2012/07/03,09:00:00,11244,11247,11242,11245,361
2012/07/03,09:01:00,11245,11246,11242,11244,323
2012/07/03,09:02:00,11243,11244,11238,11238,423
2012/07/03,09:03:00,11239,11244,11238,11239,424
2012/07/03,09:04:00,11240,11240,11237,11240,311
2012/07/03,09:05:00,11241,11241,11237,11237,304
2012/07/03,09:06:00,11238,11239,11233,11238,616
2012/07/03,09:07:00,11237,11238,11236,11237,246
2012/07/03,09:08:00,11236,11237,11233,11236,310
2012/07/03,09:09:00,11236,11238,11234,11235,335
2012/07/03,09:10:00,11235,11237,11234,11236,239
2012/07/03,09:11:00,11237,11240,11236,11237,355
2012/07/03,09:12:00,11237,11239,11234,11237,309
2012/07/03,09:13:00,11236,11237,11235,11236,193
2012/07/03,09:14:00,11236,11239,11234,11238,225
2012/07/03,09:15:00,11239,11242,11238,11241,354
2012/07/03,09:16:00,11241,11241,11239,11240,272
2012/07/03,09:17:00,11239,11241,11238,11240,196
2012/07/03,09:18:00,11239,11241,11238,11239,224
2012/07/03,09:19:00,11239,11242,11239,11241,307
2012/07/03,09:20:00,11241,11244,11239,11241,467
2012/07/03,09:21:00,11241,11243,11240,11242,275
2012/07/03,09:22:00,11243,11246,11240,11242,579
2012/07/03,09:23:00,11241,11243,11240,11241,234
2012/07/03,09:24:00,11241,11244,11241,11244,155
2012/07/03,09:25:00,11244,11245,11242,11243,200
2012/07/03,09:26:00,11243,11244,11241,11243,189
2012/07/03,09:27:00,11243,11244,11241,11242,204
2012/07/03,09:28:00,11242,11247,11241,11245,460
2012/07/03,09:29:00,11246,11247,11243,11244,204
2012/07/03,09:30:00,11244,11247,11243,11245,211
2012/07/03,09:31:00,11246,11251,11246,11251,763
2012/07/03,09:32:00,11251,11253,11249,11249,711
2012/07/03,09:33:00,11249,11250,11247,11248,221
2012/07/03,09:34:00,11248,11251,11248,11249,290
2012/07/03,09:35:00,11249,11250,11247,11249,325
2012/07/03,09:36:00,11247,11249,11243,11247,566
2012/07/03,09:37:00,11247,11250,11246,11247,350
2012/07/03,09:38:00,11246,11248,11245,11245,332
2012/07/03,09:39:00,11246,11247,11243,11243,189
2012/07/03,09:40:00,11244,11246,11243,11243,229
2012/07/03,09:41:00,11244,11244,11241,11243,313
2012/07/03,09:42:00,11243,11245,11242,11245,131
2012/07/03,09:43:00,11245,11246,11243,11245,118
2012/07/03,09:44:00,11244,11245,11243,11244,84
2012/07/03,09:45:00,11243,11244,11243,11243,94
2012/07/03,09:46:00,11244,11244,11242,11243,110
2012/07/03,09:47:00,11243,11246,11243,11246,238
2012/07/03,09:48:00,11246,11248,11245,11248,220
2012/07/03,09:49:00,11248,11248,11246,11246,94
2012/07/03,09:50:00,11247,11248,11245,11247,166
2012/07/03,09:51:00,11247,11258,11247,11257,1362
2012/07/03,09:52:00,11257,11277,11256,11269,3960
2012/07/03,09:53:00,11268,11273,11268,11270,854
2012/07/03,09:54:00,11269,11271,11268,11269,639
2012/07/03,09:55:00,11270,11287,11270,11284,2512
2012/07/03,09:56:00,11284,11291,11282,11284,1641
2012/07/03,09:57:00,11285,11285,11283,11283,532
2012/07/03,09:58:00,11283,11286,11283,11286,354
2012/07/03,09:59:00,11285,11288,11283,11286,704
2012/07/03,10:00:00,11287,11290,11286,11290,575
2012/07/03,10:01:00,11290,11290,11282,11284,861
2012/07/03,10:02:00,11284,11286,11283,11285,242
2012/07/03,10:03:00,11284,11286,11284,11285,152
2012/07/03,10:04:00,11286,11287,11285,11286,330
2012/07/03,10:05:00,11287,11287,11285,11286,196
2012/07/03,10:06:00,11287,11297,11286,11295,1486
2012/07/03,10:07:00,11295,11297,11293,11295,646
2012/07/03,10:08:00,11296,11299,11295,11297,693
2012/07/03,10:09:00,11297,11301,11297,11300,616
2012/07/03,10:10:00,11301,11307,11301,11304,1388
2012/07/03,10:11:00,11304,11305,11299,11299,609
2012/07/03,10:12:00,11300,11303,11298,11301,574
2012/07/03,10:13:00,11302,11303,11300,11300,171
2012/07/03,10:14:00,11301,11301,11299,11299,202
2012/07/03,10:15:00,11299,11304,11299,11302,411
2012/07/03,10:16:00,11303,11304,11301,11303,338
2012/07/03,10:17:00,11302,11306,11302,11304,415
2012/07/03,10:18:00,11304,11305,11301,11302,291
2012/07/03,10:19:00,11301,11302,11300,11300,291
2012/07/03,10:20:00,11300,11301,11299,11299,143
2012/07/03,10:21:00,11300,11302,11299,11301,281
2012/07/03,10:22:00,11301,11302,11300,11302,157
2012/07/03,10:23:00,11301,11305,11301,11303,560
2012/07/03,10:24:00,11303,11305,11302,11304,266
2012/07/03,10:25:00,11304,11313,11304,11311,1448
2012/07/03,10:26:00,11311,11316,11310,11315,847
2012/07/03,10:27:00,11316,11317,11314,11316,517
2012/07/03,10:28:00,11317,11322,11316,11320,1437
2012/07/03,10:29:00,11320,11322,11319,11321,461
2012/07/03,10:30:00,11321,11322,11319,11322,441
2012/07/03,10:31:00,11320,11322,11317,11317,419
2012/07/03,10:32:00,11317,11319,11316,11316,328
2012/07/03,10:33:00,11316,11317,11315,11315,275
2012/07/03,10:34:00,11315,11319,11315,11319,191
2012/07/03,10:35:00,11318,11319,11316,11317,170
2012/07/03,10:36:00,11316,11318,11316,11317,155
2012/07/03,10:37:00,11317,11318,11316,11317,182
2012/07/03,10:38:00,11316,11317,11316,11316,123
2012/07/03,10:39:00,11316,11317,11314,11314,221
2012/07/03,10:40:00,11315,11318,11314,11316,330
2012/07/03,10:41:00,11317,11319,11316,11318,202
2012/07/03,10:42:00,11318,11319,11315,11316,164
2012/07/03,10:43:00,11315,11317,11315,11317,171
2012/07/03,10:44:00,11316,11317,11315,11315,65
2012/07/03,10:45:00,11315,11318,11315,11317,132
2012/07/03,10:46:00,11318,11318,11315,11317,150
2012/07/03,10:47:00,11316,11317,11314,11314,148
2012/07/03,10:48:00,11314,11315,11312,11313,323
2012/07/03,10:49:00,11314,11314,11311,11313,279
2012/07/03,10:50:00,11313,11315,11313,11313,184
2012/07/03,10:51:00,11314,11315,11313,11314,108
2012/07/03,10:52:00,11314,11314,11312,11312,105
2012/07/03,10:53:00,11313,11316,11312,11315,159
2012/07/03,10:54:00,11315,11316,11314,11315,129
2012/07/03,10:55:00,11315,11316,11313,11315,88
2012/07/03,10:56:00,11315,11316,11313,11313,173
2012/07/03,10:57:00,11313,11314,11313,11314,42
2012/07/03,10:58:00,11313,11316,11313,11315,85
2012/07/03,10:59:00,11316,11316,11315,11315,79
2012/07/03,11:00:00,11315,11317,11314,11316,168
2012/07/03,11:01:00,11317,11319,11316,11318,278
2012/07/03,11:02:00,11319,11320,11317,11319,269
2012/07/03,11:03:00,11319,11322,11318,11321,489
2012/07/03,11:04:00,11322,11324,11321,11321,740
2012/07/03,11:05:00,11321,11322,11320,11321,218
2012/07/03,11:06:00,11322,11323,11317,11318,180
2012/07/03,11:07:00,11318,11319,11317,11317,86
2012/07/03,11:08:00,11317,11319,11317,11318,78
2012/07/03,11:09:00,11318,11321,11318,11321,98
2012/07/03,11:10:00,11321,11321,11319,11319,145
2012/07/03,11:11:00,11319,11320,11318,11318,97
2012/07/03,11:12:00,11319,11319,11318,11319,24
2012/07/03,11:13:00,11318,11318,11317,11317,107
2012/07/03,11:14:00,11317,11318,11316,11317,223
2012/07/03,11:15:00,11317,11318,11316,11318,40
2012/07/03,11:16:00,11318,11318,11315,11315,161
2012/07/03,11:17:00,11315,11316,11313,11314,286
2012/07/03,11:18:00,11314,11315,11313,11314,119
2012/07/03,11:19:00,11314,11314,11311,11313,429
2012/07/03,11:20:00,11313,11315,11312,11315,119
2012/07/03,11:21:00,11314,11315,11313,11313,73
2012/07/03,11:22:00,11313,11315,11313,11314,62
2012/07/03,11:23:00,11314,11315,11313,11314,67
2012/07/03,11:24:00,11313,11315,11313,11314,97
2012/07/03,11:25:00,11315,11318,11314,11317,257
2012/07/03,11:26:00,11318,11318,11316,11317,108
2012/07/03,11:27:00,11318,11318,11315,11315,70
2012/07/03,11:28:00,11315,11317,11315,11317,54
2012/07/03,11:29:00,11316,11318,11315,11318,73
2012/07/03,11:30:00,11318,11318,11317,11318,78
2012/07/03,11:31:00,11318,11318,11316,11317,61
2012/07/03,11:32:00,11317,11318,11316,11318,82
2012/07/03,11:33:00,11318,11321,11317,11320,192
2012/07/03,11:34:00,11321,11321,11320,11320,149
2012/07/03,11:35:00,11320,11321,11319,11321,119
2012/07/03,11:36:00,11321,11326,11320,11326,429
2012/07/03,11:37:00,11326,11326,11323,11326,236
2012/07/03,11:38:00,11325,11326,11324,11324,230
2012/07/03,11:39:00,11324,11326,11324,11325,170
2012/07/03,11:40:00,11326,11328,11325,11328,280
2012/07/03,11:41:00,11328,11329,11326,11327,311
2012/07/03,11:42:00,11327,11327,11326,11327,81
2012/07/03,11:43:00,11327,11327,11325,11325,165
2012/07/03,11:44:00,11324,11325,11324,11325,39
2012/07/03,11:45:00,11324,11326,11324,11325,82
2012/07/03,11:46:00,11325,11326,11324,11326,115
2012/07/03,11:47:00,11326,11327,11325,11327,142
2012/07/03,11:48:00,11327,11329,11327,11329,152
2012/07/03,11:49:00,11329,11332,11328,11331,523
2012/07/03,11:50:00,11331,11331,11329,11331,200
2012/07/03,11:51:00,11331,11332,11330,11330,118
2012/07/03,11:52:00,11330,11332,11329,11329,158
2012/07/03,11:53:00,11329,11331,11328,11331,116
2012/07/03,11:54:00,11331,11332,11330,11331,148
2012/07/03,11:55:00,11330,11332,11330,11332,104
2012/07/03,11:56:00,11331,11333,11330,11331,235
2012/07/03,11:57:00,11330,11332,11330,11331,187
2012/07/03,11:58:00,11331,11332,11330,11330,141
2012/07/03,11:59:00,11330,11330,11328,11328,102
2012/07/03,12:00:00,11328,11330,11328,11330,79
2012/07/03,12:01:00,11329,11330,11328,11328,125
2012/07/03,12:02:00,11328,11330,11328,11330,118
2012/07/03,12:03:00,11330,11330,11328,11330,178
2012/07/03,12:04:00,11329,11336,11329,11335,476
2012/07/03,12:05:00,11334,11336,11331,11331,193
2012/07/03,12:06:00,11333,11333,11331,11332,99
2012/07/03,12:07:00,11331,11332,11330,11331,70
2012/07/03,12:08:00,11331,11332,11330,11332,97
2012/07/03,12:09:00,11332,11334,11331,11334,83
2012/07/03,12:10:00,11334,11336,11333,11334,182
2012/07/03,12:11:00,11335,11335,11332,11333,128
2012/07/03,12:12:00,11333,11333,11332,11332,72
2012/07/03,12:13:00,11332,11334,11332,11333,84
2012/07/03,12:14:00,11332,11334,11332,11333,48
2012/07/03,12:15:00,11334,11335,11333,11335,91
2012/07/03,12:16:00,11335,11336,11334,11335,129
2012/07/03,12:17:00,11335,11335,11334,11334,51
2012/07/03,12:18:00,11334,11336,11334,11336,82
2012/07/03,12:19:00,11334,11336,11334,11335,72
2012/07/03,12:20:00,11335,11340,11334,11339,491
2012/07/03,12:21:00,11340,11344,11338,11342,603
2012/07/03,12:22:00,11343,11346,11342,11345,429
2012/07/03,12:23:00,11345,11350,11344,11350,704
2012/07/03,12:24:00,11349,11352,11349,11352,549
2012/07/03,12:25:00,11352,11352,11349,11349,452
2012/07/03,12:26:00,11349,11350,11348,11349,326
2012/07/03,12:27:00,11349,11351,11348,11350,244
2012/07/03,12:28:00,11349,11350,11348,11348,200
2012/07/03,12:29:00,11348,11349,11346,11347,338
2012/07/03,12:30:00,11347,11348,11345,11346,186
2012/07/03,12:31:00,11346,11347,11344,11344,189
2012/07/03,12:32:00,11344,11344,11341,11342,491
2012/07/03,12:33:00,11342,11344,11341,11343,162
2012/07/03,12:34:00,11343,11344,11342,11342,112
2012/07/03,12:35:00,11343,11343,11340,11340,186
2012/07/03,12:36:00,11340,11342,11340,11342,139
2012/07/03,12:37:00,11342,11345,11341,11343,174
2012/07/03,12:38:00,11343,11344,11343,11344,133
2012/07/03,12:39:00,11343,11344,11343,11343,82
2012/07/03,12:40:00,11344,11344,11342,11343,91
2012/07/03,12:41:00,11342,11343,11341,11341,174
2012/07/03,12:42:00,11341,11342,11340,11341,246
2012/07/03,12:43:00,11342,11342,11340,11341,100
2012/07/03,12:44:00,11341,11342,11340,11341,67
2012/07/03,12:45:00,11341,11342,11340,11342,45
2012/07/03,12:46:00,11341,11342,11340,11341,86
2012/07/03,12:47:00,11342,11343,11341,11342,101
2012/07/03,12:48:00,11343,11344,11342,11344,94
2012/07/03,12:49:00,11344,11344,11343,11343,46
2012/07/03,12:50:00,11344,11344,11342,11342,70
2012/07/03,12:51:00,11343,11343,11342,11343,61
2012/07/03,12:52:00,11343,11343,11342,11342,29
2012/07/03,12:53:00,11342,11344,11342,11343,46
2012/07/03,12:54:00,11343,11344,11343,11343,102
2012/07/03,12:55:00,11343,11344,11342,11342,51
2012/07/03,12:56:00,11343,11345,11343,11345,101
2012/07/03,12:57:00,11345,11347,11344,11346,261
2012/07/03,12:58:00,11345,11346,11345,11346,71
2012/07/03,12:59:00,11346,11346,11344,11346,63
2012/07/03,13:00:00,11345,11346,11344,11344,94
2012/07/03,13:01:00,11344,11344,11343,11344,194
2012/07/03,13:02:00,11343,11344,11342,11343,187
2012/07/03,13:03:00,11344,11344,11340,11340,410
2012/07/03,13:04:00,11340,11341,11317,11328,2947
2012/07/03,13:05:00,11328,11328,11320,11322,793
2012/07/03,13:06:00,11321,11327,11319,11324,578
2012/07/03,13:07:00,11324,11325,11319,11322,489
2012/07/03,13:08:00,11323,11324,11321,11321,268
2012/07/03,13:09:00,11322,11322,11313,11316,863
2012/07/03,13:10:00,11316,11322,11313,11320,666
2012/07/03,13:11:00,11321,11321,11319,11320,178
2012/07/03,13:12:00,11320,11320,11318,11319,196
2012/07/03,13:13:00,11320,11320,11315,11315,242
2012/07/03,13:14:00,11315,11318,11315,11317,238
2012/07/03,13:15:00,11317,11319,11315,11317,248
2012/07/03,13:16:00,11317,11319,11315,11319,335
2012/07/03,13:17:00,11319,11320,11317,11319,198
2012/07/03,13:18:00,11319,11320,11318,11318,180
2012/07/03,13:19:00,11318,11319,11308,11311,1446
2012/07/03,13:20:00,11311,11313,11308,11310,513
2012/07/03,13:21:00,11310,11311,11304,11308,945
2012/07/03,13:22:00,11307,11309,11306,11308,300
2012/07/03,13:23:00,11308,11309,11306,11307,259
2012/07/03,13:24:00,11307,11308,11305,11306,338
2012/07/03,13:25:00,11306,11306,11303,11304,763
2012/07/03,13:26:00,11304,11306,11302,11306,530
2012/07/03,13:27:00,11306,11306,11304,11306,269
2012/07/03,13:28:00,11305,11306,11304,11305,259
2012/07/03,13:29:00,11305,11307,11305,11306,411
2012/07/03,13:30:00,11307,11308,11305,11308,508
2012/07/03,13:31:00,11307,11309,11306,11308,605
2012/07/03,13:32:00,11307,11308,11306,11308,332
2012/07/03,13:33:00,11307,11308,11306,11306,190
2012/07/03,13:34:00,11306,11306,11302,11302,685
2012/07/03,13:35:00,11301,11302,11299,11301,592
2012/07/03,13:36:00,11302,11304,11301,11304,475
2012/07/03,13:37:00,11304,11305,11303,11303,185
2012/07/03,13:38:00,11304,11305,11303,11304,175
2012/07/03,13:39:00,11304,11305,11303,11304,169
2012/07/03,13:40:00,11303,11304,11300,11300,633
2012/07/03,13:41:00,11301,11304,11300,11303,504
2012/07/03,13:42:00,11302,11304,11302,11303,286
2012/07/03,13:43:00,11302,11304,11302,11303,342
2012/07/03,13:44:00,11303,11303,11300,11300,580
2012/07/03,13:45:00,11300,11304,11299,11300,1271
